# Force coefficients
# liftDir    : (0.000000e+00 1.000000e+00 0.000000e+00)
# dragDir    : (1.000000e+00 0.000000e+00 0.000000e+00)
# pitchAxis  : (0.000000e+00 0.000000e+00 1.000000e+00)
# magUInf    : 5.148000e+01
# lRef       : 4.530000e-01
# Aref       : 4.348800e-01
# CofR       : (0.000000e+00 0.000000e+00 0.000000e+00)
# Time       	Cm           	Cd           	Cl           	Cl(f)        	Cl(r)        	Cm	Cd	Cl	Cl(f)	Cl(r)
1.000000e-03	-1.392450e-03	1.520099e-03	-2.344747e-03	-2.564824e-03	2.200768e-04
2.000000e-03	-5.244243e-03	5.903656e-03	-9.352773e-03	-9.920630e-03	5.678568e-04
3.000000e-03	-7.737900e-03	8.732335e-03	-1.448717e-02	-1.498149e-02	4.943137e-04
4.000000e-03	-8.150383e-03	9.195361e-03	-1.610030e-02	-1.620053e-02	1.002353e-04
5.000000e-03	-7.594802e-03	8.534854e-03	-1.609997e-02	-1.564479e-02	-4.551809e-04
6.000000e-03	-7.255561e-03	8.006746e-03	-1.655176e-02	-1.553144e-02	-1.020319e-03
7.000000e-03	-7.614870e-03	8.163145e-03	-1.819402e-02	-1.671188e-02	-1.482141e-03
8.000000e-03	-8.815344e-03	9.215458e-03	-2.125722e-02	-1.944396e-02	-1.813267e-03
9.000000e-03	-1.063192e-02	1.095887e-02	-2.540934e-02	-2.333659e-02	-2.072753e-03
1.000000e-02	-1.264220e-02	1.294003e-02	-2.990665e-02	-2.759552e-02	-2.311126e-03
1.100000e-02	-1.444511e-02	1.472101e-02	-3.407942e-02	-3.148482e-02	-2.594599e-03
1.200000e-02	-1.609725e-02	1.635401e-02	-3.802785e-02	-3.511117e-02	-2.916678e-03
1.300000e-02	-1.762795e-02	1.786469e-02	-4.184498e-02	-3.855044e-02	-3.294539e-03
1.400000e-02	-1.912274e-02	1.933477e-02	-4.566362e-02	-4.195455e-02	-3.709065e-03
1.500000e-02	-2.077115e-02	2.096902e-02	-4.983732e-02	-4.568981e-02	-4.147509e-03
1.600000e-02	-2.274321e-02	2.294113e-02	-5.471593e-02	-5.010117e-02	-4.614757e-03
1.700000e-02	-2.510679e-02	2.530542e-02	-6.046377e-02	-5.533868e-02	-5.125092e-03
1.800000e-02	-2.779005e-02	2.796991e-02	-6.698852e-02	-6.128431e-02	-5.704211e-03
1.900000e-02	-3.065274e-02	3.078955e-02	-7.403966e-02	-6.767257e-02	-6.367096e-03
2.000000e-02	-3.351876e-02	3.357963e-02	-8.122261e-02	-7.413007e-02	-7.092545e-03
2.100000e-02	-3.624762e-02	3.620246e-02	-8.820756e-02	-8.035140e-02	-7.856159e-03
2.200000e-02	-3.884170e-02	3.865380e-02	-9.497785e-02	-8.633063e-02	-8.647221e-03
2.300000e-02	-4.141408e-02	4.106340e-02	-1.017186e-01	-9.227336e-02	-9.445196e-03
2.400000e-02	-4.409623e-02	4.357435e-02	-1.086731e-01	-9.843277e-02	-1.024031e-02
2.500000e-02	-4.704827e-02	4.636411e-02	-1.161847e-01	-1.051406e-01	-1.104409e-02
2.600000e-02	-5.041685e-02	4.958647e-02	-1.245695e-01	-1.127016e-01	-1.186789e-02
2.700000e-02	-5.421098e-02	5.325387e-02	-1.338849e-01	-1.211534e-01	-1.273147e-02
2.800000e-02	-5.834551e-02	5.727382e-02	-1.439795e-01	-1.303353e-01	-1.364426e-02
2.900000e-02	-6.265512e-02	6.147250e-02	-1.545537e-01	-1.399320e-01	-1.462171e-02
3.000000e-02	-6.694889e-02	6.566217e-02	-1.651770e-01	-1.495374e-01	-1.563961e-02
3.100000e-02	-7.119598e-02	6.980643e-02	-1.757476e-01	-1.590698e-01	-1.667782e-02
3.200000e-02	-7.546594e-02	7.397555e-02	-1.863629e-01	-1.686474e-01	-1.771550e-02
3.300000e-02	-7.977261e-02	7.818064e-02	-1.970285e-01	-1.782869e-01	-1.874164e-02
3.400000e-02	-8.423476e-02	8.254627e-02	-2.079932e-01	-1.882314e-01	-1.976185e-02
3.500000e-02	-8.896969e-02	8.719329e-02	-2.195230e-01	-1.987312e-01	-2.079180e-02
3.600000e-02	-9.403197e-02	9.218533e-02	-2.316952e-01	-2.098796e-01	-2.181561e-02
3.700000e-02	-9.935655e-02	9.746221e-02	-2.443682e-01	-2.215407e-01	-2.282755e-02
3.800000e-02	-1.048974e-01	1.029682e-01	-2.574679e-01	-2.336313e-01	-2.383657e-02
3.900000e-02	-1.105410e-01	1.085926e-01	-2.707881e-01	-2.459351e-01	-2.485304e-02
4.000000e-02	-1.162576e-01	1.142898e-01	-2.843078e-01	-2.584115e-01	-2.589634e-02
4.100000e-02	-1.220361e-01	1.200558e-01	-2.979992e-01	-2.710357e-01	-2.696348e-02
4.200000e-02	-1.279235e-01	1.259309e-01	-3.119005e-01	-2.838738e-01	-2.802677e-02
4.300000e-02	-1.338630e-01	1.318810e-01	-3.257914e-01	-2.967587e-01	-2.903272e-02
4.400000e-02	-1.398165e-01	1.378616e-01	-3.395285e-01	-3.095807e-01	-2.994780e-02
4.500000e-02	-1.457690e-01	1.438886e-01	-3.529603e-01	-3.222491e-01	-3.071116e-02
4.600000e-02	-1.517050e-01	1.499262e-01	-3.660930e-01	-3.347516e-01	-3.134148e-02
4.700000e-02	-1.575801e-01	1.559575e-01	-3.787981e-01	-3.469791e-01	-3.181896e-02
4.800000e-02	-1.633247e-01	1.618918e-01	-3.909644e-01	-3.588069e-01	-3.215751e-02
4.900000e-02	-1.690010e-01	1.677962e-01	-4.027839e-01	-3.703929e-01	-3.239094e-02
5.000000e-02	-1.744345e-01	1.735006e-01	-4.138739e-01	-3.813715e-01	-3.250247e-02
5.100000e-02	-1.795773e-01	1.789605e-01	-4.241317e-01	-3.916431e-01	-3.248855e-02
5.200000e-02	-1.843016e-01	1.840432e-01	-4.332786e-01	-4.009409e-01	-3.233764e-02
5.300000e-02	-1.884543e-01	1.886143e-01	-4.409347e-01	-4.089216e-01	-3.201310e-02
5.400000e-02	-1.919545e-01	1.926034e-01	-4.468442e-01	-4.153766e-01	-3.146759e-02
5.500000e-02	-1.947927e-01	1.960132e-01	-4.509330e-01	-4.202592e-01	-3.067378e-02
5.600000e-02	-1.969703e-01	1.988544e-01	-4.531712e-01	-4.235559e-01	-2.961534e-02
5.700000e-02	-1.985411e-01	2.011839e-01	-4.536548e-01	-4.253685e-01	-2.828635e-02
5.800000e-02	-1.996059e-01	2.030899e-01	-4.526211e-01	-4.259165e-01	-2.670459e-02
5.900000e-02	-2.003220e-01	2.047188e-01	-4.504790e-01	-4.255615e-01	-2.491748e-02
6.000000e-02	-2.006881e-01	2.060469e-01	-4.473059e-01	-4.243411e-01	-2.296481e-02
6.100000e-02	-2.007457e-01	2.070987e-01	-4.432424e-01	-4.223669e-01	-2.087550e-02
6.200000e-02	-2.005094e-01	2.078813e-01	-4.383800e-01	-4.196994e-01	-1.868057e-02
6.300000e-02	-1.999401e-01	2.083489e-01	-4.327009e-01	-4.162905e-01	-1.641039e-02
6.400000e-02	-1.991766e-01	2.086172e-01	-4.265551e-01	-4.124542e-01	-1.410090e-02
6.500000e-02	-1.982888e-01	2.087577e-01	-4.201927e-01	-4.083851e-01	-1.180752e-02
6.600000e-02	-1.972711e-01	2.087549e-01	-4.137305e-01	-4.041364e-01	-9.594140e-03
6.700000e-02	-1.962173e-01	2.086389e-01	-4.074642e-01	-3.999494e-01	-7.514832e-03
6.800000e-02	-1.950676e-01	2.083808e-01	-4.011903e-01	-3.956628e-01	-5.527511e-03
6.900000e-02	-1.937893e-01	2.079414e-01	-3.947412e-01	-3.911599e-01	-3.581324e-03
7.000000e-02	-1.925609e-01	2.075402e-01	-3.883696e-01	-3.867457e-01	-1.623933e-03
7.100000e-02	-1.915491e-01	2.073141e-01	-3.824488e-01	-3.827735e-01	3.247002e-04
7.200000e-02	-1.910084e-01	2.075067e-01	-3.772262e-01	-3.796215e-01	2.395312e-03
7.300000e-02	-1.910168e-01	2.082020e-01	-3.731671e-01	-3.776004e-01	4.433220e-03
7.400000e-02	-1.917409e-01	2.093949e-01	-3.705150e-01	-3.769984e-01	6.483389e-03
7.500000e-02	-1.934141e-01	2.114423e-01	-3.705903e-01	-3.787092e-01	8.118908e-03
7.600000e-02	-1.954253e-01	2.137161e-01	-3.720426e-01	-3.814466e-01	9.404032e-03
7.700000e-02	-1.974517e-01	2.159455e-01	-3.744129e-01	-3.846581e-01	1.024520e-02
7.800000e-02	-1.990773e-01	2.177059e-01	-3.764132e-01	-3.872839e-01	1.087070e-02
7.900000e-02	-2.005618e-01	2.193111e-01	-3.786557e-01	-3.898897e-01	1.123393e-02
8.000000e-02	-2.018198e-01	2.206778e-01	-3.806719e-01	-3.921557e-01	1.148388e-02
8.100000e-02	-2.026400e-01	2.215667e-01	-3.822029e-01	-3.937414e-01	1.153852e-02
8.200000e-02	-2.026952e-01	2.216076e-01	-3.826994e-01	-3.940449e-01	1.134544e-02
8.300000e-02	-2.024606e-01	2.213505e-01	-3.829424e-01	-3.939318e-01	1.098936e-02
8.400000e-02	-2.023399e-01	2.212920e-01	-3.832749e-01	-3.939773e-01	1.070247e-02
8.500000e-02	-2.024406e-01	2.215322e-01	-3.839588e-01	-3.944199e-01	1.046118e-02
8.600000e-02	-2.026698e-01	2.219131e-01	-3.850705e-01	-3.952051e-01	1.013455e-02
8.700000e-02	-2.030176e-01	2.223323e-01	-3.868847e-01	-3.964600e-01	9.575255e-03
8.800000e-02	-2.037349e-01	2.230282e-01	-3.896167e-01	-3.985433e-01	8.926565e-03
8.900000e-02	-2.052379e-01	2.244161e-01	-3.938852e-01	-4.021805e-01	8.295288e-03
9.000000e-02	-2.075001e-01	2.265116e-01	-3.994565e-01	-4.072284e-01	7.771917e-03
9.100000e-02	-2.106551e-01	2.294683e-01	-4.065103e-01	-4.139102e-01	7.399895e-03
9.200000e-02	-2.145869e-01	2.332118e-01	-4.148179e-01	-4.219958e-01	7.177960e-03
9.300000e-02	-2.191171e-01	2.376185e-01	-4.240754e-01	-4.311548e-01	7.079372e-03
9.400000e-02	-2.240411e-01	2.424956e-01	-4.339400e-01	-4.410111e-01	7.071032e-03
9.500000e-02	-2.291775e-01	2.476790e-01	-4.441173e-01	-4.512361e-01	7.118799e-03
9.600000e-02	-2.343806e-01	2.529547e-01	-4.544558e-01	-4.616085e-01	7.152679e-03
9.700000e-02	-2.394985e-01	2.581711e-01	-4.647416e-01	-4.718693e-01	7.127684e-03
9.800000e-02	-2.445113e-01	2.632277e-01	-4.749966e-01	-4.820096e-01	7.013020e-03
9.900000e-02	-2.493170e-01	2.680277e-01	-4.850540e-01	-4.918440e-01	6.789972e-03
1.000000e-01	-2.538103e-01	2.724293e-01	-4.947437e-01	-5.011822e-01	6.438462e-03
1.010000e-01	-2.580074e-01	2.764991e-01	-5.040643e-01	-5.100396e-01	5.975315e-03
1.020000e-01	-2.620225e-01	2.803423e-01	-5.131168e-01	-5.185809e-01	5.464124e-03
1.030000e-01	-2.659787e-01	2.841307e-01	-5.220421e-01	-5.269998e-01	4.957662e-03
1.040000e-01	-2.698874e-01	2.878712e-01	-5.307760e-01	-5.352754e-01	4.499347e-03
1.050000e-01	-2.738608e-01	2.917213e-01	-5.394677e-01	-5.435947e-01	4.126934e-03
1.060000e-01	-2.779259e-01	2.956761e-01	-5.482140e-01	-5.520329e-01	3.818872e-03
1.070000e-01	-2.821344e-01	2.998009e-01	-5.571082e-01	-5.606885e-01	3.580350e-03
1.080000e-01	-2.864176e-01	3.039660e-01	-5.661249e-01	-5.694801e-01	3.355205e-03
1.090000e-01	-2.908700e-01	3.082799e-01	-5.754162e-01	-5.785781e-01	3.161905e-03
1.100000e-01	-2.955182e-01	3.127571e-01	-5.850255e-01	-5.880309e-01	3.005416e-03
1.110000e-01	-3.004217e-01	3.174879e-01	-5.950129e-01	-5.979282e-01	2.915244e-03
1.120000e-01	-3.055921e-01	3.224909e-01	-6.053590e-01	-6.082716e-01	2.912566e-03
1.130000e-01	-3.111736e-01	3.279774e-01	-6.162105e-01	-6.192788e-01	3.068361e-03
1.140000e-01	-3.170413e-01	3.337778e-01	-6.274143e-01	-6.307485e-01	3.334139e-03
1.150000e-01	-3.229207e-01	3.395868e-01	-6.386094e-01	-6.422254e-01	3.616021e-03
1.160000e-01	-3.286284e-01	3.451593e-01	-6.495620e-01	-6.534094e-01	3.847395e-03
1.170000e-01	-3.340724e-01	3.504101e-01	-6.601506e-01	-6.641477e-01	3.997118e-03
1.180000e-01	-3.393485e-01	3.554220e-01	-6.704745e-01	-6.745858e-01	4.111296e-03
1.190000e-01	-3.445907e-01	3.603947e-01	-6.806977e-01	-6.849396e-01	4.241878e-03
1.200000e-01	-3.499054e-01	3.654450e-01	-6.909360e-01	-6.953734e-01	4.437412e-03
1.210000e-01	-3.552900e-01	3.706196e-01	-7.011974e-01	-7.058887e-01	4.691275e-03
1.220000e-01	-3.608215e-01	3.759770e-01	-7.115875e-01	-7.166153e-01	5.027750e-03
1.230000e-01	-3.663880e-01	3.814219e-01	-7.219318e-01	-7.273539e-01	5.422062e-03
1.240000e-01	-3.719889e-01	3.869061e-01	-7.322561e-01	-7.381170e-01	5.860838e-03
1.250000e-01	-3.775188e-01	3.923153e-01	-7.424745e-01	-7.487561e-01	6.281585e-03
1.260000e-01	-3.829476e-01	3.975913e-01	-7.525380e-01	-7.592166e-01	6.678548e-03
1.270000e-01	-3.882437e-01	4.027257e-01	-7.623829e-01	-7.694351e-01	7.052218e-03
1.280000e-01	-3.933804e-01	4.076751e-01	-7.719800e-01	-7.793704e-01	7.390436e-03
1.290000e-01	-3.983779e-01	4.124795e-01	-7.813765e-01	-7.890662e-01	7.689620e-03
1.300000e-01	-4.032421e-01	4.171359e-01	-7.905569e-01	-7.985205e-01	7.963592e-03
1.310000e-01	-4.079975e-01	4.216963e-01	-7.995506e-01	-8.077728e-01	8.222207e-03
1.320000e-01	-4.126652e-01	4.261621e-01	-8.083759e-01	-8.168531e-01	8.477262e-03
1.330000e-01	-4.172707e-01	4.305882e-01	-8.170592e-01	-8.258003e-01	8.741097e-03
1.340000e-01	-4.218351e-01	4.349849e-01	-8.256184e-01	-8.346443e-01	9.025898e-03
1.350000e-01	-4.263764e-01	4.393911e-01	-8.340692e-01	-8.434110e-01	9.341798e-03
1.360000e-01	-4.309007e-01	4.437872e-01	-8.424187e-01	-8.521100e-01	9.691359e-03
1.370000e-01	-4.353804e-01	4.481528e-01	-8.506577e-01	-8.607092e-01	1.005160e-02
1.380000e-01	-4.398031e-01	4.524508e-01	-8.587647e-01	-8.691855e-01	1.042078e-02
1.390000e-01	-4.441621e-01	4.566820e-01	-8.667429e-01	-8.775336e-01	1.079067e-02
1.400000e-01	-4.484538e-01	4.608303e-01	-8.745920e-01	-8.857498e-01	1.115782e-02
1.410000e-01	-4.527076e-01	4.649383e-01	-8.823971e-01	-8.939062e-01	1.150906e-02
1.420000e-01	-4.569545e-01	4.690478e-01	-8.901504e-01	-9.020297e-01	1.187930e-02
1.430000e-01	-4.611721e-01	4.731442e-01	-8.978437e-01	-9.100940e-01	1.225025e-02
1.440000e-01	-4.653298e-01	4.771946e-01	-9.054224e-01	-9.180410e-01	1.261857e-02
1.450000e-01	-4.693931e-01	4.811543e-01	-9.128520e-01	-9.258191e-01	1.296713e-02
1.460000e-01	-4.733509e-01	4.850068e-01	-9.200880e-01	-9.333949e-01	1.330685e-02
1.470000e-01	-4.771832e-01	4.887166e-01	-9.271733e-01	-9.407698e-01	1.359653e-02
1.480000e-01	-4.809374e-01	4.923478e-01	-9.341106e-01	-9.479927e-01	1.388214e-02
1.490000e-01	-4.846321e-01	4.958990e-01	-9.409797e-01	-9.551220e-01	1.414225e-02
1.500000e-01	-4.882780e-01	4.994039e-01	-9.477570e-01	-9.621565e-01	1.439947e-02
1.510000e-01	-4.918866e-01	5.028596e-01	-9.544851e-01	-9.691291e-01	1.464403e-02
1.520000e-01	-4.954301e-01	5.062609e-01	-9.610493e-01	-9.759548e-01	1.490544e-02
1.530000e-01	-4.988944e-01	5.095824e-01	-9.675046e-01	-9.826467e-01	1.514214e-02
1.540000e-01	-5.022902e-01	5.128484e-01	-9.738030e-01	-9.891917e-01	1.538865e-02
1.550000e-01	-5.055955e-01	5.160301e-01	-9.799701e-01	-9.955805e-01	1.561044e-02
1.560000e-01	-5.088235e-01	5.191477e-01	-9.859728e-01	-1.001810e+00	1.583708e-02
1.570000e-01	-5.119747e-01	5.221908e-01	-9.918691e-01	-1.007909e+00	1.604018e-02
1.580000e-01	-5.150811e-01	5.251978e-01	-9.976370e-01	-1.013900e+00	1.626261e-02
1.590000e-01	-5.181431e-01	5.281584e-01	-1.003347e+00	-1.019817e+00	1.646952e-02
1.600000e-01	-5.211743e-01	5.310939e-01	-1.008964e+00	-1.025656e+00	1.669217e-02
1.610000e-01	-5.241503e-01	5.339704e-01	-1.014521e+00	-1.031411e+00	1.688978e-02
1.620000e-01	-5.270922e-01	5.368169e-01	-1.019991e+00	-1.037088e+00	1.709669e-02
1.630000e-01	-5.299729e-01	5.395996e-01	-1.025376e+00	-1.042661e+00	1.728501e-02
1.640000e-01	-5.327990e-01	5.423373e-01	-1.030630e+00	-1.048114e+00	1.748400e-02
1.650000e-01	-5.355577e-01	5.450061e-01	-1.035793e+00	-1.053454e+00	1.766108e-02
1.660000e-01	-5.382745e-01	5.476444e-01	-1.040844e+00	-1.058697e+00	1.785231e-02
1.670000e-01	-5.409431e-01	5.502341e-01	-1.045828e+00	-1.063857e+00	1.802937e-02
1.680000e-01	-5.435915e-01	5.528203e-01	-1.050728e+00	-1.068956e+00	1.822738e-02
1.690000e-01	-5.461844e-01	5.553469e-01	-1.055553e+00	-1.073961e+00	1.840777e-02
1.700000e-01	-5.487512e-01	5.578569e-01	-1.060293e+00	-1.078898e+00	1.860463e-02
1.710000e-01	-5.512686e-01	5.603119e-01	-1.064970e+00	-1.083754e+00	1.878350e-02
1.720000e-01	-5.537507e-01	5.627379e-01	-1.069559e+00	-1.088530e+00	1.897115e-02
1.730000e-01	-5.561641e-01	5.650917e-01	-1.074061e+00	-1.093194e+00	1.913381e-02
1.740000e-01	-5.585418e-01	5.674166e-01	-1.078479e+00	-1.097781e+00	1.930237e-02
1.750000e-01	-5.608629e-01	5.696858e-01	-1.082818e+00	-1.102272e+00	1.945378e-02
1.760000e-01	-5.631576e-01	5.719359e-01	-1.087078e+00	-1.106697e+00	1.961852e-02
1.770000e-01	-5.653891e-01	5.741249e-01	-1.091250e+00	-1.111014e+00	1.976402e-02
1.780000e-01	-5.675868e-01	5.762845e-01	-1.095337e+00	-1.115255e+00	1.991819e-02
1.790000e-01	-5.697335e-01	5.783977e-01	-1.099351e+00	-1.119409e+00	2.005774e-02
1.800000e-01	-5.718450e-01	5.804817e-01	-1.103284e+00	-1.123487e+00	2.020285e-02
1.810000e-01	-5.738967e-01	5.825137e-01	-1.107117e+00	-1.127455e+00	2.033805e-02
1.820000e-01	-5.759312e-01	5.845292e-01	-1.110890e+00	-1.131376e+00	2.048606e-02
1.830000e-01	-5.779120e-01	5.864973e-01	-1.114584e+00	-1.135204e+00	2.061996e-02
1.840000e-01	-5.798647e-01	5.884343e-01	-1.118213e+00	-1.138971e+00	2.075795e-02
1.850000e-01	-5.817565e-01	5.903157e-01	-1.121755e+00	-1.142634e+00	2.087897e-02
1.860000e-01	-5.836057e-01	5.921512e-01	-1.125208e+00	-1.146210e+00	2.100150e-02
1.870000e-01	-5.853995e-01	5.939429e-01	-1.128567e+00	-1.149683e+00	2.111621e-02
1.880000e-01	-5.871715e-01	5.957064e-01	-1.131860e+00	-1.153102e+00	2.124138e-02
1.890000e-01	-5.888955e-01	5.974315e-01	-1.135071e+00	-1.156431e+00	2.136026e-02
1.900000e-01	-5.906055e-01	5.991350e-01	-1.138233e+00	-1.159722e+00	2.148901e-02
1.910000e-01	-5.922707e-01	6.008044e-01	-1.141326e+00	-1.162934e+00	2.160747e-02
1.920000e-01	-5.939114e-01	6.024425e-01	-1.144361e+00	-1.166092e+00	2.173069e-02
1.930000e-01	-5.955001e-01	6.040399e-01	-1.147315e+00	-1.169158e+00	2.184270e-02
1.940000e-01	-5.970670e-01	6.056042e-01	-1.150211e+00	-1.172173e+00	2.196138e-02
1.950000e-01	-5.985933e-01	6.071398e-01	-1.153042e+00	-1.175114e+00	2.207218e-02
1.960000e-01	-6.000964e-01	6.086423e-01	-1.155817e+00	-1.178005e+00	2.218808e-02
1.970000e-01	-6.015520e-01	6.101112e-01	-1.158516e+00	-1.180810e+00	2.229422e-02
1.980000e-01	-6.029998e-01	6.115644e-01	-1.161174e+00	-1.183587e+00	2.241275e-02
1.990000e-01	-6.044014e-01	6.129833e-01	-1.163752e+00	-1.186278e+00	2.252525e-02
2.000000e-01	-6.057867e-01	6.143825e-01	-1.166264e+00	-1.188919e+00	2.265487e-02
2.010000e-01	-6.071301e-01	6.157473e-01	-1.168717e+00	-1.191489e+00	2.277141e-02
2.020000e-01	-6.084458e-01	6.170856e-01	-1.171075e+00	-1.193983e+00	2.290846e-02
2.030000e-01	-6.097436e-01	6.184102e-01	-1.173440e+00	-1.196464e+00	2.302359e-02
2.040000e-01	-6.110144e-01	6.197048e-01	-1.175721e+00	-1.198875e+00	2.315378e-02
2.050000e-01	-6.122540e-01	6.209751e-01	-1.177994e+00	-1.201251e+00	2.325677e-02
2.060000e-01	-6.134940e-01	6.222293e-01	-1.180240e+00	-1.203614e+00	2.337373e-02
2.070000e-01	-6.146882e-01	6.234535e-01	-1.182438e+00	-1.205907e+00	2.346902e-02
2.080000e-01	-6.158986e-01	6.246687e-01	-1.184643e+00	-1.208220e+00	2.357717e-02
2.090000e-01	-6.170641e-01	6.258624e-01	-1.186780e+00	-1.210454e+00	2.367397e-02
2.100000e-01	-6.182421e-01	6.270424e-01	-1.188928e+00	-1.212706e+00	2.377820e-02
2.110000e-01	-6.193675e-01	6.281916e-01	-1.190991e+00	-1.214863e+00	2.387197e-02
2.120000e-01	-6.204868e-01	6.293120e-01	-1.193049e+00	-1.217011e+00	2.396249e-02
2.130000e-01	-6.215550e-01	6.304017e-01	-1.195012e+00	-1.219061e+00	2.404903e-02
2.140000e-01	-6.226354e-01	6.314862e-01	-1.196990e+00	-1.221131e+00	2.414034e-02
2.150000e-01	-6.236810e-01	6.325533e-01	-1.198903e+00	-1.223132e+00	2.422976e-02
2.160000e-01	-6.247305e-01	6.336118e-01	-1.200825e+00	-1.225143e+00	2.431774e-02
2.170000e-01	-6.257406e-01	6.346449e-01	-1.202672e+00	-1.227077e+00	2.440469e-02
2.180000e-01	-6.267632e-01	6.356792e-01	-1.204538e+00	-1.229032e+00	2.449406e-02
2.190000e-01	-6.277343e-01	6.366724e-01	-1.206308e+00	-1.230888e+00	2.458050e-02
2.200000e-01	-6.287064e-01	6.376561e-01	-1.208081e+00	-1.232747e+00	2.466590e-02
2.210000e-01	-6.296123e-01	6.385825e-01	-1.209740e+00	-1.234482e+00	2.474222e-02
2.220000e-01	-6.305237e-01	6.395070e-01	-1.211412e+00	-1.236229e+00	2.481789e-02
2.230000e-01	-6.313967e-01	6.404016e-01	-1.212999e+00	-1.237896e+00	2.489694e-02
2.240000e-01	-6.322825e-01	6.413034e-01	-1.214608e+00	-1.239586e+00	2.497862e-02
2.250000e-01	-6.331256e-01	6.421669e-01	-1.216130e+00	-1.241191e+00	2.506046e-02
2.260000e-01	-6.339979e-01	6.430550e-01	-1.217701e+00	-1.242848e+00	2.514728e-02
2.270000e-01	-6.348142e-01	6.438894e-01	-1.219164e+00	-1.244396e+00	2.523238e-02
2.280000e-01	-6.356391e-01	6.447290e-01	-1.220649e+00	-1.245964e+00	2.531465e-02
2.290000e-01	-6.364022e-01	6.455069e-01	-1.222017e+00	-1.247411e+00	2.539351e-02
2.300000e-01	-6.371824e-01	6.462970e-01	-1.223421e+00	-1.248893e+00	2.547190e-02
2.310000e-01	-6.379274e-01	6.470543e-01	-1.224737e+00	-1.250296e+00	2.555880e-02
2.320000e-01	-6.386981e-01	6.478377e-01	-1.226110e+00	-1.251753e+00	2.564335e-02
2.330000e-01	-6.394177e-01	6.485711e-01	-1.227367e+00	-1.253101e+00	2.573421e-02
2.340000e-01	-6.401590e-01	6.493230e-01	-1.228685e+00	-1.254501e+00	2.581649e-02
2.350000e-01	-6.408561e-01	6.500290e-01	-1.229910e+00	-1.255811e+00	2.590108e-02
2.360000e-01	-6.415661e-01	6.507492e-01	-1.231174e+00	-1.257153e+00	2.597907e-02
2.370000e-01	-6.422034e-01	6.513955e-01	-1.232293e+00	-1.258350e+00	2.605668e-02
2.380000e-01	-6.428819e-01	6.520849e-01	-1.233505e+00	-1.259635e+00	2.612920e-02
2.390000e-01	-6.435227e-01	6.527370e-01	-1.234618e+00	-1.260832e+00	2.621386e-02
2.400000e-01	-6.442085e-01	6.534398e-01	-1.235809e+00	-1.262113e+00	2.630403e-02
2.410000e-01	-6.448558e-01	6.541033e-01	-1.236910e+00	-1.263311e+00	2.640054e-02
2.420000e-01	-6.455204e-01	6.547850e-01	-1.238064e+00	-1.264553e+00	2.648814e-02
2.430000e-01	-6.461224e-01	6.553960e-01	-1.239103e+00	-1.265674e+00	2.657069e-02
2.440000e-01	-6.467307e-01	6.560140e-01	-1.240194e+00	-1.266827e+00	2.663394e-02
2.450000e-01	-6.472663e-01	6.565550e-01	-1.241132e+00	-1.267832e+00	2.670046e-02
2.460000e-01	-6.478387e-01	6.571379e-01	-1.242158e+00	-1.268917e+00	2.675987e-02
2.470000e-01	-6.483892e-01	6.576968e-01	-1.243112e+00	-1.269945e+00	2.683343e-02
2.480000e-01	-6.489697e-01	6.582960e-01	-1.244132e+00	-1.271036e+00	2.690377e-02
2.490000e-01	-6.495113e-01	6.588532e-01	-1.245052e+00	-1.272037e+00	2.698549e-02
2.500000e-01	-6.500937e-01	6.594570e-01	-1.246066e+00	-1.273127e+00	2.706065e-02
2.510000e-01	-6.506169e-01	6.599925e-01	-1.246959e+00	-1.274096e+00	2.713750e-02
2.520000e-01	-6.511350e-01	6.605275e-01	-1.247880e+00	-1.275075e+00	2.719485e-02
2.530000e-01	-6.515886e-01	6.609894e-01	-1.248670e+00	-1.275924e+00	2.725339e-02
2.540000e-01	-6.520943e-01	6.615099e-01	-1.249568e+00	-1.276878e+00	2.731026e-02
2.550000e-01	-6.525704e-01	6.619970e-01	-1.250383e+00	-1.277762e+00	2.737875e-02
2.560000e-01	-6.530648e-01	6.625088e-01	-1.251262e+00	-1.278696e+00	2.743369e-02
2.570000e-01	-6.534969e-01	6.629541e-01	-1.252004e+00	-1.279499e+00	2.749505e-02
2.580000e-01	-6.539661e-01	6.634409e-01	-1.252838e+00	-1.280385e+00	2.754699e-02
2.590000e-01	-6.543637e-01	6.638512e-01	-1.253525e+00	-1.281126e+00	2.760103e-02
2.600000e-01	-6.548071e-01	6.643124e-01	-1.254313e+00	-1.281964e+00	2.765046e-02
2.610000e-01	-6.551970e-01	6.647141e-01	-1.254985e+00	-1.282689e+00	2.770453e-02
2.620000e-01	-6.556246e-01	6.651592e-01	-1.255748e+00	-1.283499e+00	2.775053e-02
2.630000e-01	-6.559898e-01	6.655356e-01	-1.256377e+00	-1.284178e+00	2.780137e-02
2.640000e-01	-6.563659e-01	6.659303e-01	-1.257062e+00	-1.284897e+00	2.783482e-02
2.650000e-01	-6.567140e-01	6.662890e-01	-1.257659e+00	-1.285543e+00	2.788451e-02
2.660000e-01	-6.570993e-01	6.666912e-01	-1.258348e+00	-1.286273e+00	2.792516e-02
2.670000e-01	-6.574378e-01	6.670382e-01	-1.258935e+00	-1.286905e+00	2.797047e-02
2.680000e-01	-6.577992e-01	6.674153e-01	-1.259593e+00	-1.287595e+00	2.800293e-02
2.690000e-01	-6.581051e-01	6.677267e-01	-1.260125e+00	-1.288168e+00	2.804272e-02
2.700000e-01	-6.584229e-01	6.680593e-01	-1.260716e+00	-1.288781e+00	2.806476e-02
2.710000e-01	-6.587162e-01	6.683595e-01	-1.261220e+00	-1.289326e+00	2.810629e-02
2.720000e-01	-6.590444e-01	6.687029e-01	-1.261810e+00	-1.289950e+00	2.813917e-02
2.730000e-01	-6.593280e-01	6.689920e-01	-1.262304e+00	-1.290480e+00	2.817607e-02
2.740000e-01	-6.596299e-01	6.693105e-01	-1.262855e+00	-1.291058e+00	2.820223e-02
2.750000e-01	-6.598928e-01	6.695754e-01	-1.263311e+00	-1.291548e+00	2.823743e-02
2.760000e-01	-6.601909e-01	6.698838e-01	-1.263865e+00	-1.292124e+00	2.825824e-02
2.770000e-01	-6.604363e-01	6.701268e-01	-1.264298e+00	-1.292585e+00	2.828722e-02
2.780000e-01	-6.607045e-01	6.704070e-01	-1.264792e+00	-1.293101e+00	2.830848e-02
2.790000e-01	-6.609213e-01	6.706231e-01	-1.265183e+00	-1.293513e+00	2.832972e-02
2.800000e-01	-6.611851e-01	6.708993e-01	-1.265676e+00	-1.294023e+00	2.834700e-02
2.810000e-01	-6.614020e-01	6.711150e-01	-1.266055e+00	-1.294429e+00	2.837470e-02
2.820000e-01	-6.616578e-01	6.713832e-01	-1.266529e+00	-1.294922e+00	2.839340e-02
2.830000e-01	-6.618656e-01	6.715888e-01	-1.266894e+00	-1.295313e+00	2.841841e-02
2.840000e-01	-6.620994e-01	6.718327e-01	-1.267337e+00	-1.295768e+00	2.843098e-02
2.850000e-01	-6.622901e-01	6.720207e-01	-1.267677e+00	-1.296129e+00	2.845161e-02
2.860000e-01	-6.625077e-01	6.722474e-01	-1.268091e+00	-1.296553e+00	2.846203e-02
2.870000e-01	-6.626735e-01	6.724087e-01	-1.268389e+00	-1.296868e+00	2.847885e-02
2.880000e-01	-6.628880e-01	6.726345e-01	-1.268799e+00	-1.297288e+00	2.848830e-02
2.890000e-01	-6.630530e-01	6.727982e-01	-1.269084e+00	-1.297595e+00	2.851083e-02
2.900000e-01	-6.632646e-01	6.730192e-01	-1.269476e+00	-1.298002e+00	2.852682e-02
2.910000e-01	-6.634194e-01	6.731684e-01	-1.269754e+00	-1.298296e+00	2.854264e-02
2.920000e-01	-6.636039e-01	6.733602e-01	-1.270115e+00	-1.298661e+00	2.854661e-02
2.930000e-01	-6.637557e-01	6.735066e-01	-1.270381e+00	-1.298946e+00	2.856491e-02
2.940000e-01	-6.639480e-01	6.737052e-01	-1.270754e+00	-1.299325e+00	2.857082e-02
2.950000e-01	-6.640760e-01	6.738288e-01	-1.270981e+00	-1.299567e+00	2.858529e-02
2.960000e-01	-6.642488e-01	6.740074e-01	-1.271313e+00	-1.299905e+00	2.859244e-02
2.970000e-01	-6.643849e-01	6.741375e-01	-1.271559e+00	-1.300164e+00	2.860562e-02
2.980000e-01	-6.645486e-01	6.743042e-01	-1.271883e+00	-1.300490e+00	2.860732e-02
2.990000e-01	-6.646614e-01	6.744139e-01	-1.272087e+00	-1.300705e+00	2.861797e-02
3.000000e-01	-6.648224e-01	6.745776e-01	-1.272408e+00	-1.301026e+00	2.861863e-02
3.010000e-01	-6.649522e-01	6.747036e-01	-1.272632e+00	-1.301268e+00	2.863608e-02
3.020000e-01	-6.651001e-01	6.748562e-01	-1.272916e+00	-1.301558e+00	2.864191e-02
3.030000e-01	-6.652140e-01	6.749698e-01	-1.273113e+00	-1.301771e+00	2.865728e-02
3.040000e-01	-6.653689e-01	6.751270e-01	-1.273409e+00	-1.302073e+00	2.866433e-02
3.050000e-01	-6.654817e-01	6.752356e-01	-1.273619e+00	-1.302291e+00	2.867211e-02
3.060000e-01	-6.656142e-01	6.753693e-01	-1.273878e+00	-1.302553e+00	2.867494e-02
3.070000e-01	-6.657096e-01	6.754632e-01	-1.274052e+00	-1.302736e+00	2.868342e-02
3.080000e-01	-6.658518e-01	6.756069e-01	-1.274316e+00	-1.303010e+00	2.869378e-02
3.090000e-01	-6.659504e-01	6.757065e-01	-1.274494e+00	-1.303197e+00	2.870337e-02
3.100000e-01	-6.660741e-01	6.758319e-01	-1.274723e+00	-1.303436e+00	2.871233e-02
3.110000e-01	-6.661638e-01	6.759210e-01	-1.274890e+00	-1.303609e+00	2.871890e-02
3.120000e-01	-6.662920e-01	6.760488e-01	-1.275132e+00	-1.303858e+00	2.872598e-02
3.130000e-01	-6.663876e-01	6.761461e-01	-1.275306e+00	-1.304041e+00	2.873443e-02
3.140000e-01	-6.665174e-01	6.762791e-01	-1.275535e+00	-1.304285e+00	2.875005e-02
3.150000e-01	-6.666098e-01	6.763703e-01	-1.275704e+00	-1.304462e+00	2.875776e-02
3.160000e-01	-6.667229e-01	6.764827e-01	-1.275916e+00	-1.304681e+00	2.876472e-02
3.170000e-01	-6.667945e-01	6.765508e-01	-1.276063e+00	-1.304826e+00	2.876306e-02
3.180000e-01	-6.669140e-01	6.766691e-01	-1.276283e+00	-1.305056e+00	2.877244e-02
3.190000e-01	-6.669888e-01	6.767414e-01	-1.276427e+00	-1.305202e+00	2.877518e-02
3.200000e-01	-6.670965e-01	6.768489e-01	-1.276626e+00	-1.305410e+00	2.878331e-02
3.210000e-01	-6.671757e-01	6.769271e-01	-1.276779e+00	-1.305565e+00	2.878619e-02
3.220000e-01	-6.672912e-01	6.770434e-01	-1.276982e+00	-1.305782e+00	2.880036e-02
3.230000e-01	-6.673614e-01	6.771155e-01	-1.277112e+00	-1.305917e+00	2.880539e-02
3.240000e-01	-6.674537e-01	6.772097e-01	-1.277283e+00	-1.306095e+00	2.881202e-02
3.250000e-01	-6.675198e-01	6.772739e-01	-1.277406e+00	-1.306223e+00	2.881684e-02
3.260000e-01	-6.676176e-01	6.773716e-01	-1.277583e+00	-1.306409e+00	2.882634e-02
3.270000e-01	-6.676919e-01	6.774471e-01	-1.277716e+00	-1.306550e+00	2.883401e-02
3.280000e-01	-6.677935e-01	6.775513e-01	-1.277896e+00	-1.306741e+00	2.884571e-02
3.290000e-01	-6.678628e-01	6.776217e-01	-1.278023e+00	-1.306874e+00	2.885131e-02
3.300000e-01	-6.679512e-01	6.777136e-01	-1.278185e+00	-1.307044e+00	2.885875e-02
3.310000e-01	-6.679974e-01	6.777618e-01	-1.278268e+00	-1.307132e+00	2.886313e-02
3.320000e-01	-6.680753e-01	6.778417e-01	-1.278415e+00	-1.307283e+00	2.886801e-02
3.330000e-01	-6.681227e-01	6.778871e-01	-1.278510e+00	-1.307378e+00	2.886749e-02
3.340000e-01	-6.681986e-01	6.779648e-01	-1.278649e+00	-1.307523e+00	2.887408e-02
3.350000e-01	-6.682617e-01	6.780273e-01	-1.278757e+00	-1.307640e+00	2.888332e-02
3.360000e-01	-6.683702e-01	6.781366e-01	-1.278951e+00	-1.307846e+00	2.889457e-02
3.370000e-01	-6.684168e-01	6.781821e-01	-1.279035e+00	-1.307934e+00	2.889929e-02
3.380000e-01	-6.684907e-01	6.782588e-01	-1.279171e+00	-1.308076e+00	2.890502e-02
3.390000e-01	-6.685224e-01	6.782877e-01	-1.279244e+00	-1.308144e+00	2.890037e-02
3.400000e-01	-6.686059e-01	6.783704e-01	-1.279393e+00	-1.308302e+00	2.890924e-02
3.410000e-01	-6.686488e-01	6.784108e-01	-1.279475e+00	-1.308386e+00	2.891123e-02
3.420000e-01	-6.687267e-01	6.784898e-01	-1.279613e+00	-1.308533e+00	2.892005e-02
3.430000e-01	-6.687491e-01	6.785100e-01	-1.279666e+00	-1.308582e+00	2.891600e-02
3.440000e-01	-6.688233e-01	6.785842e-01	-1.279800e+00	-1.308723e+00	2.892323e-02
3.450000e-01	-6.688580e-01	6.786158e-01	-1.279872e+00	-1.308794e+00	2.892220e-02
3.460000e-01	-6.689324e-01	6.786922e-01	-1.279998e+00	-1.308931e+00	2.893340e-02
3.470000e-01	-6.689573e-01	6.787143e-01	-1.280047e+00	-1.308981e+00	2.893366e-02
3.480000e-01	-6.690334e-01	6.787921e-01	-1.280187e+00	-1.309127e+00	2.894009e-02
3.490000e-01	-6.690555e-01	6.788127e-01	-1.280232e+00	-1.309171e+00	2.893956e-02
3.500000e-01	-6.691250e-01	6.788841e-01	-1.280350e+00	-1.309300e+00	2.895010e-02
3.510000e-01	-6.691549e-01	6.789119e-01	-1.280410e+00	-1.309360e+00	2.894983e-02
3.520000e-01	-6.692149e-01	6.789715e-01	-1.280521e+00	-1.309475e+00	2.895461e-02
3.530000e-01	-6.692330e-01	6.789896e-01	-1.280556e+00	-1.309511e+00	2.895503e-02
3.540000e-01	-6.692966e-01	6.790540e-01	-1.280675e+00	-1.309634e+00	2.895910e-02
3.550000e-01	-6.693178e-01	6.790737e-01	-1.280710e+00	-1.309673e+00	2.896261e-02
3.560000e-01	-6.693832e-01	6.791411e-01	-1.280827e+00	-1.309797e+00	2.896965e-02
3.570000e-01	-6.694107e-01	6.791676e-01	-1.280879e+00	-1.309850e+00	2.897117e-02
3.580000e-01	-6.694662e-01	6.792247e-01	-1.280980e+00	-1.309956e+00	2.897628e-02
3.590000e-01	-6.694815e-01	6.792384e-01	-1.281008e+00	-1.309986e+00	2.897750e-02
3.600000e-01	-6.695275e-01	6.792853e-01	-1.281096e+00	-1.310075e+00	2.897956e-02
3.610000e-01	-6.695394e-01	6.792951e-01	-1.281123e+00	-1.310101e+00	2.897773e-02
3.620000e-01	-6.695965e-01	6.793543e-01	-1.281225e+00	-1.310209e+00	2.898426e-02
3.630000e-01	-6.696222e-01	6.793807e-01	-1.281273e+00	-1.310259e+00	2.898586e-02
3.640000e-01	-6.696840e-01	6.794428e-01	-1.281380e+00	-1.310374e+00	2.899374e-02
3.650000e-01	-6.696954e-01	6.794494e-01	-1.281408e+00	-1.310399e+00	2.899156e-02
3.660000e-01	-6.697439e-01	6.794983e-01	-1.281503e+00	-1.310495e+00	2.899238e-02
3.670000e-01	-6.697403e-01	6.794921e-01	-1.281494e+00	-1.310487e+00	2.899353e-02
3.680000e-01	-6.697981e-01	6.795510e-01	-1.281603e+00	-1.310600e+00	2.899641e-02
3.690000e-01	-6.698042e-01	6.795542e-01	-1.281621e+00	-1.310615e+00	2.899358e-02
3.700000e-01	-6.698452e-01	6.795962e-01	-1.281701e+00	-1.310696e+00	2.899456e-02
3.710000e-01	-6.698634e-01	6.796118e-01	-1.281730e+00	-1.310728e+00	2.899859e-02
3.720000e-01	-6.699154e-01	6.796651e-01	-1.281827e+00	-1.310829e+00	2.900206e-02
3.730000e-01	-6.699156e-01	6.796654e-01	-1.281826e+00	-1.310829e+00	2.900268e-02
3.740000e-01	-6.699615e-01	6.797140e-01	-1.281911e+00	-1.310917e+00	2.900579e-02
3.750000e-01	-6.699782e-01	6.797269e-01	-1.281941e+00	-1.310949e+00	2.900768e-02
3.760000e-01	-6.700188e-01	6.797693e-01	-1.282019e+00	-1.311028e+00	2.900921e-02
3.770000e-01	-6.700256e-01	6.797760e-01	-1.282022e+00	-1.311037e+00	2.901449e-02
3.780000e-01	-6.700787e-01	6.798316e-01	-1.282121e+00	-1.311139e+00	2.901813e-02
3.790000e-01	-6.700668e-01	6.798184e-01	-1.282097e+00	-1.311115e+00	2.901828e-02
3.800000e-01	-6.700923e-01	6.798462e-01	-1.282158e+00	-1.311171e+00	2.901321e-02
3.810000e-01	-6.701090e-01	6.798621e-01	-1.282184e+00	-1.311201e+00	2.901718e-02
3.820000e-01	-6.701552e-01	6.799104e-01	-1.282267e+00	-1.311289e+00	2.902177e-02
3.830000e-01	-6.701515e-01	6.799063e-01	-1.282256e+00	-1.311279e+00	2.902370e-02
3.840000e-01	-6.701951e-01	6.799544e-01	-1.282336e+00	-1.311363e+00	2.902718e-02
3.850000e-01	-6.702125e-01	6.799710e-01	-1.282353e+00	-1.311389e+00	2.903606e-02
3.860000e-01	-6.702618e-01	6.800231e-01	-1.282448e+00	-1.311486e+00	2.903780e-02
3.870000e-01	-6.702380e-01	6.799972e-01	-1.282415e+00	-1.311446e+00	2.903027e-02
3.880000e-01	-6.702653e-01	6.800263e-01	-1.282478e+00	-1.311504e+00	2.902605e-02
3.890000e-01	-6.702688e-01	6.800265e-01	-1.282479e+00	-1.311508e+00	2.902930e-02
3.900000e-01	-6.703112e-01	6.800711e-01	-1.282562e+00	-1.311592e+00	2.903002e-02
3.910000e-01	-6.703132e-01	6.800721e-01	-1.282555e+00	-1.311591e+00	2.903591e-02
3.920000e-01	-6.703560e-01	6.801173e-01	-1.282638e+00	-1.311675e+00	2.903694e-02
3.930000e-01	-6.703593e-01	6.801192e-01	-1.282642e+00	-1.311680e+00	2.903825e-02
3.940000e-01	-6.703854e-01	6.801478e-01	-1.282693e+00	-1.311732e+00	2.903874e-02
3.950000e-01	-6.703820e-01	6.801398e-01	-1.282682e+00	-1.311723e+00	2.904092e-02
3.960000e-01	-6.704105e-01	6.801676e-01	-1.282748e+00	-1.311785e+00	2.903641e-02
3.970000e-01	-6.704099e-01	6.801645e-01	-1.282741e+00	-1.311780e+00	2.903929e-02
3.980000e-01	-6.704521e-01	6.802110e-01	-1.282819e+00	-1.311862e+00	2.904260e-02
3.990000e-01	-6.704510e-01	6.802081e-01	-1.282811e+00	-1.311857e+00	2.904531e-02
4.000000e-01	-6.704774e-01	6.802374e-01	-1.282865e+00	-1.311910e+00	2.904477e-02
4.010000e-01	-6.704745e-01	6.802342e-01	-1.282847e+00	-1.311898e+00	2.905078e-02
4.020000e-01	-6.705096e-01	6.802726e-01	-1.282917e+00	-1.311968e+00	2.905126e-02
4.030000e-01	-6.704961e-01	6.802546e-01	-1.282891e+00	-1.311941e+00	2.905075e-02
4.040000e-01	-6.705070e-01	6.802664e-01	-1.282927e+00	-1.311971e+00	2.904334e-02
4.050000e-01	-6.705137e-01	6.802721e-01	-1.282932e+00	-1.311979e+00	2.904792e-02
4.060000e-01	-6.705570e-01	6.803182e-01	-1.283004e+00	-1.312059e+00	2.905510e-02
4.070000e-01	-6.705505e-01	6.803100e-01	-1.282985e+00	-1.312043e+00	2.905817e-02
4.080000e-01	-6.705806e-01	6.803431e-01	-1.283053e+00	-1.312107e+00	2.905416e-02
4.090000e-01	-6.705723e-01	6.803338e-01	-1.283026e+00	-1.312085e+00	2.905946e-02
4.100000e-01	-6.706110e-01	6.803728e-01	-1.283110e+00	-1.312166e+00	2.905582e-02
4.110000e-01	-6.705869e-01	6.803447e-01	-1.283070e+00	-1.312122e+00	2.905205e-02
4.120000e-01	-6.706075e-01	6.803679e-01	-1.283112e+00	-1.312163e+00	2.905160e-02
4.130000e-01	-6.706115e-01	6.803727e-01	-1.283107e+00	-1.312165e+00	2.905812e-02
4.140000e-01	-6.706702e-01	6.804353e-01	-1.283205e+00	-1.312273e+00	2.906751e-02
4.150000e-01	-6.706563e-01	6.804171e-01	-1.283179e+00	-1.312246e+00	2.906671e-02
4.160000e-01	-6.706797e-01	6.804407e-01	-1.283237e+00	-1.312298e+00	2.906136e-02
4.170000e-01	-6.706623e-01	6.804186e-01	-1.283210e+00	-1.312267e+00	2.905713e-02
4.180000e-01	-6.706927e-01	6.804512e-01	-1.283268e+00	-1.312327e+00	2.905860e-02
4.190000e-01	-6.706725e-01	6.804297e-01	-1.283226e+00	-1.312285e+00	2.905967e-02
4.200000e-01	-6.706986e-01	6.804567e-01	-1.283286e+00	-1.312342e+00	2.905542e-02
4.210000e-01	-6.707027e-01	6.804590e-01	-1.283276e+00	-1.312341e+00	2.906490e-02
4.220000e-01	-6.707351e-01	6.804946e-01	-1.283339e+00	-1.312405e+00	2.906560e-02
4.230000e-01	-6.707158e-01	6.804740e-01	-1.283304e+00	-1.312368e+00	2.906404e-02
4.240000e-01	-6.707427e-01	6.805029e-01	-1.283358e+00	-1.312422e+00	2.906390e-02
4.250000e-01	-6.707429e-01	6.805005e-01	-1.283348e+00	-1.312417e+00	2.906890e-02
4.260000e-01	-6.707703e-01	6.805304e-01	-1.283405e+00	-1.312473e+00	2.906784e-02
4.270000e-01	-6.707593e-01	6.805178e-01	-1.283373e+00	-1.312446e+00	2.907263e-02
4.280000e-01	-6.707913e-01	6.805511e-01	-1.283441e+00	-1.312512e+00	2.907065e-02
4.290000e-01	-6.707745e-01	6.805337e-01	-1.283408e+00	-1.312478e+00	2.907059e-02
4.300000e-01	-6.707921e-01	6.805550e-01	-1.283443e+00	-1.312514e+00	2.907055e-02
4.310000e-01	-6.707822e-01	6.805427e-01	-1.283412e+00	-1.312488e+00	2.907603e-02
4.320000e-01	-6.708020e-01	6.805633e-01	-1.283466e+00	-1.312535e+00	2.906928e-02
4.330000e-01	-6.707862e-01	6.805459e-01	-1.283428e+00	-1.312500e+00	2.907203e-02
4.340000e-01	-6.708209e-01	6.805826e-01	-1.283497e+00	-1.312569e+00	2.907255e-02
4.350000e-01	-6.708175e-01	6.805764e-01	-1.283485e+00	-1.312560e+00	2.907503e-02
4.360000e-01	-6.708460e-01	6.806076e-01	-1.283542e+00	-1.312617e+00	2.907526e-02
4.370000e-01	-6.708291e-01	6.805884e-01	-1.283504e+00	-1.312581e+00	2.907723e-02
4.380000e-01	-6.708501e-01	6.806112e-01	-1.283558e+00	-1.312629e+00	2.907121e-02
4.390000e-01	-6.708384e-01	6.805973e-01	-1.283523e+00	-1.312600e+00	2.907692e-02
4.400000e-01	-6.708675e-01	6.806285e-01	-1.283584e+00	-1.312659e+00	2.907558e-02
4.410000e-01	-6.708564e-01	6.806141e-01	-1.283555e+00	-1.312634e+00	2.907901e-02
4.420000e-01	-6.708815e-01	6.806419e-01	-1.283605e+00	-1.312684e+00	2.907877e-02
4.430000e-01	-6.708746e-01	6.806333e-01	-1.283585e+00	-1.312667e+00	2.908217e-02
4.440000e-01	-6.709026e-01	6.806631e-01	-1.283644e+00	-1.312725e+00	2.908045e-02
4.450000e-01	-6.708697e-01	6.806250e-01	-1.283583e+00	-1.312661e+00	2.907798e-02
4.460000e-01	-6.708960e-01	6.806531e-01	-1.283642e+00	-1.312717e+00	2.907497e-02
4.470000e-01	-6.708884e-01	6.806436e-01	-1.283621e+00	-1.312699e+00	2.907783e-02
4.480000e-01	-6.709101e-01	6.806686e-01	-1.283665e+00	-1.312743e+00	2.907754e-02
4.490000e-01	-6.708940e-01	6.806493e-01	-1.283629e+00	-1.312708e+00	2.907966e-02
4.500000e-01	-6.709247e-01	6.806839e-01	-1.283688e+00	-1.312769e+00	2.908067e-02
4.510000e-01	-6.709152e-01	6.806730e-01	-1.283653e+00	-1.312742e+00	2.908854e-02
4.520000e-01	-6.709400e-01	6.806998e-01	-1.283709e+00	-1.312794e+00	2.908561e-02
4.530000e-01	-6.709186e-01	6.806768e-01	-1.283669e+00	-1.312753e+00	2.908396e-02
4.540000e-01	-6.709450e-01	6.807075e-01	-1.283719e+00	-1.312804e+00	2.908558e-02
4.550000e-01	-6.709451e-01	6.807048e-01	-1.283704e+00	-1.312797e+00	2.909313e-02
4.560000e-01	-6.709780e-01	6.807398e-01	-1.283771e+00	-1.312864e+00	2.909224e-02
4.570000e-01	-6.709480e-01	6.807066e-01	-1.283714e+00	-1.312805e+00	2.909086e-02
4.580000e-01	-6.709640e-01	6.807254e-01	-1.283755e+00	-1.312841e+00	2.908662e-02
4.590000e-01	-6.709520e-01	6.807107e-01	-1.283726e+00	-1.312815e+00	2.908878e-02
4.600000e-01	-6.709797e-01	6.807398e-01	-1.283782e+00	-1.312871e+00	2.908874e-02
4.610000e-01	-6.709584e-01	6.807152e-01	-1.283738e+00	-1.312827e+00	2.908932e-02
4.620000e-01	-6.709853e-01	6.807462e-01	-1.283798e+00	-1.312884e+00	2.908643e-02
4.630000e-01	-6.709817e-01	6.807405e-01	-1.283776e+00	-1.312870e+00	2.909383e-02
4.640000e-01	-6.710131e-01	6.807738e-01	-1.283833e+00	-1.312930e+00	2.909665e-02
4.650000e-01	-6.709944e-01	6.807532e-01	-1.283794e+00	-1.312892e+00	2.909716e-02
4.660000e-01	-6.710050e-01	6.807673e-01	-1.283823e+00	-1.312917e+00	2.909349e-02
4.670000e-01	-6.709894e-01	6.807471e-01	-1.283794e+00	-1.312886e+00	2.909235e-02
4.680000e-01	-6.710015e-01	6.807600e-01	-1.283834e+00	-1.312918e+00	2.908450e-02
4.690000e-01	-6.709873e-01	6.807441e-01	-1.283789e+00	-1.312882e+00	2.909268e-02
4.700000e-01	-6.710238e-01	6.807843e-01	-1.283856e+00	-1.312952e+00	2.909573e-02
4.710000e-01	-6.710165e-01	6.807762e-01	-1.283830e+00	-1.312931e+00	2.910168e-02
4.720000e-01	-6.710197e-01	6.807813e-01	-1.283855e+00	-1.312947e+00	2.909213e-02
4.730000e-01	-6.710004e-01	6.807586e-01	-1.283818e+00	-1.312909e+00	2.909145e-02
4.740000e-01	-6.710256e-01	6.807852e-01	-1.283873e+00	-1.312962e+00	2.908900e-02
4.750000e-01	-6.710092e-01	6.807682e-01	-1.283828e+00	-1.312923e+00	2.909512e-02
4.760000e-01	-6.710297e-01	6.807919e-01	-1.283874e+00	-1.312967e+00	2.909273e-02
4.770000e-01	-6.710165e-01	6.807768e-01	-1.283840e+00	-1.312937e+00	2.909641e-02
4.780000e-01	-6.710416e-01	6.808050e-01	-1.283893e+00	-1.312988e+00	2.909527e-02
4.790000e-01	-6.710364e-01	6.807988e-01	-1.283866e+00	-1.312969e+00	2.910354e-02
4.800000e-01	-6.710533e-01	6.808179e-01	-1.283911e+00	-1.313009e+00	2.909766e-02
4.810000e-01	-6.710344e-01	6.807957e-01	-1.283868e+00	-1.312968e+00	2.910051e-02
4.820000e-01	-6.710552e-01	6.808183e-01	-1.283912e+00	-1.313011e+00	2.909925e-02
4.830000e-01	-6.710446e-01	6.808053e-01	-1.283886e+00	-1.312987e+00	2.910175e-02
4.840000e-01	-6.710615e-01	6.808248e-01	-1.283929e+00	-1.313026e+00	2.909721e-02
4.850000e-01	-6.710476e-01	6.808084e-01	-1.283894e+00	-1.312994e+00	2.910084e-02
4.860000e-01	-6.710663e-01	6.808299e-01	-1.283940e+00	-1.313036e+00	2.909651e-02
4.870000e-01	-6.710511e-01	6.808105e-01	-1.283898e+00	-1.313000e+00	2.910200e-02
4.880000e-01	-6.710755e-01	6.808362e-01	-1.283953e+00	-1.313052e+00	2.909873e-02
4.890000e-01	-6.710563e-01	6.808156e-01	-1.283915e+00	-1.313014e+00	2.909865e-02
4.900000e-01	-6.710614e-01	6.808246e-01	-1.283936e+00	-1.313029e+00	2.909345e-02
4.910000e-01	-6.710556e-01	6.808158e-01	-1.283911e+00	-1.313011e+00	2.909987e-02
4.920000e-01	-6.710784e-01	6.808415e-01	-1.283960e+00	-1.313058e+00	2.909861e-02
4.930000e-01	-6.710658e-01	6.808276e-01	-1.283920e+00	-1.313026e+00	2.910565e-02
4.940000e-01	-6.711039e-01	6.808690e-01	-1.283990e+00	-1.313099e+00	2.910875e-02
4.950000e-01	-6.710856e-01	6.808480e-01	-1.283954e+00	-1.313063e+00	2.910851e-02
4.960000e-01	-6.710846e-01	6.808494e-01	-1.283972e+00	-1.313071e+00	2.909856e-02
4.970000e-01	-6.710549e-01	6.808168e-01	-1.283914e+00	-1.313012e+00	2.909798e-02
4.980000e-01	-6.710858e-01	6.808497e-01	-1.283975e+00	-1.313073e+00	2.909848e-02
4.990000e-01	-6.710708e-01	6.808328e-01	-1.283935e+00	-1.313038e+00	2.910312e-02
5.000000e-01	-6.710879e-01	6.808539e-01	-1.283975e+00	-1.313076e+00	2.910020e-02
5.010000e-01	-6.710802e-01	6.808446e-01	-1.283952e+00	-1.313056e+00	2.910438e-02
5.020000e-01	-6.711053e-01	6.808719e-01	-1.283997e+00	-1.313104e+00	2.910661e-02
5.030000e-01	-6.710907e-01	6.808551e-01	-1.283957e+00	-1.313069e+00	2.911230e-02
5.040000e-01	-6.711043e-01	6.808700e-01	-1.284000e+00	-1.313104e+00	2.910427e-02
5.050000e-01	-6.710797e-01	6.808418e-01	-1.283952e+00	-1.313056e+00	2.910351e-02
5.060000e-01	-6.710965e-01	6.808613e-01	-1.283995e+00	-1.313094e+00	2.909905e-02
5.070000e-01	-6.710938e-01	6.808571e-01	-1.283972e+00	-1.313080e+00	2.910785e-02
5.080000e-01	-6.711274e-01	6.808923e-01	-1.284038e+00	-1.313146e+00	2.910830e-02
5.090000e-01	-6.710943e-01	6.808558e-01	-1.283974e+00	-1.313081e+00	2.910725e-02
5.100000e-01	-6.710909e-01	6.808552e-01	-1.283991e+00	-1.313086e+00	2.909552e-02
5.110000e-01	-6.710727e-01	6.808333e-01	-1.283955e+00	-1.313050e+00	2.909521e-02
5.120000e-01	-6.711039e-01	6.808656e-01	-1.284012e+00	-1.313110e+00	2.909769e-02
5.130000e-01	-6.711018e-01	6.808622e-01	-1.283996e+00	-1.313100e+00	2.910403e-02
5.140000e-01	-6.711229e-01	6.808879e-01	-1.284035e+00	-1.313141e+00	2.910531e-02
5.150000e-01	-6.711064e-01	6.808684e-01	-1.283991e+00	-1.313102e+00	2.911070e-02
5.160000e-01	-6.711181e-01	6.808805e-01	-1.284035e+00	-1.313136e+00	2.910070e-02
5.170000e-01	-6.710905e-01	6.808497e-01	-1.283979e+00	-1.313080e+00	2.910090e-02
5.180000e-01	-6.711217e-01	6.808837e-01	-1.284039e+00	-1.313141e+00	2.910237e-02
5.190000e-01	-6.711077e-01	6.808679e-01	-1.284004e+00	-1.313110e+00	2.910549e-02
5.200000e-01	-6.711183e-01	6.808828e-01	-1.284028e+00	-1.313132e+00	2.910424e-02
5.210000e-01	-6.710978e-01	6.808604e-01	-1.283982e+00	-1.313089e+00	2.910689e-02
5.220000e-01	-6.711246e-01	6.808904e-01	-1.284037e+00	-1.313143e+00	2.910602e-02
5.230000e-01	-6.711136e-01	6.808757e-01	-1.284005e+00	-1.313116e+00	2.911103e-02
5.240000e-01	-6.711239e-01	6.808894e-01	-1.284038e+00	-1.313143e+00	2.910487e-02
5.250000e-01	-6.711069e-01	6.808716e-01	-1.283992e+00	-1.313103e+00	2.911111e-02
5.260000e-01	-6.711380e-01	6.809064e-01	-1.284053e+00	-1.313165e+00	2.911135e-02
5.270000e-01	-6.711220e-01	6.808868e-01	-1.284015e+00	-1.313129e+00	2.911472e-02
5.280000e-01	-6.711425e-01	6.809084e-01	-1.284068e+00	-1.313177e+00	2.910822e-02
5.290000e-01	-6.711001e-01	6.808624e-01	-1.283994e+00	-1.313097e+00	2.910318e-02
5.300000e-01	-6.711283e-01	6.808927e-01	-1.284051e+00	-1.313154e+00	2.910306e-02
5.310000e-01	-6.711058e-01	6.808662e-01	-1.284007e+00	-1.313109e+00	2.910228e-02
5.320000e-01	-6.711284e-01	6.808916e-01	-1.284053e+00	-1.313155e+00	2.910179e-02
5.330000e-01	-6.711227e-01	6.808829e-01	-1.284027e+00	-1.313136e+00	2.910908e-02
5.340000e-01	-6.711519e-01	6.809170e-01	-1.284084e+00	-1.313194e+00	2.911010e-02
5.350000e-01	-6.711200e-01	6.808812e-01	-1.284022e+00	-1.313131e+00	2.910874e-02
5.360000e-01	-6.711310e-01	6.808949e-01	-1.284055e+00	-1.313158e+00	2.910350e-02
5.370000e-01	-6.711133e-01	6.808726e-01	-1.284018e+00	-1.313122e+00	2.910439e-02
5.380000e-01	-6.711356e-01	6.808991e-01	-1.284065e+00	-1.313168e+00	2.910336e-02
5.390000e-01	-6.711267e-01	6.808868e-01	-1.284030e+00	-1.313142e+00	2.911155e-02
5.400000e-01	-6.711569e-01	6.809193e-01	-1.284096e+00	-1.313205e+00	2.910873e-02
5.410000e-01	-6.711305e-01	6.808879e-01	-1.284039e+00	-1.313150e+00	2.911119e-02
5.420000e-01	-6.711485e-01	6.809100e-01	-1.284079e+00	-1.313188e+00	2.910897e-02
5.430000e-01	-6.711248e-01	6.808843e-01	-1.284035e+00	-1.313142e+00	2.910741e-02
5.440000e-01	-6.711393e-01	6.809018e-01	-1.284072e+00	-1.313175e+00	2.910332e-02
5.450000e-01	-6.711193e-01	6.808779e-01	-1.284027e+00	-1.313133e+00	2.910604e-02
5.460000e-01	-6.711467e-01	6.809077e-01	-1.284087e+00	-1.313190e+00	2.910303e-02
5.470000e-01	-6.711327e-01	6.808916e-01	-1.284046e+00	-1.313156e+00	2.910953e-02
5.480000e-01	-6.711557e-01	6.809182e-01	-1.284097e+00	-1.313204e+00	2.910726e-02
5.490000e-01	-6.711365e-01	6.808989e-01	-1.284050e+00	-1.313162e+00	2.911146e-02
5.500000e-01	-6.711659e-01	6.809330e-01	-1.284102e+00	-1.313217e+00	2.911471e-02
5.510000e-01	-6.711362e-01	6.808997e-01	-1.284040e+00	-1.313156e+00	2.911624e-02
5.520000e-01	-6.711477e-01	6.809121e-01	-1.284083e+00	-1.313189e+00	2.910639e-02
5.530000e-01	-6.711135e-01	6.808753e-01	-1.284019e+00	-1.313123e+00	2.910398e-02
5.540000e-01	-6.711421e-01	6.809061e-01	-1.284073e+00	-1.313179e+00	2.910553e-02
5.550000e-01	-6.711301e-01	6.808913e-01	-1.284044e+00	-1.313152e+00	2.910813e-02
5.560000e-01	-6.711562e-01	6.809204e-01	-1.284098e+00	-1.313205e+00	2.910736e-02
5.570000e-01	-6.711412e-01	6.809026e-01	-1.284062e+00	-1.313172e+00	2.911031e-02
5.580000e-01	-6.711672e-01	6.809299e-01	-1.284121e+00	-1.313228e+00	2.910669e-02
5.590000e-01	-6.711354e-01	6.808948e-01	-1.284060e+00	-1.313165e+00	2.910526e-02
5.600000e-01	-6.711458e-01	6.809073e-01	-1.284085e+00	-1.313188e+00	2.910315e-02
5.610000e-01	-6.711357e-01	6.808942e-01	-1.284060e+00	-1.313166e+00	2.910582e-02
5.620000e-01	-6.711591e-01	6.809207e-01	-1.284107e+00	-1.313212e+00	2.910569e-02
5.630000e-01	-6.711428e-01	6.809039e-01	-1.284061e+00	-1.313173e+00	2.911231e-02
5.640000e-01	-6.711604e-01	6.809246e-01	-1.284103e+00	-1.313212e+00	2.910886e-02
5.650000e-01	-6.711404e-01	6.809003e-01	-1.284062e+00	-1.313171e+00	2.910951e-02
5.660000e-01	-6.711521e-01	6.809141e-01	-1.284094e+00	-1.313199e+00	2.910508e-02
5.670000e-01	-6.711290e-01	6.808898e-01	-1.284047e+00	-1.313153e+00	2.910538e-02
5.680000e-01	-6.711534e-01	6.809179e-01	-1.284094e+00	-1.313200e+00	2.910656e-02
5.690000e-01	-6.711549e-01	6.809193e-01	-1.284075e+00	-1.313192e+00	2.911745e-02
5.700000e-01	-6.711845e-01	6.809517e-01	-1.284134e+00	-1.313251e+00	2.911767e-02
5.710000e-01	-6.711468e-01	6.809099e-01	-1.284065e+00	-1.313179e+00	2.911430e-02
5.720000e-01	-6.711609e-01	6.809254e-01	-1.284103e+00	-1.313213e+00	2.910913e-02
5.730000e-01	-6.711244e-01	6.808870e-01	-1.284042e+00	-1.313145e+00	2.910364e-02
5.740000e-01	-6.711434e-01	6.809077e-01	-1.284081e+00	-1.313184e+00	2.910269e-02
5.750000e-01	-6.711351e-01	6.808979e-01	-1.284050e+00	-1.313160e+00	2.910986e-02
5.760000e-01	-6.711673e-01	6.809322e-01	-1.284113e+00	-1.313224e+00	2.911096e-02
5.770000e-01	-6.711495e-01	6.809136e-01	-1.284073e+00	-1.313186e+00	2.911310e-02
5.780000e-01	-6.711738e-01	6.809407e-01	-1.284123e+00	-1.313235e+00	2.911234e-02
5.790000e-01	-6.711605e-01	6.809241e-01	-1.284091e+00	-1.313206e+00	2.911507e-02
5.800000e-01	-6.711638e-01	6.809295e-01	-1.284112e+00	-1.313220e+00	2.910778e-02
5.810000e-01	-6.711338e-01	6.808973e-01	-1.284049e+00	-1.313158e+00	2.910953e-02
5.820000e-01	-6.711528e-01	6.809176e-01	-1.284097e+00	-1.313201e+00	2.910443e-02
5.830000e-01	-6.711456e-01	6.809068e-01	-1.284073e+00	-1.313182e+00	2.910902e-02
5.840000e-01	-6.711704e-01	6.809327e-01	-1.284122e+00	-1.313231e+00	2.910951e-02
5.850000e-01	-6.711609e-01	6.809207e-01	-1.284100e+00	-1.313211e+00	2.911110e-02
5.860000e-01	-6.711698e-01	6.809327e-01	-1.284121e+00	-1.313230e+00	2.910924e-02
5.870000e-01	-6.711407e-01	6.809013e-01	-1.284067e+00	-1.313174e+00	2.910730e-02
5.880000e-01	-6.711484e-01	6.809098e-01	-1.284098e+00	-1.313198e+00	2.909921e-02
5.890000e-01	-6.711346e-01	6.808941e-01	-1.284059e+00	-1.313164e+00	2.910500e-02
5.900000e-01	-6.711559e-01	6.809188e-01	-1.284101e+00	-1.313206e+00	2.910546e-02
5.910000e-01	-6.711526e-01	6.809150e-01	-1.284079e+00	-1.313192e+00	2.911309e-02
5.920000e-01	-6.711766e-01	6.809423e-01	-1.284126e+00	-1.313240e+00	2.911361e-02
5.930000e-01	-6.711573e-01	6.809204e-01	-1.284082e+00	-1.313199e+00	2.911604e-02
5.940000e-01	-6.711679e-01	6.809329e-01	-1.284115e+00	-1.313226e+00	2.911026e-02
5.950000e-01	-6.711456e-01	6.809086e-01	-1.284069e+00	-1.313180e+00	2.911098e-02
5.960000e-01	-6.711605e-01	6.809256e-01	-1.284103e+00	-1.313212e+00	2.910892e-02
5.970000e-01	-6.711393e-01	6.809038e-01	-1.284063e+00	-1.313171e+00	2.910787e-02
5.980000e-01	-6.711697e-01	6.809365e-01	-1.284118e+00	-1.313229e+00	2.911075e-02
5.990000e-01	-6.711564e-01	6.809205e-01	-1.284081e+00	-1.313197e+00	2.911598e-02
6.000000e-01	-6.711712e-01	6.809365e-01	-1.284124e+00	-1.313233e+00	2.910940e-02
6.010000e-01	-6.711355e-01	6.808989e-01	-1.284060e+00	-1.313165e+00	2.910554e-02
6.020000e-01	-6.711601e-01	6.809261e-01	-1.284104e+00	-1.313212e+00	2.910797e-02
6.030000e-01	-6.711442e-01	6.809081e-01	-1.284071e+00	-1.313180e+00	2.910871e-02
6.040000e-01	-6.711708e-01	6.809360e-01	-1.284125e+00	-1.313234e+00	2.910815e-02
6.050000e-01	-6.711483e-01	6.809117e-01	-1.284075e+00	-1.313186e+00	2.911087e-02
6.060000e-01	-6.711752e-01	6.809404e-01	-1.284129e+00	-1.313240e+00	2.911064e-02
6.070000e-01	-6.711492e-01	6.809114e-01	-1.284081e+00	-1.313190e+00	2.910858e-02
6.080000e-01	-6.711569e-01	6.809199e-01	-1.284103e+00	-1.313208e+00	2.910541e-02
6.090000e-01	-6.711425e-01	6.809055e-01	-1.284074e+00	-1.313179e+00	2.910567e-02
6.100000e-01	-6.711706e-01	6.809351e-01	-1.284124e+00	-1.313233e+00	2.910858e-02
6.110000e-01	-6.711585e-01	6.809227e-01	-1.284090e+00	-1.313203e+00	2.911363e-02
6.120000e-01	-6.711715e-01	6.809363e-01	-1.284124e+00	-1.313233e+00	2.910968e-02
6.130000e-01	-6.711433e-01	6.809061e-01	-1.284072e+00	-1.313179e+00	2.910742e-02
6.140000e-01	-6.711685e-01	6.809320e-01	-1.284117e+00	-1.313227e+00	2.910977e-02
6.150000e-01	-6.711466e-01	6.809111e-01	-1.284076e+00	-1.313184e+00	2.910868e-02
6.160000e-01	-6.711565e-01	6.809223e-01	-1.284098e+00	-1.313206e+00	2.910732e-02
6.170000e-01	-6.711315e-01	6.808957e-01	-1.284048e+00	-1.313156e+00	2.910729e-02
6.180000e-01	-6.711527e-01	6.809174e-01	-1.284093e+00	-1.313199e+00	2.910616e-02
6.190000e-01	-6.711481e-01	6.809147e-01	-1.284072e+00	-1.313184e+00	2.911229e-02
6.200000e-01	-6.711750e-01	6.809437e-01	-1.284119e+00	-1.313234e+00	2.911567e-02
6.210000e-01	-6.711572e-01	6.809244e-01	-1.284086e+00	-1.313200e+00	2.911394e-02
6.220000e-01	-6.711672e-01	6.809347e-01	-1.284114e+00	-1.313224e+00	2.911007e-02
6.230000e-01	-6.711502e-01	6.809164e-01	-1.284075e+00	-1.313188e+00	2.911280e-02
6.240000e-01	-6.711739e-01	6.809402e-01	-1.284125e+00	-1.313236e+00	2.911129e-02
6.250000e-01	-6.711487e-01	6.809141e-01	-1.284078e+00	-1.313188e+00	2.910975e-02
6.260000e-01	-6.711603e-01	6.809265e-01	-1.284105e+00	-1.313213e+00	2.910802e-02
6.270000e-01	-6.711526e-01	6.809167e-01	-1.284087e+00	-1.313196e+00	2.910889e-02
6.280000e-01	-6.711676e-01	6.809313e-01	-1.284121e+00	-1.313228e+00	2.910687e-02
6.290000e-01	-6.711425e-01	6.809060e-01	-1.284071e+00	-1.313178e+00	2.910723e-02
6.300000e-01	-6.711584e-01	6.809236e-01	-1.284107e+00	-1.313212e+00	2.910512e-02
6.310000e-01	-6.711427e-01	6.809055e-01	-1.284073e+00	-1.313179e+00	2.910638e-02
6.320000e-01	-6.711565e-01	6.809186e-01	-1.284106e+00	-1.313210e+00	2.910332e-02
6.330000e-01	-6.711521e-01	6.809144e-01	-1.284091e+00	-1.313198e+00	2.910648e-02
6.340000e-01	-6.711780e-01	6.809425e-01	-1.284134e+00	-1.313245e+00	2.911095e-02
6.350000e-01	-6.711546e-01	6.809190e-01	-1.284080e+00	-1.313195e+00	2.911443e-02
6.360000e-01	-6.711769e-01	6.809426e-01	-1.284130e+00	-1.313242e+00	2.911213e-02
6.370000e-01	-6.711521e-01	6.809169e-01	-1.284083e+00	-1.313193e+00	2.911066e-02
6.380000e-01	-6.711739e-01	6.809397e-01	-1.284121e+00	-1.313234e+00	2.911344e-02
6.390000e-01	-6.711497e-01	6.809147e-01	-1.284082e+00	-1.313191e+00	2.910875e-02
6.400000e-01	-6.711618e-01	6.809281e-01	-1.284109e+00	-1.313216e+00	2.910712e-02
6.410000e-01	-6.711353e-01	6.809005e-01	-1.284058e+00	-1.313164e+00	2.910615e-02
6.420000e-01	-6.711666e-01	6.809335e-01	-1.284113e+00	-1.313223e+00	2.910990e-02
6.430000e-01	-6.711494e-01	6.809167e-01	-1.284072e+00	-1.313185e+00	2.911350e-02
6.440000e-01	-6.711757e-01	6.809438e-01	-1.284123e+00	-1.313237e+00	2.911414e-02
6.450000e-01	-6.711399e-01	6.809059e-01	-1.284061e+00	-1.313170e+00	2.910953e-02
6.460000e-01	-6.711639e-01	6.809299e-01	-1.284105e+00	-1.313216e+00	2.911133e-02
6.470000e-01	-6.711437e-01	6.809089e-01	-1.284062e+00	-1.313175e+00	2.911260e-02
6.480000e-01	-6.711642e-01	6.809315e-01	-1.284108e+00	-1.313218e+00	2.911025e-02
6.490000e-01	-6.711552e-01	6.809229e-01	-1.284084e+00	-1.313197e+00	2.911318e-02
6.500000e-01	-6.711697e-01	6.809381e-01	-1.284113e+00	-1.313226e+00	2.911343e-02
6.510000e-01	-6.711396e-01	6.809040e-01	-1.284066e+00	-1.313173e+00	2.910659e-02
6.520000e-01	-6.711510e-01	6.809143e-01	-1.284100e+00	-1.313201e+00	2.910092e-02
6.530000e-01	-6.711366e-01	6.808980e-01	-1.284067e+00	-1.313170e+00	2.910305e-02
6.540000e-01	-6.711558e-01	6.809210e-01	-1.284107e+00	-1.313209e+00	2.910250e-02
6.550000e-01	-6.711532e-01	6.809195e-01	-1.284085e+00	-1.313195e+00	2.911082e-02
6.560000e-01	-6.711953e-01	6.809619e-01	-1.284153e+00	-1.313272e+00	2.911871e-02
6.570000e-01	-6.711622e-01	6.809266e-01	-1.284100e+00	-1.313212e+00	2.911208e-02
6.580000e-01	-6.711700e-01	6.809350e-01	-1.284119e+00	-1.313229e+00	2.911065e-02
6.590000e-01	-6.711490e-01	6.809109e-01	-1.284078e+00	-1.313188e+00	2.910981e-02
6.600000e-01	-6.711674e-01	6.809291e-01	-1.284122e+00	-1.313229e+00	2.910618e-02
6.610000e-01	-6.711300e-01	6.808920e-01	-1.284051e+00	-1.313156e+00	2.910445e-02
6.620000e-01	-6.711677e-01	6.809339e-01	-1.284109e+00	-1.313222e+00	2.911334e-02
6.630000e-01	-6.711640e-01	6.809304e-01	-1.284098e+00	-1.313213e+00	2.911480e-02
6.640000e-01	-6.711685e-01	6.809362e-01	-1.284116e+00	-1.313226e+00	2.911058e-02
6.650000e-01	-6.711368e-01	6.809031e-01	-1.284056e+00	-1.313165e+00	2.910863e-02
6.660000e-01	-6.711659e-01	6.809321e-01	-1.284112e+00	-1.313222e+00	2.911009e-02
6.670000e-01	-6.711463e-01	6.809122e-01	-1.284070e+00	-1.313181e+00	2.911133e-02
6.680000e-01	-6.711736e-01	6.809425e-01	-1.284121e+00	-1.313234e+00	2.911316e-02
6.690000e-01	-6.711575e-01	6.809259e-01	-1.284086e+00	-1.313201e+00	2.911433e-02
6.700000e-01	-6.711822e-01	6.809499e-01	-1.284132e+00	-1.313248e+00	2.911625e-02
6.710000e-01	-6.711530e-01	6.809184e-01	-1.284080e+00	-1.313193e+00	2.911291e-02
6.720000e-01	-6.711661e-01	6.809320e-01	-1.284117e+00	-1.313225e+00	2.910758e-02
6.730000e-01	-6.711514e-01	6.809160e-01	-1.284086e+00	-1.313194e+00	2.910840e-02
6.740000e-01	-6.711716e-01	6.809370e-01	-1.284123e+00	-1.313233e+00	2.910995e-02
6.750000e-01	-6.711429e-01	6.809070e-01	-1.284076e+00	-1.313181e+00	2.910505e-02
6.760000e-01	-6.711635e-01	6.809280e-01	-1.284117e+00	-1.313222e+00	2.910490e-02
6.770000e-01	-6.711526e-01	6.809169e-01	-1.284083e+00	-1.313194e+00	2.911090e-02
6.780000e-01	-6.711793e-01	6.809465e-01	-1.284133e+00	-1.313246e+00	2.911284e-02
6.790000e-01	-6.711582e-01	6.809236e-01	-1.284092e+00	-1.313204e+00	2.911244e-02
6.800000e-01	-6.711793e-01	6.809435e-01	-1.284134e+00	-1.313246e+00	2.911229e-02
6.810000e-01	-6.711530e-01	6.809147e-01	-1.284094e+00	-1.313200e+00	2.910611e-02
6.820000e-01	-6.711706e-01	6.809345e-01	-1.284125e+00	-1.313233e+00	2.910821e-02
6.830000e-01	-6.711591e-01	6.809229e-01	-1.284094e+00	-1.313206e+00	2.911182e-02
6.840000e-01	-6.711717e-01	6.809351e-01	-1.284129e+00	-1.313236e+00	2.910705e-02
6.850000e-01	-6.711464e-01	6.809095e-01	-1.284078e+00	-1.313185e+00	2.910760e-02
6.860000e-01	-6.711648e-01	6.809299e-01	-1.284113e+00	-1.313221e+00	2.910852e-02
6.870000e-01	-6.711542e-01	6.809191e-01	-1.284087e+00	-1.313198e+00	2.911069e-02
6.880000e-01	-6.711751e-01	6.809407e-01	-1.284125e+00	-1.313238e+00	2.911251e-02
6.890000e-01	-6.711449e-01	6.809090e-01	-1.284065e+00	-1.313178e+00	2.911212e-02
6.900000e-01	-6.711802e-01	6.809474e-01	-1.284127e+00	-1.313244e+00	2.911653e-02
6.910000e-01	-6.711631e-01	6.809315e-01	-1.284090e+00	-1.313208e+00	2.911815e-02
6.920000e-01	-6.711880e-01	6.809572e-01	-1.284138e+00	-1.313257e+00	2.911915e-02
6.930000e-01	-6.711513e-01	6.809185e-01	-1.284078e+00	-1.313191e+00	2.911205e-02
6.940000e-01	-6.711645e-01	6.809324e-01	-1.284111e+00	-1.313220e+00	2.910904e-02
6.950000e-01	-6.711515e-01	6.809178e-01	-1.284080e+00	-1.313191e+00	2.911149e-02
6.960000e-01	-6.711783e-01	6.809450e-01	-1.284135e+00	-1.313246e+00	2.911062e-02
6.970000e-01	-6.711474e-01	6.809133e-01	-1.284078e+00	-1.313187e+00	2.910814e-02
6.980000e-01	-6.711778e-01	6.809447e-01	-1.284128e+00	-1.313242e+00	2.911390e-02
6.990000e-01	-6.711502e-01	6.809135e-01	-1.284085e+00	-1.313193e+00	2.910790e-02
7.000000e-01	-6.711671e-01	6.809315e-01	-1.284120e+00	-1.313227e+00	2.910693e-02
7.010000e-01	-6.711402e-01	6.809044e-01	-1.284069e+00	-1.313175e+00	2.910553e-02
7.020000e-01	-6.711747e-01	6.809398e-01	-1.284128e+00	-1.313239e+00	2.911061e-02
7.030000e-01	-6.711577e-01	6.809211e-01	-1.284090e+00	-1.313202e+00	2.911293e-02
7.040000e-01	-6.711816e-01	6.809474e-01	-1.284131e+00	-1.313247e+00	2.911597e-02
7.050000e-01	-6.711551e-01	6.809199e-01	-1.284088e+00	-1.313199e+00	2.911115e-02
7.060000e-01	-6.711703e-01	6.809355e-01	-1.284121e+00	-1.313231e+00	2.910967e-02
7.070000e-01	-6.711475e-01	6.809116e-01	-1.284076e+00	-1.313186e+00	2.910939e-02
7.080000e-01	-6.711745e-01	6.809399e-01	-1.284129e+00	-1.313239e+00	2.911021e-02
7.090000e-01	-6.711540e-01	6.809192e-01	-1.284086e+00	-1.313197e+00	2.911102e-02
7.100000e-01	-6.711711e-01	6.809372e-01	-1.284121e+00	-1.313232e+00	2.911061e-02
7.110000e-01	-6.711525e-01	6.809167e-01	-1.284089e+00	-1.313197e+00	2.910782e-02
7.120000e-01	-6.711756e-01	6.809401e-01	-1.284130e+00	-1.313241e+00	2.911060e-02
7.130000e-01	-6.711640e-01	6.809299e-01	-1.284094e+00	-1.313211e+00	2.911681e-02
7.140000e-01	-6.711822e-01	6.809509e-01	-1.284133e+00	-1.313248e+00	2.911590e-02
7.150000e-01	-6.711558e-01	6.809230e-01	-1.284081e+00	-1.313196e+00	2.911515e-02
7.160000e-01	-6.711691e-01	6.809353e-01	-1.284115e+00	-1.313226e+00	2.911174e-02
7.170000e-01	-6.711396e-01	6.809051e-01	-1.284067e+00	-1.313173e+00	2.910599e-02
7.180000e-01	-6.711643e-01	6.809317e-01	-1.284110e+00	-1.313219e+00	2.910905e-02
7.190000e-01	-6.711510e-01	6.809191e-01	-1.284074e+00	-1.313188e+00	2.911382e-02
7.200000e-01	-6.711739e-01	6.809433e-01	-1.284119e+00	-1.313234e+00	2.911425e-02
7.210000e-01	-6.711523e-01	6.809203e-01	-1.284078e+00	-1.313191e+00	2.911324e-02
7.220000e-01	-6.711837e-01	6.809522e-01	-1.284134e+00	-1.313251e+00	2.911665e-02
7.230000e-01	-6.711641e-01	6.809292e-01	-1.284105e+00	-1.313216e+00	2.911182e-02
7.240000e-01	-6.711688e-01	6.809333e-01	-1.284122e+00	-1.313230e+00	2.910760e-02
7.250000e-01	-6.711444e-01	6.809085e-01	-1.284071e+00	-1.313180e+00	2.910883e-02
7.260000e-01	-6.711762e-01	6.809415e-01	-1.284133e+00	-1.313243e+00	2.910991e-02
7.270000e-01	-6.711541e-01	6.809177e-01	-1.284090e+00	-1.313199e+00	2.910891e-02
7.280000e-01	-6.711762e-01	6.809415e-01	-1.284132e+00	-1.313242e+00	2.911029e-02
7.290000e-01	-6.711597e-01	6.809254e-01	-1.284100e+00	-1.313210e+00	2.910953e-02
7.300000e-01	-6.711769e-01	6.809436e-01	-1.284129e+00	-1.313241e+00	2.911245e-02
7.310000e-01	-6.711490e-01	6.809139e-01	-1.284076e+00	-1.313187e+00	2.911099e-02
7.320000e-01	-6.711811e-01	6.809473e-01	-1.284135e+00	-1.313249e+00	2.911358e-02
7.330000e-01	-6.711680e-01	6.809350e-01	-1.284103e+00	-1.313220e+00	2.911649e-02
7.340000e-01	-6.711768e-01	6.809447e-01	-1.284123e+00	-1.313238e+00	2.911545e-02
7.350000e-01	-6.711441e-01	6.809106e-01	-1.284069e+00	-1.313178e+00	2.910984e-02
7.360000e-01	-6.711599e-01	6.809270e-01	-1.284102e+00	-1.313211e+00	2.910887e-02
7.370000e-01	-6.711424e-01	6.809096e-01	-1.284064e+00	-1.313175e+00	2.911028e-02
7.380000e-01	-6.711774e-01	6.809467e-01	-1.284128e+00	-1.313241e+00	2.911353e-02
7.390000e-01	-6.711637e-01	6.809328e-01	-1.284095e+00	-1.313211e+00	2.911612e-02
7.400000e-01	-6.711877e-01	6.809569e-01	-1.284138e+00	-1.313257e+00	2.911841e-02
7.410000e-01	-6.711708e-01	6.809398e-01	-1.284105e+00	-1.313223e+00	2.911850e-02
7.420000e-01	-6.711837e-01	6.809538e-01	-1.284132e+00	-1.313250e+00	2.911758e-02
7.430000e-01	-6.711481e-01	6.809175e-01	-1.284075e+00	-1.313185e+00	2.911083e-02
7.440000e-01	-6.711642e-01	6.809305e-01	-1.284116e+00	-1.313222e+00	2.910625e-02
7.450000e-01	-6.711429e-01	6.809084e-01	-1.284076e+00	-1.313181e+00	2.910488e-02
7.460000e-01	-6.711732e-01	6.809406e-01	-1.284121e+00	-1.313234e+00	2.911294e-02
7.470000e-01	-6.711639e-01	6.809326e-01	-1.284101e+00	-1.313215e+00	2.911327e-02
7.480000e-01	-6.711831e-01	6.809505e-01	-1.284142e+00	-1.313254e+00	2.911202e-02
7.490000e-01	-6.711622e-01	6.809291e-01	-1.284104e+00	-1.313214e+00	2.911006e-02
7.500000e-01	-6.711807e-01	6.809469e-01	-1.284140e+00	-1.313251e+00	2.911068e-02
7.510000e-01	-6.711558e-01	6.809226e-01	-1.284096e+00	-1.313204e+00	2.910785e-02
7.520000e-01	-6.711738e-01	6.809401e-01	-1.284126e+00	-1.313237e+00	2.911103e-02
7.530000e-01	-6.711771e-01	6.809445e-01	-1.284125e+00	-1.313240e+00	2.911452e-02
7.540000e-01	-6.711856e-01	6.809527e-01	-1.284140e+00	-1.313255e+00	2.911577e-02
7.550000e-01	-6.711592e-01	6.809268e-01	-1.284094e+00	-1.313206e+00	2.911239e-02
7.560000e-01	-6.711709e-01	6.809375e-01	-1.284124e+00	-1.313233e+00	2.910900e-02
7.570000e-01	-6.711479e-01	6.809156e-01	-1.284080e+00	-1.313188e+00	2.910806e-02
7.580000e-01	-6.711650e-01	6.809327e-01	-1.284109e+00	-1.313220e+00	2.911057e-02
7.590000e-01	-6.711555e-01	6.809239e-01	-1.284090e+00	-1.313200e+00	2.911048e-02
7.600000e-01	-6.711728e-01	6.809415e-01	-1.284120e+00	-1.313233e+00	2.911274e-02
7.610000e-01	-6.711545e-01	6.809251e-01	-1.284083e+00	-1.313196e+00	2.911279e-02
7.620000e-01	-6.711835e-01	6.809545e-01	-1.284130e+00	-1.313248e+00	2.911857e-02
7.630000e-01	-6.711474e-01	6.809173e-01	-1.284069e+00	-1.313182e+00	2.911265e-02
7.640000e-01	-6.711626e-01	6.809304e-01	-1.284104e+00	-1.313214e+00	2.911078e-02
7.650000e-01	-6.711541e-01	6.809228e-01	-1.284090e+00	-1.313199e+00	2.910912e-02
7.660000e-01	-6.711751e-01	6.809453e-01	-1.284124e+00	-1.313237e+00	2.911305e-02
7.670000e-01	-6.711497e-01	6.809198e-01	-1.284075e+00	-1.313187e+00	2.911201e-02
7.680000e-01	-6.711769e-01	6.809456e-01	-1.284129e+00	-1.313242e+00	2.911224e-02
7.690000e-01	-6.711526e-01	6.809201e-01	-1.284089e+00	-1.313197e+00	2.910822e-02
7.700000e-01	-6.711686e-01	6.809352e-01	-1.284118e+00	-1.313228e+00	2.910944e-02
7.710000e-01	-6.711529e-01	6.809199e-01	-1.284092e+00	-1.313199e+00	2.910693e-02
7.720000e-01	-6.711806e-01	6.809473e-01	-1.284138e+00	-1.313250e+00	2.911154e-02
7.730000e-01	-6.711555e-01	6.809221e-01	-1.284090e+00	-1.313200e+00	2.911068e-02
7.740000e-01	-6.711774e-01	6.809454e-01	-1.284126e+00	-1.313240e+00	2.911441e-02
7.750000e-01	-6.711627e-01	6.809306e-01	-1.284098e+00	-1.313212e+00	2.911352e-02
7.760000e-01	-6.711733e-01	6.809406e-01	-1.284121e+00	-1.313234e+00	2.911284e-02
7.770000e-01	-6.711532e-01	6.809219e-01	-1.284087e+00	-1.313197e+00	2.910969e-02
7.780000e-01	-6.711688e-01	6.809364e-01	-1.284113e+00	-1.313225e+00	2.911225e-02
7.790000e-01	-6.711544e-01	6.809213e-01	-1.284086e+00	-1.313197e+00	2.911146e-02
7.800000e-01	-6.711694e-01	6.809361e-01	-1.284123e+00	-1.313231e+00	2.910808e-02
7.810000e-01	-6.711540e-01	6.809219e-01	-1.284091e+00	-1.313200e+00	2.910828e-02
7.820000e-01	-6.711806e-01	6.809495e-01	-1.284133e+00	-1.313247e+00	2.911417e-02
7.830000e-01	-6.711697e-01	6.809403e-01	-1.284107e+00	-1.313223e+00	2.911644e-02
7.840000e-01	-6.711888e-01	6.809593e-01	-1.284137e+00	-1.313257e+00	2.912026e-02
7.850000e-01	-6.711583e-01	6.809291e-01	-1.284085e+00	-1.313201e+00	2.911584e-02
7.860000e-01	-6.711674e-01	6.809370e-01	-1.284111e+00	-1.313223e+00	2.911197e-02
7.870000e-01	-6.711466e-01	6.809161e-01	-1.284073e+00	-1.313183e+00	2.910993e-02
7.880000e-01	-6.711803e-01	6.809483e-01	-1.284130e+00	-1.313245e+00	2.911543e-02
7.890000e-01	-6.711598e-01	6.809265e-01	-1.284097e+00	-1.313208e+00	2.911123e-02
7.900000e-01	-6.711764e-01	6.809443e-01	-1.284126e+00	-1.313239e+00	2.911333e-02
7.910000e-01	-6.711516e-01	6.809213e-01	-1.284082e+00	-1.313193e+00	2.911061e-02
7.920000e-01	-6.711694e-01	6.809388e-01	-1.284118e+00	-1.313228e+00	2.911058e-02
7.930000e-01	-6.711575e-01	6.809264e-01	-1.284095e+00	-1.313205e+00	2.910984e-02
7.940000e-01	-6.711854e-01	6.809536e-01	-1.284138e+00	-1.313255e+00	2.911628e-02
7.950000e-01	-6.711595e-01	6.809270e-01	-1.284096e+00	-1.313208e+00	2.911152e-02
7.960000e-01	-6.711893e-01	6.809569e-01	-1.284145e+00	-1.313262e+00	2.911683e-02
7.970000e-01	-6.711681e-01	6.809349e-01	-1.284108e+00	-1.313222e+00	2.911410e-02
7.980000e-01	-6.711782e-01	6.809437e-01	-1.284136e+00	-1.313246e+00	2.911041e-02
7.990000e-01	-6.711414e-01	6.809059e-01	-1.284076e+00	-1.313180e+00	2.910334e-02
8.000000e-01	-6.711661e-01	6.809304e-01	-1.284119e+00	-1.313225e+00	2.910668e-02
8.010000e-01	-6.711671e-01	6.809339e-01	-1.284111e+00	-1.313223e+00	2.911142e-02
8.020000e-01	-6.711816e-01	6.809499e-01	-1.284131e+00	-1.313247e+00	2.911625e-02
8.030000e-01	-6.711672e-01	6.809359e-01	-1.284101e+00	-1.313218e+00	2.911666e-02
8.040000e-01	-6.711849e-01	6.809528e-01	-1.284139e+00	-1.313255e+00	2.911531e-02
8.050000e-01	-6.711588e-01	6.809278e-01	-1.284093e+00	-1.313205e+00	2.911240e-02
8.060000e-01	-6.711809e-01	6.809516e-01	-1.284129e+00	-1.313245e+00	2.911653e-02
8.070000e-01	-6.711433e-01	6.809143e-01	-1.284068e+00	-1.313177e+00	2.910932e-02
8.080000e-01	-6.711740e-01	6.809433e-01	-1.284121e+00	-1.313234e+00	2.911360e-02
8.090000e-01	-6.711608e-01	6.809300e-01	-1.284093e+00	-1.313207e+00	2.911424e-02
8.100000e-01	-6.711843e-01	6.809532e-01	-1.284137e+00	-1.313253e+00	2.911573e-02
8.110000e-01	-6.711605e-01	6.809310e-01	-1.284091e+00	-1.313206e+00	2.911499e-02
8.120000e-01	-6.711742e-01	6.809443e-01	-1.284121e+00	-1.313235e+00	2.911386e-02
8.130000e-01	-6.711599e-01	6.809308e-01	-1.284099e+00	-1.313209e+00	2.911053e-02
8.140000e-01	-6.711705e-01	6.809403e-01	-1.284118e+00	-1.313230e+00	2.911130e-02
8.150000e-01	-6.711556e-01	6.809245e-01	-1.284088e+00	-1.313199e+00	2.911166e-02
8.160000e-01	-6.711767e-01	6.809448e-01	-1.284128e+00	-1.313241e+00	2.911249e-02
8.170000e-01	-6.711622e-01	6.809304e-01	-1.284103e+00	-1.313214e+00	2.911066e-02
8.180000e-01	-6.711854e-01	6.809535e-01	-1.284139e+00	-1.313255e+00	2.911578e-02
8.190000e-01	-6.711721e-01	6.809402e-01	-1.284114e+00	-1.313229e+00	2.911510e-02
8.200000e-01	-6.711898e-01	6.809576e-01	-1.284148e+00	-1.313264e+00	2.911560e-02
8.210000e-01	-6.711639e-01	6.809312e-01	-1.284103e+00	-1.313215e+00	2.911255e-02
8.220000e-01	-6.711758e-01	6.809417e-01	-1.284134e+00	-1.313243e+00	2.910881e-02
8.230000e-01	-6.711463e-01	6.809118e-01	-1.284083e+00	-1.313188e+00	2.910468e-02
8.240000e-01	-6.711673e-01	6.809321e-01	-1.284119e+00	-1.313227e+00	2.910802e-02
8.250000e-01	-6.711627e-01	6.809305e-01	-1.284106e+00	-1.313216e+00	2.910951e-02
8.260000e-01	-6.711861e-01	6.809548e-01	-1.284138e+00	-1.313255e+00	2.911706e-02
8.270000e-01	-6.711645e-01	6.809321e-01	-1.284102e+00	-1.313215e+00	2.911350e-02
8.280000e-01	-6.711814e-01	6.809480e-01	-1.284139e+00	-1.313251e+00	2.911196e-02
8.290000e-01	-6.711550e-01	6.809227e-01	-1.284088e+00	-1.313199e+00	2.911117e-02
8.300000e-01	-6.711787e-01	6.809475e-01	-1.284127e+00	-1.313242e+00	2.911507e-02
8.310000e-01	-6.711643e-01	6.809340e-01	-1.284101e+00	-1.313215e+00	2.911390e-02
8.320000e-01	-6.711855e-01	6.809550e-01	-1.284138e+00	-1.313255e+00	2.911639e-02
8.330000e-01	-6.711704e-01	6.809417e-01	-1.284106e+00	-1.313224e+00	2.911716e-02
8.340000e-01	-6.711922e-01	6.809634e-01	-1.284147e+00	-1.313266e+00	2.911874e-02
8.350000e-01	-6.711620e-01	6.809334e-01	-1.284095e+00	-1.313210e+00	2.911452e-02
8.360000e-01	-6.711750e-01	6.809447e-01	-1.284123e+00	-1.313237e+00	2.911332e-02
8.370000e-01	-6.711509e-01	6.809200e-01	-1.284087e+00	-1.313194e+00	2.910756e-02
8.380000e-01	-6.711772e-01	6.809455e-01	-1.284132e+00	-1.313243e+00	2.911101e-02
8.390000e-01	-6.711584e-01	6.809275e-01	-1.284098e+00	-1.313208e+00	2.910921e-02
8.400000e-01	-6.711920e-01	6.809609e-01	-1.284154e+00	-1.313269e+00	2.911482e-02
8.410000e-01	-6.711768e-01	6.809456e-01	-1.284121e+00	-1.313237e+00	2.911613e-02
8.420000e-01	-6.711919e-01	6.809592e-01	-1.284149e+00	-1.313267e+00	2.911723e-02
8.430000e-01	-6.711688e-01	6.809358e-01	-1.284118e+00	-1.313228e+00	2.910977e-02
8.440000e-01	-6.711722e-01	6.809385e-01	-1.284131e+00	-1.313238e+00	2.910655e-02
8.450000e-01	-6.711574e-01	6.809240e-01	-1.284098e+00	-1.313207e+00	2.910829e-02
8.460000e-01	-6.711920e-01	6.809587e-01	-1.284154e+00	-1.313269e+00	2.911504e-02
8.470000e-01	-6.711690e-01	6.809365e-01	-1.284107e+00	-1.313223e+00	2.911529e-02
8.480000e-01	-6.711851e-01	6.809528e-01	-1.284138e+00	-1.313254e+00	2.911606e-02
8.490000e-01	-6.711637e-01	6.809306e-01	-1.284108e+00	-1.313218e+00	2.910970e-02
8.500000e-01	-6.711838e-01	6.809492e-01	-1.284141e+00	-1.313254e+00	2.911331e-02
8.510000e-01	-6.711530e-01	6.809204e-01	-1.284085e+00	-1.313196e+00	2.911030e-02
8.520000e-01	-6.711850e-01	6.809541e-01	-1.284139e+00	-1.313255e+00	2.911540e-02
8.530000e-01	-6.711698e-01	6.809408e-01	-1.284107e+00	-1.313223e+00	2.911652e-02
8.540000e-01	-6.711912e-01	6.809613e-01	-1.284144e+00	-1.313263e+00	2.911910e-02
8.550000e-01	-6.711632e-01	6.809330e-01	-1.284103e+00	-1.313215e+00	2.911186e-02
8.560000e-01	-6.711808e-01	6.809496e-01	-1.284132e+00	-1.313247e+00	2.911469e-02
8.570000e-01	-6.711563e-01	6.809255e-01	-1.284090e+00	-1.313201e+00	2.911137e-02
8.580000e-01	-6.711688e-01	6.809378e-01	-1.284117e+00	-1.313227e+00	2.911031e-02
8.590000e-01	-6.711500e-01	6.809195e-01	-1.284080e+00	-1.313190e+00	2.910992e-02
8.600000e-01	-6.711872e-01	6.809562e-01	-1.284139e+00	-1.313257e+00	2.911779e-02
8.610000e-01	-6.711731e-01	6.809430e-01	-1.284116e+00	-1.313231e+00	2.911517e-02
8.620000e-01	-6.711807e-01	6.809511e-01	-1.284137e+00	-1.313249e+00	2.911210e-02
8.630000e-01	-6.711623e-01	6.809318e-01	-1.284098e+00	-1.313211e+00	2.911326e-02
8.640000e-01	-6.711853e-01	6.809531e-01	-1.284143e+00	-1.313257e+00	2.911368e-02
8.650000e-01	-6.711689e-01	6.809377e-01	-1.284114e+00	-1.313226e+00	2.911194e-02
8.660000e-01	-6.711873e-01	6.809560e-01	-1.284145e+00	-1.313260e+00	2.911487e-02
8.670000e-01	-6.711638e-01	6.809312e-01	-1.284112e+00	-1.313220e+00	2.910800e-02
8.680000e-01	-6.711712e-01	6.809367e-01	-1.284129e+00	-1.313236e+00	2.910666e-02
8.690000e-01	-6.711637e-01	6.809307e-01	-1.284104e+00	-1.313215e+00	2.911192e-02
8.700000e-01	-6.711926e-01	6.809605e-01	-1.284150e+00	-1.313268e+00	2.911741e-02
8.710000e-01	-6.711680e-01	6.809363e-01	-1.284109e+00	-1.313223e+00	2.911337e-02
8.720000e-01	-6.711784e-01	6.809440e-01	-1.284134e+00	-1.313245e+00	2.911141e-02
8.730000e-01	-6.711580e-01	6.809241e-01	-1.284103e+00	-1.313209e+00	2.910660e-02
8.740000e-01	-6.711778e-01	6.809448e-01	-1.284136e+00	-1.313246e+00	2.910964e-02
8.750000e-01	-6.711690e-01	6.809394e-01	-1.284105e+00	-1.313222e+00	2.911636e-02
8.760000e-01	-6.711958e-01	6.809668e-01	-1.284153e+00	-1.313272e+00	2.911934e-02
8.770000e-01	-6.711666e-01	6.809363e-01	-1.284102e+00	-1.313218e+00	2.911543e-02
8.780000e-01	-6.711774e-01	6.809451e-01	-1.284131e+00	-1.313243e+00	2.911200e-02
8.790000e-01	-6.711579e-01	6.809269e-01	-1.284102e+00	-1.313209e+00	2.910711e-02
8.800000e-01	-6.711816e-01	6.809511e-01	-1.284137e+00	-1.313250e+00	2.911312e-02
8.810000e-01	-6.711778e-01	6.809490e-01	-1.284120e+00	-1.313238e+00	2.911787e-02
8.820000e-01	-6.711816e-01	6.809529e-01	-1.284130e+00	-1.313246e+00	2.911681e-02
8.830000e-01	-6.711554e-01	6.809259e-01	-1.284087e+00	-1.313199e+00	2.911184e-02
8.840000e-01	-6.711748e-01	6.809431e-01	-1.284128e+00	-1.313239e+00	2.911107e-02
8.850000e-01	-6.711588e-01	6.809272e-01	-1.284101e+00	-1.313209e+00	2.910856e-02
8.860000e-01	-6.711851e-01	6.809527e-01	-1.284141e+00	-1.313256e+00	2.911471e-02
8.870000e-01	-6.711780e-01	6.809468e-01	-1.284117e+00	-1.313236e+00	2.911954e-02
8.880000e-01	-6.711998e-01	6.809686e-01	-1.284163e+00	-1.313281e+00	2.911854e-02
8.890000e-01	-6.711712e-01	6.809409e-01	-1.284114e+00	-1.313228e+00	2.911411e-02
8.900000e-01	-6.711923e-01	6.809607e-01	-1.284151e+00	-1.313268e+00	2.911671e-02
8.910000e-01	-6.711580e-01	6.809240e-01	-1.284105e+00	-1.313210e+00	2.910573e-02
8.920000e-01	-6.711585e-01	6.809222e-01	-1.284112e+00	-1.313215e+00	2.910243e-02
8.930000e-01	-6.711604e-01	6.809259e-01	-1.284102e+00	-1.313212e+00	2.910919e-02
8.940000e-01	-6.711866e-01	6.809542e-01	-1.284146e+00	-1.313259e+00	2.911384e-02
8.950000e-01	-6.711757e-01	6.809449e-01	-1.284121e+00	-1.313236e+00	2.911521e-02
8.960000e-01	-6.712023e-01	6.809711e-01	-1.284164e+00	-1.313284e+00	2.912034e-02
8.970000e-01	-6.711770e-01	6.809452e-01	-1.284125e+00	-1.313240e+00	2.911431e-02
8.980000e-01	-6.711857e-01	6.809531e-01	-1.284145e+00	-1.313258e+00	2.911336e-02
8.990000e-01	-6.711627e-01	6.809310e-01	-1.284098e+00	-1.313212e+00	2.911363e-02
9.000000e-01	-6.711777e-01	6.809449e-01	-1.284133e+00	-1.313244e+00	2.911103e-02
9.010000e-01	-6.711524e-01	6.809205e-01	-1.284088e+00	-1.313197e+00	2.910818e-02
9.020000e-01	-6.711728e-01	6.809419e-01	-1.284120e+00	-1.313233e+00	2.911296e-02
9.030000e-01	-6.711579e-01	6.809283e-01	-1.284093e+00	-1.313204e+00	2.911131e-02
9.040000e-01	-6.711800e-01	6.809505e-01	-1.284131e+00	-1.313246e+00	2.911437e-02
9.050000e-01	-6.711787e-01	6.809503e-01	-1.284120e+00	-1.313239e+00	2.911889e-02
9.060000e-01	-6.711979e-01	6.809691e-01	-1.284156e+00	-1.313276e+00	2.912016e-02
9.070000e-01	-6.711729e-01	6.809433e-01	-1.284114e+00	-1.313230e+00	2.911584e-02
9.080000e-01	-6.711777e-01	6.809453e-01	-1.284136e+00	-1.313246e+00	2.910988e-02
9.090000e-01	-6.711499e-01	6.809168e-01	-1.284090e+00	-1.313195e+00	2.910483e-02
9.100000e-01	-6.711821e-01	6.809495e-01	-1.284139e+00	-1.313251e+00	2.911280e-02
9.110000e-01	-6.711759e-01	6.809448e-01	-1.284119e+00	-1.313235e+00	2.911652e-02
9.120000e-01	-6.711824e-01	6.809521e-01	-1.284138e+00	-1.313252e+00	2.911327e-02
9.130000e-01	-6.711600e-01	6.809289e-01	-1.284101e+00	-1.313210e+00	2.910945e-02
9.140000e-01	-6.711800e-01	6.809454e-01	-1.284137e+00	-1.313249e+00	2.911134e-02
9.150000e-01	-6.711497e-01	6.809142e-01	-1.284088e+00	-1.313194e+00	2.910572e-02
9.160000e-01	-6.711742e-01	6.809387e-01	-1.284130e+00	-1.313239e+00	2.910934e-02
9.170000e-01	-6.711681e-01	6.809354e-01	-1.284109e+00	-1.313223e+00	2.911339e-02
9.180000e-01	-6.711937e-01	6.809631e-01	-1.284153e+00	-1.313270e+00	2.911742e-02
9.190000e-01	-6.711721e-01	6.809423e-01	-1.284111e+00	-1.313227e+00	2.911681e-02
9.200000e-01	-6.711906e-01	6.809582e-01	-1.284148e+00	-1.313264e+00	2.911681e-02
9.210000e-01	-6.711709e-01	6.809381e-01	-1.284117e+00	-1.313229e+00	2.911260e-02
9.220000e-01	-6.711744e-01	6.809422e-01	-1.284122e+00	-1.313236e+00	2.911327e-02
9.230000e-01	-6.711660e-01	6.809358e-01	-1.284101e+00	-1.313216e+00	2.911560e-02
9.240000e-01	-6.711827e-01	6.809513e-01	-1.284138e+00	-1.313252e+00	2.911359e-02
9.250000e-01	-6.711613e-01	6.809314e-01	-1.284095e+00	-1.313209e+00	2.911375e-02
9.260000e-01	-6.711781e-01	6.809481e-01	-1.284121e+00	-1.313239e+00	2.911734e-02
9.270000e-01	-6.711639e-01	6.809351e-01	-1.284099e+00	-1.313213e+00	2.911463e-02
9.280000e-01	-6.711832e-01	6.809540e-01	-1.284135e+00	-1.313251e+00	2.911581e-02
9.290000e-01	-6.711646e-01	6.809350e-01	-1.284100e+00	-1.313214e+00	2.911462e-02
9.300000e-01	-6.711905e-01	6.809599e-01	-1.284150e+00	-1.313266e+00	2.911532e-02
9.310000e-01	-6.711664e-01	6.809375e-01	-1.284103e+00	-1.313218e+00	2.911500e-02
9.320000e-01	-6.711863e-01	6.809574e-01	-1.284138e+00	-1.313255e+00	2.911748e-02
9.330000e-01	-6.711672e-01	6.809380e-01	-1.284109e+00	-1.313222e+00	2.911266e-02
9.340000e-01	-6.711782e-01	6.809465e-01	-1.284132e+00	-1.313244e+00	2.911207e-02
9.350000e-01	-6.711583e-01	6.809246e-01	-1.284098e+00	-1.313207e+00	2.910917e-02
9.360000e-01	-6.711754e-01	6.809390e-01	-1.284136e+00	-1.313243e+00	2.910761e-02
9.370000e-01	-6.711575e-01	6.809232e-01	-1.284100e+00	-1.313207e+00	2.910759e-02
9.380000e-01	-6.711748e-01	6.809423e-01	-1.284126e+00	-1.313238e+00	2.911177e-02
9.390000e-01	-6.711654e-01	6.809334e-01	-1.284108e+00	-1.313219e+00	2.911159e-02
9.400000e-01	-6.711919e-01	6.809593e-01	-1.284154e+00	-1.313269e+00	2.911477e-02
9.410000e-01	-6.711802e-01	6.809486e-01	-1.284127e+00	-1.313244e+00	2.911680e-02
9.420000e-01	-6.711966e-01	6.809649e-01	-1.284160e+00	-1.313276e+00	2.911676e-02
9.430000e-01	-6.711705e-01	6.809381e-01	-1.284116e+00	-1.313228e+00	2.911244e-02
9.440000e-01	-6.711819e-01	6.809479e-01	-1.284136e+00	-1.313250e+00	2.911375e-02
9.450000e-01	-6.711643e-01	6.809319e-01	-1.284109e+00	-1.313219e+00	2.910978e-02
9.460000e-01	-6.711799e-01	6.809484e-01	-1.284135e+00	-1.313247e+00	2.911250e-02
9.470000e-01	-6.711717e-01	6.809412e-01	-1.284114e+00	-1.313229e+00	2.911479e-02
9.480000e-01	-6.711832e-01	6.809509e-01	-1.284142e+00	-1.313254e+00	2.911229e-02
9.490000e-01	-6.711601e-01	6.809282e-01	-1.284100e+00	-1.313210e+00	2.911000e-02
9.500000e-01	-6.711777e-01	6.809457e-01	-1.284133e+00	-1.313244e+00	2.911121e-02
9.510000e-01	-6.711621e-01	6.809323e-01	-1.284104e+00	-1.313214e+00	2.911031e-02
9.520000e-01	-6.711733e-01	6.809445e-01	-1.284123e+00	-1.313235e+00	2.911166e-02
9.530000e-01	-6.711714e-01	6.809430e-01	-1.284109e+00	-1.313226e+00	2.911675e-02
9.540000e-01	-6.711923e-01	6.809631e-01	-1.284149e+00	-1.313267e+00	2.911802e-02
9.550000e-01	-6.711771e-01	6.809484e-01	-1.284117e+00	-1.313236e+00	2.911846e-02
9.560000e-01	-6.711934e-01	6.809624e-01	-1.284151e+00	-1.313269e+00	2.911778e-02
9.570000e-01	-6.711670e-01	6.809362e-01	-1.284110e+00	-1.313222e+00	2.911178e-02
9.580000e-01	-6.711679e-01	6.809367e-01	-1.284118e+00	-1.313227e+00	2.910876e-02
9.590000e-01	-6.711602e-01	6.809289e-01	-1.284099e+00	-1.313210e+00	2.911061e-02
9.600000e-01	-6.711833e-01	6.809498e-01	-1.284145e+00	-1.313256e+00	2.911087e-02
9.610000e-01	-6.711646e-01	6.809319e-01	-1.284111e+00	-1.313220e+00	2.910893e-02
9.620000e-01	-6.711834e-01	6.809507e-01	-1.284143e+00	-1.313255e+00	2.911207e-02
9.630000e-01	-6.711814e-01	6.809479e-01	-1.284136e+00	-1.313249e+00	2.911355e-02
9.640000e-01	-6.711965e-01	6.809624e-01	-1.284163e+00	-1.313278e+00	2.911524e-02
9.650000e-01	-6.711697e-01	6.809375e-01	-1.284111e+00	-1.313225e+00	2.911401e-02
9.660000e-01	-6.711841e-01	6.809518e-01	-1.284144e+00	-1.313256e+00	2.911217e-02
9.670000e-01	-6.711613e-01	6.809285e-01	-1.284103e+00	-1.313213e+00	2.910960e-02
9.680000e-01	-6.711757e-01	6.809416e-01	-1.284131e+00	-1.313241e+00	2.911046e-02
9.690000e-01	-6.711622e-01	6.809294e-01	-1.284108e+00	-1.313216e+00	2.910821e-02
9.700000e-01	-6.711785e-01	6.809458e-01	-1.284132e+00	-1.313244e+00	2.911269e-02
9.710000e-01	-6.711674e-01	6.809362e-01	-1.284106e+00	-1.313220e+00	2.911455e-02
9.720000e-01	-6.711870e-01	6.809575e-01	-1.284143e+00	-1.313259e+00	2.911529e-02
9.730000e-01	-6.711666e-01	6.809386e-01	-1.284096e+00	-1.313215e+00	2.911867e-02
9.740000e-01	-6.711837e-01	6.809543e-01	-1.284129e+00	-1.313248e+00	2.911893e-02
9.750000e-01	-6.711609e-01	6.809320e-01	-1.284097e+00	-1.313209e+00	2.911245e-02
9.760000e-01	-6.711768e-01	6.809474e-01	-1.284125e+00	-1.313239e+00	2.911446e-02
9.770000e-01	-6.711613e-01	6.809320e-01	-1.284097e+00	-1.313210e+00	2.911265e-02
9.780000e-01	-6.711782e-01	6.809471e-01	-1.284128e+00	-1.313242e+00	2.911413e-02
9.790000e-01	-6.711577e-01	6.809267e-01	-1.284087e+00	-1.313201e+00	2.911420e-02
9.800000e-01	-6.711774e-01	6.809447e-01	-1.284128e+00	-1.313242e+00	2.911319e-02
9.810000e-01	-6.711702e-01	6.809388e-01	-1.284114e+00	-1.313227e+00	2.911327e-02
9.820000e-01	-6.711852e-01	6.809542e-01	-1.284143e+00	-1.313256e+00	2.911390e-02
9.830000e-01	-6.711750e-01	6.809433e-01	-1.284118e+00	-1.313234e+00	2.911612e-02
9.840000e-01	-6.711879e-01	6.809550e-01	-1.284148e+00	-1.313262e+00	2.911375e-02
9.850000e-01	-6.711738e-01	6.809409e-01	-1.284121e+00	-1.313234e+00	2.911322e-02
9.860000e-01	-6.711930e-01	6.809614e-01	-1.284151e+00	-1.313269e+00	2.911733e-02
9.870000e-01	-6.711877e-01	6.809575e-01	-1.284140e+00	-1.313258e+00	2.911753e-02
9.880000e-01	-6.711945e-01	6.809614e-01	-1.284158e+00	-1.313273e+00	2.911575e-02
9.890000e-01	-6.711665e-01	6.809323e-01	-1.284109e+00	-1.313221e+00	2.911181e-02
9.900000e-01	-6.711726e-01	6.809386e-01	-1.284127e+00	-1.313236e+00	2.910906e-02
9.910000e-01	-6.711642e-01	6.809317e-01	-1.284105e+00	-1.313217e+00	2.911163e-02
9.920000e-01	-6.711774e-01	6.809427e-01	-1.284133e+00	-1.313244e+00	2.911076e-02
9.930000e-01	-6.711618e-01	6.809287e-01	-1.284105e+00	-1.313214e+00	2.910921e-02
9.940000e-01	-6.711721e-01	6.809405e-01	-1.284123e+00	-1.313233e+00	2.911083e-02
9.950000e-01	-6.711684e-01	6.809388e-01	-1.284105e+00	-1.313221e+00	2.911577e-02
9.960000e-01	-6.711840e-01	6.809536e-01	-1.284140e+00	-1.313254e+00	2.911401e-02
9.970000e-01	-6.711593e-01	6.809286e-01	-1.284096e+00	-1.313207e+00	2.911130e-02
9.980000e-01	-6.711835e-01	6.809538e-01	-1.284136e+00	-1.313251e+00	2.911547e-02
9.990000e-01	-6.711677e-01	6.809391e-01	-1.284107e+00	-1.313221e+00	2.911394e-02
1.000000e+00	-6.711942e-01	6.809650e-01	-1.284153e+00	-1.313270e+00	2.911785e-02
