# Force coefficients
# liftDir    : (0.000000e+00 1.000000e+00 0.000000e+00)
# dragDir    : (1.000000e+00 0.000000e+00 0.000000e+00)
# pitchAxis  : (0.000000e+00 0.000000e+00 1.000000e+00)
# magUInf    : 5.148000e+01
# lRef       : 4.530000e-01
# Aref       : 4.348800e-01
# CofR       : (0.000000e+00 0.000000e+00 0.000000e+00)
# Time       	Cm           	Cd           	Cl           	Cl(f)        	Cl(r)        	Cm	Cd	Cl	Cl(f)	Cl(r)
1.000000e-03	-1.775856e-03	1.970314e-03	-3.035533e-03	-3.293623e-03	2.580892e-04
2.000000e-03	-1.156249e-02	1.320444e-02	-2.101949e-02	-2.207223e-02	1.052740e-03
3.000000e-03	-1.992083e-02	2.273361e-02	-3.798028e-02	-3.891097e-02	9.306962e-04
4.000000e-03	-2.209891e-02	2.515520e-02	-4.404548e-02	-4.412166e-02	7.617107e-05
5.000000e-03	-2.254803e-02	2.536032e-02	-4.756659e-02	-4.633132e-02	-1.235262e-03
6.000000e-03	-2.339891e-02	2.572920e-02	-5.213036e-02	-4.946409e-02	-2.666272e-03
7.000000e-03	-2.504142e-02	2.680968e-02	-5.824180e-02	-5.416232e-02	-4.079482e-03
8.000000e-03	-2.874751e-02	3.013306e-02	-6.800327e-02	-6.274915e-02	-5.254119e-03
9.000000e-03	-3.393798e-02	3.511317e-02	-8.045818e-02	-7.416707e-02	-6.291112e-03
1.000000e-02	-3.954915e-02	4.063364e-02	-9.364416e-02	-8.637123e-02	-7.272927e-03
1.100000e-02	-4.459264e-02	4.556459e-02	-1.057917e-01	-9.748849e-02	-8.303210e-03
1.200000e-02	-4.937398e-02	5.027328e-02	-1.174480e-01	-1.080980e-01	-9.350005e-03
1.300000e-02	-5.369849e-02	5.450129e-02	-1.283644e-01	-1.178807e-01	-1.048372e-02
1.400000e-02	-5.792728e-02	5.865423e-02	-1.391796e-01	-1.275171e-01	-1.166251e-02
1.500000e-02	-6.311870e-02	6.388989e-02	-1.519671e-01	-1.391023e-01	-1.286485e-02
1.600000e-02	-6.978296e-02	7.071293e-02	-1.678778e-01	-1.537219e-01	-1.415594e-02
1.700000e-02	-7.784015e-02	7.896138e-02	-1.869486e-01	-1.713145e-01	-1.563418e-02
1.800000e-02	-8.680906e-02	8.806883e-02	-2.083568e-01	-1.909875e-01	-1.736936e-02
1.900000e-02	-9.597236e-02	9.722195e-02	-2.308287e-01	-2.113867e-01	-1.944201e-02
2.000000e-02	-1.049566e-01	1.060228e-01	-2.535334e-01	-2.317234e-01	-2.181008e-02
2.100000e-02	-1.134189e-01	1.141425e-01	-2.756320e-01	-2.512349e-01	-2.439716e-02
2.200000e-02	-1.213798e-01	1.216535e-01	-2.969219e-01	-2.698407e-01	-2.708111e-02
2.300000e-02	-1.292728e-01	1.290738e-01	-3.180700e-01	-2.883078e-01	-2.976217e-02
2.400000e-02	-1.377040e-01	1.370035e-01	-3.402550e-01	-3.078315e-01	-3.242355e-02
2.500000e-02	-1.472748e-01	1.461307e-01	-3.647360e-01	-3.296427e-01	-3.509322e-02
2.600000e-02	-1.582327e-01	1.566914e-01	-3.920948e-01	-3.542801e-01	-3.781468e-02
2.700000e-02	-1.703312e-01	1.684555e-01	-4.220423e-01	-3.813523e-01	-4.068994e-02
2.800000e-02	-1.833187e-01	1.811218e-01	-4.541616e-01	-4.103995e-01	-4.376210e-02
2.900000e-02	-1.966784e-01	1.941781e-01	-4.874531e-01	-4.404049e-01	-4.704821e-02
3.000000e-02	-2.101998e-01	2.073706e-01	-5.214909e-01	-4.709452e-01	-5.054565e-02
3.100000e-02	-2.237340e-01	2.205812e-01	-5.557902e-01	-5.016291e-01	-5.416109e-02
3.200000e-02	-2.374703e-01	2.339935e-01	-5.904634e-01	-5.327020e-01	-5.776144e-02
3.300000e-02	-2.515303e-01	2.477645e-01	-6.257651e-01	-5.644129e-01	-6.135221e-02
3.400000e-02	-2.662338e-01	2.622047e-01	-6.621089e-01	-5.972882e-01	-6.482068e-02
3.500000e-02	-2.814508e-01	2.772035e-01	-6.994604e-01	-6.311810e-01	-6.827935e-02
3.600000e-02	-2.973411e-01	2.929234e-01	-7.380641e-01	-6.663731e-01	-7.169100e-02
3.700000e-02	-3.137794e-01	3.092409e-01	-7.778330e-01	-7.026959e-01	-7.513712e-02
3.800000e-02	-3.308126e-01	3.262170e-01	-8.186800e-01	-7.401526e-01	-7.852739e-02
3.900000e-02	-3.482812e-01	3.436669e-01	-8.604195e-01	-7.784909e-01	-8.192852e-02
4.000000e-02	-3.664786e-01	3.618900e-01	-9.034054e-01	-8.181813e-01	-8.522409e-02
4.100000e-02	-3.851328e-01	3.805774e-01	-9.472942e-01	-8.587799e-01	-8.851432e-02
4.200000e-02	-4.042896e-01	3.997785e-01	-9.919567e-01	-9.002679e-01	-9.168878e-02
4.300000e-02	-4.236747e-01	4.191997e-01	-1.036885e+00	-9.421170e-01	-9.476762e-02
4.400000e-02	-4.432555e-01	4.388191e-01	-1.081801e+00	-9.841561e-01	-9.764522e-02
4.500000e-02	-4.629065e-01	4.585366e-01	-1.126406e+00	-1.026110e+00	-1.002966e-01
4.600000e-02	-4.828368e-01	4.785525e-01	-1.170985e+00	-1.068329e+00	-1.026559e-01
4.700000e-02	-5.026961e-01	4.986017e-01	-1.214577e+00	-1.109985e+00	-1.045924e-01
4.800000e-02	-5.220616e-01	5.182277e-01	-1.256342e+00	-1.150232e+00	-1.061093e-01
4.900000e-02	-5.412111e-01	5.377493e-01	-1.296694e+00	-1.189558e+00	-1.071361e-01
5.000000e-02	-5.602823e-01	5.572257e-01	-1.336183e+00	-1.228374e+00	-1.078090e-01
5.100000e-02	-5.791843e-01	5.765825e-01	-1.374955e+00	-1.266662e+00	-1.082930e-01
5.200000e-02	-5.974523e-01	5.952975e-01	-1.412140e+00	-1.303522e+00	-1.086177e-01
5.300000e-02	-6.150737e-01	6.134056e-01	-1.447697e+00	-1.338922e+00	-1.087747e-01
5.400000e-02	-6.319001e-01	6.307134e-01	-1.481239e+00	-1.372520e+00	-1.087192e-01
5.500000e-02	-6.473813e-01	6.467384e-01	-1.511437e+00	-1.403100e+00	-1.083372e-01
5.600000e-02	-6.617230e-01	6.616506e-01	-1.538658e+00	-1.431052e+00	-1.076059e-01
5.700000e-02	-6.749318e-01	6.754919e-01	-1.562881e+00	-1.456372e+00	-1.065085e-01
5.800000e-02	-6.871045e-01	6.883141e-01	-1.584537e+00	-1.479373e+00	-1.051637e-01
5.900000e-02	-6.986655e-01	7.005435e-01	-1.604508e+00	-1.500919e+00	-1.035883e-01
6.000000e-02	-7.099642e-01	7.124687e-01	-1.623792e+00	-1.521860e+00	-1.019319e-01
6.100000e-02	-7.211752e-01	7.242211e-01	-1.642973e+00	-1.542662e+00	-1.003112e-01
6.200000e-02	-7.323321e-01	7.357823e-01	-1.662380e+00	-1.563522e+00	-9.885792e-02
6.300000e-02	-7.435163e-01	7.472335e-01	-1.682220e+00	-1.584626e+00	-9.759395e-02
6.400000e-02	-7.547203e-01	7.585614e-01	-1.702594e+00	-1.606017e+00	-9.657678e-02
6.500000e-02	-7.659654e-01	7.697943e-01	-1.723583e+00	-1.627757e+00	-9.582622e-02
6.600000e-02	-7.771269e-01	7.808078e-01	-1.745078e+00	-1.649666e+00	-9.541218e-02
6.700000e-02	-7.880931e-01	7.915068e-01	-1.766896e+00	-1.671541e+00	-9.535492e-02
6.800000e-02	-7.984942e-01	8.015252e-01	-1.788394e+00	-1.692691e+00	-9.570298e-02
6.900000e-02	-8.084928e-01	8.110531e-01	-1.809822e+00	-1.713404e+00	-9.641825e-02
7.000000e-02	-8.181200e-01	8.201201e-01	-1.831227e+00	-1.733734e+00	-9.749363e-02
7.100000e-02	-8.274113e-01	8.288003e-01	-1.852487e+00	-1.753655e+00	-9.883241e-02
7.200000e-02	-8.365532e-01	8.372695e-01	-1.873913e+00	-1.773509e+00	-1.004031e-01
7.300000e-02	-8.457011e-01	8.456955e-01	-1.895674e+00	-1.793538e+00	-1.021359e-01
7.400000e-02	-8.549346e-01	8.541527e-01	-1.917858e+00	-1.813864e+00	-1.039945e-01
7.500000e-02	-8.642958e-01	8.626950e-01	-1.940536e+00	-1.834564e+00	-1.059721e-01
7.600000e-02	-8.736233e-01	8.711385e-01	-1.963511e+00	-1.855379e+00	-1.081321e-01
7.700000e-02	-8.830545e-01	8.796132e-01	-1.987014e+00	-1.876562e+00	-1.104525e-01
7.800000e-02	-8.925410e-01	8.880607e-01	-2.010980e+00	-1.898031e+00	-1.129493e-01
7.900000e-02	-9.021850e-01	8.966122e-01	-2.035418e+00	-1.919894e+00	-1.155237e-01
8.000000e-02	-9.120417e-01	9.053848e-01	-2.060270e+00	-1.942176e+00	-1.180931e-01
8.100000e-02	-9.221799e-01	9.144854e-01	-2.085452e+00	-1.964906e+00	-1.205464e-01
8.200000e-02	-9.330952e-01	9.244293e-01	-2.111806e+00	-1.988998e+00	-1.228076e-01
8.300000e-02	-9.448487e-01	9.352800e-01	-2.139365e+00	-2.014531e+00	-1.248337e-01
8.400000e-02	-9.571252e-01	9.467194e-01	-2.167715e+00	-2.040983e+00	-1.267324e-01
8.500000e-02	-9.689706e-01	9.577286e-01	-2.195346e+00	-2.066644e+00	-1.287024e-01
8.600000e-02	-9.805803e-01	9.685150e-01	-2.222648e+00	-2.091904e+00	-1.307435e-01
8.700000e-02	-9.920157e-01	9.791523e-01	-2.249756e+00	-2.116894e+00	-1.328623e-01
8.800000e-02	-1.003378e+00	9.897797e-01	-2.276866e+00	-2.141811e+00	-1.350550e-01
8.900000e-02	-1.013205e+00	9.989509e-01	-2.301384e+00	-2.163897e+00	-1.374875e-01
9.000000e-02	-1.021190e+00	1.006271e+00	-2.323089e+00	-2.182735e+00	-1.403542e-01
9.100000e-02	-1.028115e+00	1.012513e+00	-2.343286e+00	-2.199758e+00	-1.435285e-01
9.200000e-02	-1.033690e+00	1.017346e+00	-2.361422e+00	-2.214401e+00	-1.470213e-01
9.300000e-02	-1.037705e+00	1.020553e+00	-2.376968e+00	-2.226189e+00	-1.507791e-01
9.400000e-02	-1.039604e+00	1.021590e+00	-2.388700e+00	-2.233955e+00	-1.547457e-01
9.500000e-02	-1.040135e+00	1.021272e+00	-2.397341e+00	-2.238806e+00	-1.585359e-01
9.600000e-02	-1.040436e+00	1.020798e+00	-2.404643e+00	-2.242757e+00	-1.618856e-01
9.700000e-02	-1.041375e+00	1.021090e+00	-2.411819e+00	-2.247285e+00	-1.645343e-01
9.800000e-02	-1.043669e+00	1.022858e+00	-2.420285e+00	-2.253811e+00	-1.664732e-01
9.900000e-02	-1.047563e+00	1.026275e+00	-2.430685e+00	-2.262905e+00	-1.677795e-01
1.000000e-01	-1.052729e+00	1.030929e+00	-2.442655e+00	-2.274056e+00	-1.685982e-01
1.010000e-01	-1.058999e+00	1.036641e+00	-2.456059e+00	-2.287029e+00	-1.690308e-01
1.020000e-01	-1.066260e+00	1.043340e+00	-2.470910e+00	-2.301715e+00	-1.691946e-01
1.030000e-01	-1.074299e+00	1.050867e+00	-2.486792e+00	-2.317695e+00	-1.690969e-01
1.040000e-01	-1.083194e+00	1.059398e+00	-2.503769e+00	-2.335079e+00	-1.686905e-01
1.050000e-01	-1.092769e+00	1.068858e+00	-2.521423e+00	-2.353480e+00	-1.679426e-01
1.060000e-01	-1.103345e+00	1.079695e+00	-2.540063e+00	-2.373376e+00	-1.666863e-01
1.070000e-01	-1.114836e+00	1.091797e+00	-2.559630e+00	-2.394651e+00	-1.649792e-01
1.080000e-01	-1.126742e+00	1.104570e+00	-2.579519e+00	-2.416501e+00	-1.630180e-01
1.090000e-01	-1.138450e+00	1.117276e+00	-2.598983e+00	-2.437942e+00	-1.610415e-01
1.100000e-01	-1.149601e+00	1.129488e+00	-2.617610e+00	-2.458406e+00	-1.592043e-01
1.110000e-01	-1.159868e+00	1.140849e+00	-2.634958e+00	-2.477347e+00	-1.576113e-01
1.120000e-01	-1.169262e+00	1.151371e+00	-2.651004e+00	-2.494764e+00	-1.562403e-01
1.130000e-01	-1.177467e+00	1.160699e+00	-2.665221e+00	-2.510077e+00	-1.551439e-01
1.140000e-01	-1.184373e+00	1.168684e+00	-2.677454e+00	-2.523100e+00	-1.543543e-01
1.150000e-01	-1.189912e+00	1.175255e+00	-2.687500e+00	-2.533663e+00	-1.538377e-01
1.160000e-01	-1.194314e+00	1.180649e+00	-2.695635e+00	-2.542132e+00	-1.535036e-01
1.170000e-01	-1.197954e+00	1.185282e+00	-2.702323e+00	-2.549116e+00	-1.532071e-01
1.180000e-01	-1.201002e+00	1.189306e+00	-2.707793e+00	-2.554898e+00	-1.528947e-01
1.190000e-01	-1.203431e+00	1.192694e+00	-2.711906e+00	-2.559384e+00	-1.525214e-01
1.200000e-01	-1.205306e+00	1.195512e+00	-2.714689e+00	-2.562651e+00	-1.520382e-01
1.210000e-01	-1.206902e+00	1.198051e+00	-2.716664e+00	-2.565234e+00	-1.514301e-01
1.220000e-01	-1.208430e+00	1.200519e+00	-2.718246e+00	-2.567553e+00	-1.506930e-01
1.230000e-01	-1.210149e+00	1.203181e+00	-2.719765e+00	-2.570031e+00	-1.497333e-01
1.240000e-01	-1.212260e+00	1.206225e+00	-2.721629e+00	-2.573075e+00	-1.485546e-01
1.250000e-01	-1.214954e+00	1.209828e+00	-2.724257e+00	-2.577082e+00	-1.471742e-01
1.260000e-01	-1.218289e+00	1.213998e+00	-2.727973e+00	-2.582276e+00	-1.456972e-01
1.270000e-01	-1.222214e+00	1.218711e+00	-2.732712e+00	-2.588570e+00	-1.441421e-01
1.280000e-01	-1.226611e+00	1.223842e+00	-2.738258e+00	-2.595740e+00	-1.425181e-01
1.290000e-01	-1.231104e+00	1.229034e+00	-2.743917e+00	-2.603063e+00	-1.408543e-01
1.300000e-01	-1.235822e+00	1.234478e+00	-2.749743e+00	-2.610693e+00	-1.390499e-01
1.310000e-01	-1.240509e+00	1.239911e+00	-2.755366e+00	-2.618192e+00	-1.371742e-01
1.320000e-01	-1.245486e+00	1.245671e+00	-2.761351e+00	-2.626162e+00	-1.351894e-01
1.330000e-01	-1.250623e+00	1.251602e+00	-2.767449e+00	-2.634347e+00	-1.331015e-01
1.340000e-01	-1.256231e+00	1.258000e+00	-2.774259e+00	-2.643361e+00	-1.308988e-01
1.350000e-01	-1.262195e+00	1.264722e+00	-2.781742e+00	-2.653066e+00	-1.286757e-01
1.360000e-01	-1.268605e+00	1.271856e+00	-2.790124e+00	-2.663667e+00	-1.264571e-01
1.370000e-01	-1.275258e+00	1.279176e+00	-2.799230e+00	-2.674873e+00	-1.243567e-01
1.380000e-01	-1.281874e+00	1.286401e+00	-2.808666e+00	-2.686208e+00	-1.224586e-01
1.390000e-01	-1.288448e+00	1.293521e+00	-2.818417e+00	-2.697657e+00	-1.207603e-01
1.400000e-01	-1.294847e+00	1.300436e+00	-2.828176e+00	-2.708935e+00	-1.192411e-01
1.410000e-01	-1.301101e+00	1.307193e+00	-2.837972e+00	-2.720088e+00	-1.178848e-01
1.420000e-01	-1.307069e+00	1.313641e+00	-2.847555e+00	-2.730847e+00	-1.167082e-01
1.430000e-01	-1.312666e+00	1.319662e+00	-2.856855e+00	-2.741094e+00	-1.157617e-01
1.440000e-01	-1.317880e+00	1.325224e+00	-2.865875e+00	-2.750818e+00	-1.150573e-01
1.450000e-01	-1.322820e+00	1.330422e+00	-2.874846e+00	-2.760243e+00	-1.146029e-01
1.460000e-01	-1.327451e+00	1.335209e+00	-2.883706e+00	-2.769304e+00	-1.144021e-01
1.470000e-01	-1.331765e+00	1.339588e+00	-2.892428e+00	-2.777979e+00	-1.144495e-01
1.480000e-01	-1.335768e+00	1.343554e+00	-2.900982e+00	-2.786259e+00	-1.147225e-01
1.490000e-01	-1.339460e+00	1.347119e+00	-2.909334e+00	-2.794127e+00	-1.152063e-01
1.500000e-01	-1.342870e+00	1.350326e+00	-2.917514e+00	-2.801627e+00	-1.158871e-01
1.510000e-01	-1.346091e+00	1.353273e+00	-2.925671e+00	-2.808927e+00	-1.167443e-01
1.520000e-01	-1.349304e+00	1.356143e+00	-2.934030e+00	-2.816319e+00	-1.177114e-01
1.530000e-01	-1.352564e+00	1.358990e+00	-2.942709e+00	-2.823918e+00	-1.187908e-01
1.540000e-01	-1.356090e+00	1.362027e+00	-2.952080e+00	-2.832130e+00	-1.199497e-01
1.550000e-01	-1.359887e+00	1.365251e+00	-2.962199e+00	-2.840986e+00	-1.212125e-01
1.560000e-01	-1.363961e+00	1.368678e+00	-2.973056e+00	-2.850489e+00	-1.225669e-01
1.570000e-01	-1.368199e+00	1.372187e+00	-2.984514e+00	-2.860456e+00	-1.240578e-01
1.580000e-01	-1.372518e+00	1.375715e+00	-2.996377e+00	-2.870706e+00	-1.256710e-01
1.590000e-01	-1.376725e+00	1.379064e+00	-3.008318e+00	-2.880884e+00	-1.274340e-01
1.600000e-01	-1.380766e+00	1.382198e+00	-3.020107e+00	-2.890820e+00	-1.292873e-01
1.610000e-01	-1.384701e+00	1.385177e+00	-3.031812e+00	-2.900607e+00	-1.312051e-01
1.620000e-01	-1.388740e+00	1.388244e+00	-3.043685e+00	-2.910582e+00	-1.331022e-01
1.630000e-01	-1.393098e+00	1.391598e+00	-3.056109e+00	-2.921152e+00	-1.349568e-01
1.640000e-01	-1.397989e+00	1.395464e+00	-3.069442e+00	-2.932710e+00	-1.367324e-01
1.650000e-01	-1.403415e+00	1.399816e+00	-3.083811e+00	-2.945321e+00	-1.384902e-01
1.660000e-01	-1.409374e+00	1.404651e+00	-3.099221e+00	-2.958985e+00	-1.402362e-01
1.670000e-01	-1.415879e+00	1.409960e+00	-3.115810e+00	-2.973785e+00	-1.420257e-01
1.680000e-01	-1.422936e+00	1.415762e+00	-3.133574e+00	-2.989723e+00	-1.438512e-01
1.690000e-01	-1.430568e+00	1.422065e+00	-3.152635e+00	-3.006886e+00	-1.457498e-01
1.700000e-01	-1.438727e+00	1.428845e+00	-3.172844e+00	-3.025149e+00	-1.476943e-01
1.710000e-01	-1.447386e+00	1.436054e+00	-3.194252e+00	-3.044512e+00	-1.497401e-01
1.720000e-01	-1.456632e+00	1.443823e+00	-3.216885e+00	-3.065074e+00	-1.518108e-01
1.730000e-01	-1.466355e+00	1.452033e+00	-3.240563e+00	-3.086636e+00	-1.539269e-01
1.740000e-01	-1.476515e+00	1.460671e+00	-3.265127e+00	-3.109079e+00	-1.560482e-01
1.750000e-01	-1.486912e+00	1.469511e+00	-3.290397e+00	-3.132110e+00	-1.582867e-01
1.760000e-01	-1.497458e+00	1.478505e+00	-3.315956e+00	-3.155436e+00	-1.605202e-01
1.770000e-01	-1.507658e+00	1.487138e+00	-3.341077e+00	-3.178196e+00	-1.628809e-01
1.780000e-01	-1.517097e+00	1.495035e+00	-3.364783e+00	-3.199488e+00	-1.652946e-01
1.790000e-01	-1.525575e+00	1.502008e+00	-3.386667e+00	-3.218908e+00	-1.677589e-01
1.800000e-01	-1.533118e+00	1.508141e+00	-3.406448e+00	-3.236341e+00	-1.701062e-01
1.810000e-01	-1.539669e+00	1.513366e+00	-3.423983e+00	-3.251660e+00	-1.723228e-01
1.820000e-01	-1.545559e+00	1.518029e+00	-3.439888e+00	-3.265503e+00	-1.743854e-01
1.830000e-01	-1.550528e+00	1.521826e+00	-3.453969e+00	-3.277513e+00	-1.764561e-01
1.840000e-01	-1.554785e+00	1.524948e+00	-3.466611e+00	-3.288090e+00	-1.785209e-01
1.850000e-01	-1.558215e+00	1.527249e+00	-3.477723e+00	-3.297077e+00	-1.806463e-01
1.860000e-01	-1.561162e+00	1.529094e+00	-3.487750e+00	-3.305038e+00	-1.827127e-01
1.870000e-01	-1.563503e+00	1.530370e+00	-3.496454e+00	-3.311730e+00	-1.847235e-01
1.880000e-01	-1.565552e+00	1.531420e+00	-3.504233e+00	-3.317669e+00	-1.865645e-01
1.890000e-01	-1.567294e+00	1.532242e+00	-3.511095e+00	-3.322842e+00	-1.882533e-01
1.900000e-01	-1.569066e+00	1.533199e+00	-3.517548e+00	-3.327841e+00	-1.897075e-01
1.910000e-01	-1.570684e+00	1.534097e+00	-3.523393e+00	-3.332381e+00	-1.910126e-01
1.920000e-01	-1.572298e+00	1.535097e+00	-3.528883e+00	-3.336740e+00	-1.921430e-01
1.930000e-01	-1.573671e+00	1.535940e+00	-3.533738e+00	-3.340540e+00	-1.931979e-01
1.940000e-01	-1.574910e+00	1.536748e+00	-3.538093e+00	-3.343957e+00	-1.941363e-01
1.950000e-01	-1.575892e+00	1.537397e+00	-3.541767e+00	-3.346775e+00	-1.949919e-01
1.960000e-01	-1.576724e+00	1.538023e+00	-3.544859e+00	-3.349154e+00	-1.957055e-01
1.970000e-01	-1.577329e+00	1.538533e+00	-3.547296e+00	-3.350977e+00	-1.963183e-01
1.980000e-01	-1.577836e+00	1.539066e+00	-3.549253e+00	-3.352463e+00	-1.967906e-01
1.990000e-01	-1.578141e+00	1.539483e+00	-3.550691e+00	-3.353486e+00	-1.972045e-01
2.000000e-01	-1.578278e+00	1.539819e+00	-3.551645e+00	-3.354100e+00	-1.975445e-01
2.010000e-01	-1.578121e+00	1.539914e+00	-3.552037e+00	-3.354140e+00	-1.978972e-01
2.020000e-01	-1.577719e+00	1.539829e+00	-3.551876e+00	-3.353657e+00	-1.982194e-01
2.030000e-01	-1.576988e+00	1.539455e+00	-3.551098e+00	-3.352537e+00	-1.985606e-01
2.040000e-01	-1.576022e+00	1.538899e+00	-3.549777e+00	-3.350910e+00	-1.988665e-01
2.050000e-01	-1.574783e+00	1.538094e+00	-3.547918e+00	-3.348742e+00	-1.991762e-01
2.060000e-01	-1.573411e+00	1.537197e+00	-3.545678e+00	-3.346250e+00	-1.994281e-01
2.070000e-01	-1.571864e+00	1.536127e+00	-3.543090e+00	-3.343408e+00	-1.996811e-01
2.080000e-01	-1.570278e+00	1.535037e+00	-3.540308e+00	-3.340432e+00	-1.998762e-01
2.090000e-01	-1.568639e+00	1.533879e+00	-3.537385e+00	-3.337331e+00	-2.000534e-01
2.100000e-01	-1.567096e+00	1.532821e+00	-3.534478e+00	-3.334334e+00	-2.001433e-01
2.110000e-01	-1.565604e+00	1.531791e+00	-3.531602e+00	-3.331404e+00	-2.001973e-01
2.120000e-01	-1.564311e+00	1.530949e+00	-3.528910e+00	-3.328766e+00	-2.001439e-01
2.130000e-01	-1.563139e+00	1.530184e+00	-3.526386e+00	-3.326332e+00	-2.000543e-01
2.140000e-01	-1.562232e+00	1.529655e+00	-3.524176e+00	-3.324320e+00	-1.998562e-01
2.150000e-01	-1.561497e+00	1.529249e+00	-3.522216e+00	-3.322606e+00	-1.996107e-01
2.160000e-01	-1.561111e+00	1.529159e+00	-3.520693e+00	-3.321458e+00	-1.992355e-01
2.170000e-01	-1.560998e+00	1.529302e+00	-3.519570e+00	-3.320783e+00	-1.987872e-01
2.180000e-01	-1.561319e+00	1.529854e+00	-3.519000e+00	-3.320820e+00	-1.981808e-01
2.190000e-01	-1.561972e+00	1.530709e+00	-3.518954e+00	-3.321449e+00	-1.975049e-01
2.200000e-01	-1.563047e+00	1.531967e+00	-3.519545e+00	-3.322820e+00	-1.967252e-01
2.210000e-01	-1.564481e+00	1.533557e+00	-3.520781e+00	-3.324872e+00	-1.959090e-01
2.220000e-01	-1.566220e+00	1.535444e+00	-3.522464e+00	-3.327451e+00	-1.950123e-01
2.230000e-01	-1.568272e+00	1.537629e+00	-3.524669e+00	-3.330606e+00	-1.940630e-01
2.240000e-01	-1.570442e+00	1.539949e+00	-3.526909e+00	-3.333896e+00	-1.930128e-01
2.250000e-01	-1.572817e+00	1.542473e+00	-3.529422e+00	-3.337528e+00	-1.918937e-01
2.260000e-01	-1.575217e+00	1.545056e+00	-3.531788e+00	-3.341111e+00	-1.906772e-01
2.270000e-01	-1.577735e+00	1.547771e+00	-3.534313e+00	-3.344892e+00	-1.894211e-01
2.280000e-01	-1.580188e+00	1.550468e+00	-3.536541e+00	-3.348459e+00	-1.880828e-01
2.290000e-01	-1.582694e+00	1.553244e+00	-3.538863e+00	-3.352126e+00	-1.867369e-01
2.300000e-01	-1.585061e+00	1.555934e+00	-3.540798e+00	-3.355461e+00	-1.853378e-01
2.310000e-01	-1.587361e+00	1.558586e+00	-3.542645e+00	-3.358683e+00	-1.839615e-01
2.320000e-01	-1.589397e+00	1.561018e+00	-3.543923e+00	-3.361358e+00	-1.825649e-01
2.330000e-01	-1.591246e+00	1.563278e+00	-3.544961e+00	-3.363727e+00	-1.812344e-01
2.340000e-01	-1.592766e+00	1.565241e+00	-3.545343e+00	-3.365437e+00	-1.799056e-01
2.350000e-01	-1.594013e+00	1.566938e+00	-3.545348e+00	-3.366687e+00	-1.786617e-01
2.360000e-01	-1.594901e+00	1.568309e+00	-3.544634e+00	-3.367218e+00	-1.774161e-01
2.370000e-01	-1.595579e+00	1.569474e+00	-3.543623e+00	-3.367390e+00	-1.762324e-01
2.380000e-01	-1.595971e+00	1.570377e+00	-3.541989e+00	-3.366966e+00	-1.750237e-01
2.390000e-01	-1.596209e+00	1.571121e+00	-3.540145e+00	-3.366282e+00	-1.738636e-01
2.400000e-01	-1.596268e+00	1.571695e+00	-3.537872e+00	-3.365204e+00	-1.726680e-01
2.410000e-01	-1.596216e+00	1.572140e+00	-3.535482e+00	-3.363956e+00	-1.715253e-01
2.420000e-01	-1.596023e+00	1.572439e+00	-3.532755e+00	-3.362400e+00	-1.703549e-01
2.430000e-01	-1.595803e+00	1.572684e+00	-3.530059e+00	-3.360833e+00	-1.692263e-01
2.440000e-01	-1.595562e+00	1.572890e+00	-3.527254e+00	-3.359189e+00	-1.680654e-01
2.450000e-01	-1.595400e+00	1.573146e+00	-3.524689e+00	-3.357744e+00	-1.669445e-01
2.460000e-01	-1.595335e+00	1.573477e+00	-3.522223e+00	-3.356447e+00	-1.657763e-01
2.470000e-01	-1.595441e+00	1.573953e+00	-3.520122e+00	-3.355502e+00	-1.646203e-01
2.480000e-01	-1.595742e+00	1.574596e+00	-3.518342e+00	-3.354913e+00	-1.634291e-01
2.490000e-01	-1.596310e+00	1.575475e+00	-3.517117e+00	-3.354869e+00	-1.622487e-01
2.500000e-01	-1.597164e+00	1.576621e+00	-3.516350e+00	-3.355338e+00	-1.610112e-01
2.510000e-01	-1.598309e+00	1.578034e+00	-3.516180e+00	-3.356400e+00	-1.597808e-01
2.520000e-01	-1.599709e+00	1.579672e+00	-3.516482e+00	-3.357950e+00	-1.585318e-01
2.530000e-01	-1.601372e+00	1.581534e+00	-3.517410e+00	-3.360077e+00	-1.573334e-01
2.540000e-01	-1.603229e+00	1.583556e+00	-3.518770e+00	-3.362614e+00	-1.561562e-01
2.550000e-01	-1.605354e+00	1.585814e+00	-3.520759e+00	-3.365734e+00	-1.550250e-01
2.560000e-01	-1.607685e+00	1.588236e+00	-3.523203e+00	-3.369286e+00	-1.539168e-01
2.570000e-01	-1.610317e+00	1.590925e+00	-3.526330e+00	-3.373482e+00	-1.528478e-01
2.580000e-01	-1.613069e+00	1.593708e+00	-3.529740e+00	-3.377939e+00	-1.518005e-01
2.590000e-01	-1.615995e+00	1.596640e+00	-3.533611e+00	-3.382800e+00	-1.508111e-01
2.600000e-01	-1.618928e+00	1.599563e+00	-3.537571e+00	-3.387714e+00	-1.498572e-01
2.610000e-01	-1.621927e+00	1.602528e+00	-3.541808e+00	-3.392831e+00	-1.489775e-01
2.620000e-01	-1.624816e+00	1.605369e+00	-3.545946e+00	-3.397789e+00	-1.481574e-01
2.630000e-01	-1.627604e+00	1.608094e+00	-3.550079e+00	-3.402643e+00	-1.474355e-01
2.640000e-01	-1.630179e+00	1.610605e+00	-3.553899e+00	-3.407129e+00	-1.467705e-01
2.650000e-01	-1.632615e+00	1.612997e+00	-3.557567e+00	-3.411398e+00	-1.461684e-01
2.660000e-01	-1.634843e+00	1.615203e+00	-3.560864e+00	-3.415275e+00	-1.455893e-01
2.670000e-01	-1.636902e+00	1.617274e+00	-3.563923e+00	-3.418864e+00	-1.450590e-01
2.680000e-01	-1.638684e+00	1.619098e+00	-3.566457e+00	-3.421913e+00	-1.445439e-01
2.690000e-01	-1.640180e+00	1.620667e+00	-3.568543e+00	-3.424451e+00	-1.440922e-01
2.700000e-01	-1.641373e+00	1.621956e+00	-3.570073e+00	-3.426409e+00	-1.436640e-01
2.710000e-01	-1.642255e+00	1.622954e+00	-3.571123e+00	-3.427816e+00	-1.433070e-01
2.720000e-01	-1.642833e+00	1.623666e+00	-3.571612e+00	-3.428639e+00	-1.429729e-01
2.730000e-01	-1.643097e+00	1.624089e+00	-3.571588e+00	-3.428891e+00	-1.426973e-01
2.740000e-01	-1.643080e+00	1.624252e+00	-3.571028e+00	-3.428594e+00	-1.424337e-01
2.750000e-01	-1.642760e+00	1.624137e+00	-3.569959e+00	-3.427739e+00	-1.422195e-01
2.760000e-01	-1.642185e+00	1.623779e+00	-3.568389e+00	-3.426380e+00	-1.420092e-01
2.770000e-01	-1.641362e+00	1.623189e+00	-3.566408e+00	-3.424566e+00	-1.418426e-01
2.780000e-01	-1.640334e+00	1.622398e+00	-3.564020e+00	-3.422344e+00	-1.416762e-01
2.790000e-01	-1.639130e+00	1.621441e+00	-3.561353e+00	-3.419806e+00	-1.415466e-01
2.800000e-01	-1.637769e+00	1.620330e+00	-3.558369e+00	-3.416953e+00	-1.414158e-01
2.810000e-01	-1.636320e+00	1.619144e+00	-3.555251e+00	-3.413946e+00	-1.413054e-01
2.820000e-01	-1.634797e+00	1.617891e+00	-3.551959e+00	-3.410777e+00	-1.411826e-01
2.830000e-01	-1.633224e+00	1.616598e+00	-3.548609e+00	-3.407528e+00	-1.410805e-01
2.840000e-01	-1.631605e+00	1.615261e+00	-3.545141e+00	-3.404175e+00	-1.409652e-01
2.850000e-01	-1.630053e+00	1.613993e+00	-3.541815e+00	-3.400960e+00	-1.408548e-01
2.860000e-01	-1.628542e+00	1.612767e+00	-3.538503e+00	-3.397793e+00	-1.407100e-01
2.870000e-01	-1.627170e+00	1.611681e+00	-3.535465e+00	-3.394902e+00	-1.405630e-01
2.880000e-01	-1.625862e+00	1.610646e+00	-3.532523e+00	-3.392124e+00	-1.403994e-01
2.890000e-01	-1.624623e+00	1.609671e+00	-3.529782e+00	-3.389514e+00	-1.402678e-01
2.900000e-01	-1.623371e+00	1.608666e+00	-3.527033e+00	-3.386888e+00	-1.401452e-01
2.910000e-01	-1.622172e+00	1.607698e+00	-3.524473e+00	-3.384408e+00	-1.400648e-01
2.920000e-01	-1.620935e+00	1.606671e+00	-3.521875e+00	-3.381873e+00	-1.400024e-01
2.930000e-01	-1.619764e+00	1.605700e+00	-3.519488e+00	-3.379508e+00	-1.399800e-01
2.940000e-01	-1.618554e+00	1.604667e+00	-3.517070e+00	-3.377088e+00	-1.399813e-01
2.950000e-01	-1.617409e+00	1.603691e+00	-3.514850e+00	-3.374834e+00	-1.400160e-01
2.960000e-01	-1.616233e+00	1.602668e+00	-3.512590e+00	-3.372529e+00	-1.400618e-01
2.970000e-01	-1.615151e+00	1.601735e+00	-3.510550e+00	-3.370426e+00	-1.401240e-01
2.980000e-01	-1.614048e+00	1.600766e+00	-3.508470e+00	-3.368283e+00	-1.401863e-01
2.990000e-01	-1.613011e+00	1.599858e+00	-3.506561e+00	-3.366291e+00	-1.402694e-01
3.000000e-01	-1.611901e+00	1.598857e+00	-3.504544e+00	-3.364173e+00	-1.403705e-01
3.010000e-01	-1.610829e+00	1.597877e+00	-3.502677e+00	-3.362167e+00	-1.405099e-01
3.020000e-01	-1.609669e+00	1.596792e+00	-3.500662e+00	-3.360000e+00	-1.406624e-01
3.030000e-01	-1.608545e+00	1.595731e+00	-3.498780e+00	-3.357935e+00	-1.408447e-01
3.040000e-01	-1.607334e+00	1.594567e+00	-3.496737e+00	-3.355702e+00	-1.410345e-01
3.050000e-01	-1.606131e+00	1.593408e+00	-3.494779e+00	-3.353521e+00	-1.412584e-01
3.060000e-01	-1.604838e+00	1.592144e+00	-3.492642e+00	-3.351159e+00	-1.414836e-01
3.070000e-01	-1.603592e+00	1.590925e+00	-3.490634e+00	-3.348909e+00	-1.417255e-01
3.080000e-01	-1.602255e+00	1.589609e+00	-3.488447e+00	-3.346479e+00	-1.419684e-01
3.090000e-01	-1.600959e+00	1.588336e+00	-3.486381e+00	-3.344150e+00	-1.422312e-01
3.100000e-01	-1.599527e+00	1.586920e+00	-3.484069e+00	-3.341562e+00	-1.425077e-01
3.110000e-01	-1.598119e+00	1.585535e+00	-3.481856e+00	-3.339047e+00	-1.428092e-01
3.120000e-01	-1.596577e+00	1.584003e+00	-3.479412e+00	-3.336283e+00	-1.431289e-01
3.130000e-01	-1.595029e+00	1.582460e+00	-3.477031e+00	-3.333545e+00	-1.434868e-01
3.140000e-01	-1.593354e+00	1.580782e+00	-3.474425e+00	-3.330566e+00	-1.438589e-01
3.150000e-01	-1.591695e+00	1.579125e+00	-3.471894e+00	-3.327642e+00	-1.442519e-01
3.160000e-01	-1.589931e+00	1.577358e+00	-3.469134e+00	-3.324498e+00	-1.446363e-01
3.170000e-01	-1.588237e+00	1.575667e+00	-3.466539e+00	-3.321507e+00	-1.450325e-01
3.180000e-01	-1.586465e+00	1.573880e+00	-3.463762e+00	-3.318346e+00	-1.454161e-01
3.190000e-01	-1.584760e+00	1.572148e+00	-3.461165e+00	-3.315342e+00	-1.458227e-01
3.200000e-01	-1.582969e+00	1.570311e+00	-3.458396e+00	-3.312167e+00	-1.462288e-01
3.210000e-01	-1.581255e+00	1.568540e+00	-3.455820e+00	-3.309165e+00	-1.466555e-01
3.220000e-01	-1.579493e+00	1.566706e+00	-3.453131e+00	-3.306058e+00	-1.470728e-01
3.230000e-01	-1.577840e+00	1.564981e+00	-3.450693e+00	-3.303187e+00	-1.475068e-01
3.240000e-01	-1.576165e+00	1.563227e+00	-3.448175e+00	-3.300252e+00	-1.479225e-01
3.250000e-01	-1.574624e+00	1.561613e+00	-3.445933e+00	-3.297590e+00	-1.483427e-01
3.260000e-01	-1.573077e+00	1.559983e+00	-3.443645e+00	-3.294900e+00	-1.487451e-01
3.270000e-01	-1.571678e+00	1.558501e+00	-3.441665e+00	-3.292510e+00	-1.491543e-01
3.280000e-01	-1.570293e+00	1.557018e+00	-3.439679e+00	-3.290132e+00	-1.495467e-01
3.290000e-01	-1.569079e+00	1.555709e+00	-3.438034e+00	-3.288097e+00	-1.499377e-01
3.300000e-01	-1.567911e+00	1.554429e+00	-3.436423e+00	-3.286122e+00	-1.503003e-01
3.310000e-01	-1.566931e+00	1.553339e+00	-3.435178e+00	-3.284520e+00	-1.506584e-01
3.320000e-01	-1.566023e+00	1.552313e+00	-3.434017e+00	-3.283032e+00	-1.509858e-01
3.330000e-01	-1.565308e+00	1.551485e+00	-3.433224e+00	-3.281920e+00	-1.513040e-01
3.340000e-01	-1.564662e+00	1.550720e+00	-3.432499e+00	-3.280911e+00	-1.515879e-01
3.350000e-01	-1.564197e+00	1.550138e+00	-3.432136e+00	-3.280265e+00	-1.518709e-01
3.360000e-01	-1.563818e+00	1.549628e+00	-3.431885e+00	-3.279760e+00	-1.521245e-01
3.370000e-01	-1.563603e+00	1.549278e+00	-3.431976e+00	-3.279591e+00	-1.523853e-01
3.380000e-01	-1.563436e+00	1.548960e+00	-3.432128e+00	-3.279500e+00	-1.526280e-01
3.390000e-01	-1.563428e+00	1.548796e+00	-3.432615e+00	-3.279736e+00	-1.528794e-01
3.400000e-01	-1.563449e+00	1.548649e+00	-3.433125e+00	-3.280012e+00	-1.531132e-01
3.410000e-01	-1.563618e+00	1.548650e+00	-3.433938e+00	-3.280587e+00	-1.533507e-01
3.420000e-01	-1.563791e+00	1.548649e+00	-3.434722e+00	-3.281152e+00	-1.535701e-01
3.430000e-01	-1.564114e+00	1.548805e+00	-3.435813e+00	-3.282020e+00	-1.537929e-01
3.440000e-01	-1.564421e+00	1.548944e+00	-3.436838e+00	-3.282840e+00	-1.539980e-01
3.450000e-01	-1.564840e+00	1.549198e+00	-3.438107e+00	-3.283893e+00	-1.542139e-01
3.460000e-01	-1.565216e+00	1.549410e+00	-3.439261e+00	-3.284846e+00	-1.544144e-01
3.470000e-01	-1.565676e+00	1.549710e+00	-3.440616e+00	-3.285984e+00	-1.546318e-01
3.480000e-01	-1.566081e+00	1.549956e+00	-3.441841e+00	-3.287001e+00	-1.548399e-01
3.490000e-01	-1.566537e+00	1.550255e+00	-3.443208e+00	-3.288140e+00	-1.550674e-01
3.500000e-01	-1.566911e+00	1.550476e+00	-3.444396e+00	-3.289109e+00	-1.552872e-01
3.510000e-01	-1.567322e+00	1.550738e+00	-3.445695e+00	-3.290169e+00	-1.555257e-01
3.520000e-01	-1.567660e+00	1.550933e+00	-3.446821e+00	-3.291071e+00	-1.557504e-01
3.530000e-01	-1.568033e+00	1.551167e+00	-3.448051e+00	-3.292058e+00	-1.559927e-01
3.540000e-01	-1.568334e+00	1.551333e+00	-3.449110e+00	-3.292889e+00	-1.562210e-01
3.550000e-01	-1.568671e+00	1.551537e+00	-3.450272e+00	-3.293807e+00	-1.564648e-01
3.560000e-01	-1.568939e+00	1.551676e+00	-3.451265e+00	-3.294572e+00	-1.566930e-01
3.570000e-01	-1.569237e+00	1.551847e+00	-3.452352e+00	-3.295413e+00	-1.569391e-01
3.580000e-01	-1.569475e+00	1.551961e+00	-3.453284e+00	-3.296117e+00	-1.571667e-01
3.590000e-01	-1.569745e+00	1.552111e+00	-3.454302e+00	-3.296896e+00	-1.574066e-01
3.600000e-01	-1.569959e+00	1.552207e+00	-3.455171e+00	-3.297545e+00	-1.576261e-01
3.610000e-01	-1.570215e+00	1.552345e+00	-3.456142e+00	-3.298286e+00	-1.578560e-01
3.620000e-01	-1.570431e+00	1.552444e+00	-3.456994e+00	-3.298928e+00	-1.580663e-01
3.630000e-01	-1.570707e+00	1.552605e+00	-3.457977e+00	-3.299696e+00	-1.582816e-01
3.640000e-01	-1.570953e+00	1.552739e+00	-3.458851e+00	-3.300379e+00	-1.584724e-01
3.650000e-01	-1.571255e+00	1.552931e+00	-3.459851e+00	-3.301180e+00	-1.586704e-01
3.660000e-01	-1.571530e+00	1.553099e+00	-3.460745e+00	-3.301902e+00	-1.588424e-01
3.670000e-01	-1.571862e+00	1.553330e+00	-3.461759e+00	-3.302742e+00	-1.590170e-01
3.680000e-01	-1.572181e+00	1.553550e+00	-3.462691e+00	-3.303527e+00	-1.591642e-01
3.690000e-01	-1.572548e+00	1.553823e+00	-3.463725e+00	-3.304411e+00	-1.593140e-01
3.700000e-01	-1.572915e+00	1.554096e+00	-3.464708e+00	-3.305270e+00	-1.594387e-01
3.710000e-01	-1.573319e+00	1.554414e+00	-3.465776e+00	-3.306207e+00	-1.595687e-01
3.720000e-01	-1.573712e+00	1.554722e+00	-3.466767e+00	-3.307095e+00	-1.596718e-01
3.730000e-01	-1.574126e+00	1.555062e+00	-3.467819e+00	-3.308036e+00	-1.597835e-01
3.740000e-01	-1.574545e+00	1.555406e+00	-3.468826e+00	-3.308958e+00	-1.598682e-01
3.750000e-01	-1.574969e+00	1.555765e+00	-3.469861e+00	-3.309899e+00	-1.599618e-01
3.760000e-01	-1.575374e+00	1.556108e+00	-3.470818e+00	-3.310782e+00	-1.600352e-01
3.770000e-01	-1.575778e+00	1.556459e+00	-3.471789e+00	-3.311673e+00	-1.601164e-01
3.780000e-01	-1.576153e+00	1.556782e+00	-3.472654e+00	-3.312480e+00	-1.601742e-01
3.790000e-01	-1.576525e+00	1.557113e+00	-3.473542e+00	-3.313296e+00	-1.602456e-01
3.800000e-01	-1.576867e+00	1.557414e+00	-3.474323e+00	-3.314029e+00	-1.602942e-01
3.810000e-01	-1.577197e+00	1.557714e+00	-3.475104e+00	-3.314749e+00	-1.603549e-01
3.820000e-01	-1.577479e+00	1.557967e+00	-3.475756e+00	-3.315357e+00	-1.603991e-01
3.830000e-01	-1.577751e+00	1.558219e+00	-3.476407e+00	-3.315954e+00	-1.604524e-01
3.840000e-01	-1.577983e+00	1.558432e+00	-3.476936e+00	-3.316451e+00	-1.604850e-01
3.850000e-01	-1.578197e+00	1.558636e+00	-3.477449e+00	-3.316921e+00	-1.605281e-01
3.860000e-01	-1.578383e+00	1.558812e+00	-3.477863e+00	-3.317314e+00	-1.605491e-01
3.870000e-01	-1.578557e+00	1.558987e+00	-3.478268e+00	-3.317691e+00	-1.605766e-01
3.880000e-01	-1.578697e+00	1.559128e+00	-3.478562e+00	-3.317978e+00	-1.605841e-01
3.890000e-01	-1.578814e+00	1.559255e+00	-3.478827e+00	-3.318228e+00	-1.605995e-01
3.900000e-01	-1.578893e+00	1.559343e+00	-3.478984e+00	-3.318385e+00	-1.605991e-01
3.910000e-01	-1.578954e+00	1.559423e+00	-3.479117e+00	-3.318512e+00	-1.606047e-01
3.920000e-01	-1.578994e+00	1.559482e+00	-3.479163e+00	-3.318576e+00	-1.605869e-01
3.930000e-01	-1.579012e+00	1.559527e+00	-3.479177e+00	-3.318601e+00	-1.605762e-01
3.940000e-01	-1.578999e+00	1.559539e+00	-3.479093e+00	-3.318545e+00	-1.605473e-01
3.950000e-01	-1.578990e+00	1.559564e+00	-3.479026e+00	-3.318503e+00	-1.605226e-01
3.960000e-01	-1.578964e+00	1.559571e+00	-3.478880e+00	-3.318404e+00	-1.604759e-01
3.970000e-01	-1.578926e+00	1.559573e+00	-3.478724e+00	-3.318288e+00	-1.604362e-01
3.980000e-01	-1.578865e+00	1.559550e+00	-3.478487e+00	-3.318108e+00	-1.603785e-01
3.990000e-01	-1.578819e+00	1.559549e+00	-3.478281e+00	-3.317959e+00	-1.603217e-01
4.000000e-01	-1.578768e+00	1.559543e+00	-3.478019e+00	-3.317777e+00	-1.602421e-01
4.010000e-01	-1.578722e+00	1.559548e+00	-3.477778e+00	-3.317611e+00	-1.601670e-01
4.020000e-01	-1.578662e+00	1.559535e+00	-3.477478e+00	-3.317402e+00	-1.600766e-01
4.030000e-01	-1.578617e+00	1.559544e+00	-3.477214e+00	-3.317224e+00	-1.599901e-01
4.040000e-01	-1.578575e+00	1.559553e+00	-3.476917e+00	-3.317034e+00	-1.598838e-01
4.050000e-01	-1.578535e+00	1.559568e+00	-3.476632e+00	-3.316851e+00	-1.597814e-01
4.060000e-01	-1.578475e+00	1.559562e+00	-3.476287e+00	-3.316618e+00	-1.596687e-01
4.070000e-01	-1.578437e+00	1.559583e+00	-3.475993e+00	-3.316433e+00	-1.595595e-01
4.080000e-01	-1.578405e+00	1.559608e+00	-3.475673e+00	-3.316242e+00	-1.594313e-01
4.090000e-01	-1.578388e+00	1.559651e+00	-3.475393e+00	-3.316085e+00	-1.593086e-01
4.100000e-01	-1.578362e+00	1.559681e+00	-3.475072e+00	-3.315899e+00	-1.591738e-01
4.110000e-01	-1.578364e+00	1.559742e+00	-3.474821e+00	-3.315775e+00	-1.590461e-01
4.120000e-01	-1.578359e+00	1.559793e+00	-3.474530e+00	-3.315624e+00	-1.589062e-01
4.130000e-01	-1.578358e+00	1.559850e+00	-3.474263e+00	-3.315490e+00	-1.587740e-01
4.140000e-01	-1.578341e+00	1.559889e+00	-3.473950e+00	-3.315316e+00	-1.586339e-01
4.150000e-01	-1.578356e+00	1.559959e+00	-3.473710e+00	-3.315211e+00	-1.584994e-01
4.160000e-01	-1.578361e+00	1.560020e+00	-3.473430e+00	-3.315077e+00	-1.583538e-01
4.170000e-01	-1.578395e+00	1.560107e+00	-3.473226e+00	-3.315008e+00	-1.582176e-01
4.180000e-01	-1.578410e+00	1.560172e+00	-3.472967e+00	-3.314893e+00	-1.580741e-01
4.190000e-01	-1.578450e+00	1.560262e+00	-3.472776e+00	-3.314838e+00	-1.579378e-01
4.200000e-01	-1.578474e+00	1.560336e+00	-3.472538e+00	-3.314743e+00	-1.577954e-01
4.210000e-01	-1.578517e+00	1.560426e+00	-3.472363e+00	-3.314699e+00	-1.576647e-01
4.220000e-01	-1.578527e+00	1.560482e+00	-3.472108e+00	-3.314581e+00	-1.575265e-01
4.230000e-01	-1.578582e+00	1.560580e+00	-3.471960e+00	-3.314562e+00	-1.573981e-01
4.240000e-01	-1.578621e+00	1.560664e+00	-3.471767e+00	-3.314505e+00	-1.572623e-01
4.250000e-01	-1.578682e+00	1.560765e+00	-3.471644e+00	-3.314505e+00	-1.571399e-01
4.260000e-01	-1.578709e+00	1.560831e+00	-3.471439e+00	-3.314428e+00	-1.570109e-01
4.270000e-01	-1.578772e+00	1.560930e+00	-3.471330e+00	-3.314437e+00	-1.568930e-01
4.280000e-01	-1.578808e+00	1.561002e+00	-3.471156e+00	-3.314386e+00	-1.567700e-01
4.290000e-01	-1.578872e+00	1.561099e+00	-3.471060e+00	-3.314402e+00	-1.566580e-01
4.300000e-01	-1.578898e+00	1.561156e+00	-3.470891e+00	-3.314344e+00	-1.565471e-01
4.310000e-01	-1.578963e+00	1.561251e+00	-3.470807e+00	-3.314367e+00	-1.564403e-01
4.320000e-01	-1.579001e+00	1.561317e+00	-3.470665e+00	-3.314333e+00	-1.563317e-01
4.330000e-01	-1.579071e+00	1.561415e+00	-3.470603e+00	-3.314373e+00	-1.562304e-01
4.340000e-01	-1.579107e+00	1.561474e+00	-3.470481e+00	-3.314347e+00	-1.561337e-01
4.350000e-01	-1.579178e+00	1.561570e+00	-3.470444e+00	-3.314400e+00	-1.560441e-01
4.360000e-01	-1.579229e+00	1.561643e+00	-3.470360e+00	-3.314409e+00	-1.559513e-01
4.370000e-01	-1.579295e+00	1.561729e+00	-3.470328e+00	-3.314459e+00	-1.558694e-01
4.380000e-01	-1.579330e+00	1.561782e+00	-3.470241e+00	-3.314450e+00	-1.557904e-01
4.390000e-01	-1.579399e+00	1.561870e+00	-3.470235e+00	-3.314517e+00	-1.557184e-01
4.400000e-01	-1.579446e+00	1.561932e+00	-3.470181e+00	-3.314537e+00	-1.556442e-01
4.410000e-01	-1.579509e+00	1.562010e+00	-3.470183e+00	-3.314601e+00	-1.555826e-01
4.420000e-01	-1.579536e+00	1.562049e+00	-3.470120e+00	-3.314596e+00	-1.555237e-01
4.430000e-01	-1.579592e+00	1.562117e+00	-3.470133e+00	-3.314659e+00	-1.554745e-01
4.440000e-01	-1.579625e+00	1.562162e+00	-3.470096e+00	-3.314674e+00	-1.554227e-01
4.450000e-01	-1.579667e+00	1.562213e+00	-3.470097e+00	-3.314715e+00	-1.553819e-01
4.460000e-01	-1.579682e+00	1.562234e+00	-3.470049e+00	-3.314707e+00	-1.553426e-01
4.470000e-01	-1.579713e+00	1.562272e+00	-3.470052e+00	-3.314739e+00	-1.553132e-01
4.480000e-01	-1.579728e+00	1.562293e+00	-3.470014e+00	-3.314735e+00	-1.552791e-01
4.490000e-01	-1.579758e+00	1.562329e+00	-3.470036e+00	-3.314776e+00	-1.552595e-01
4.500000e-01	-1.579756e+00	1.562327e+00	-3.469996e+00	-3.314754e+00	-1.552417e-01
4.510000e-01	-1.579778e+00	1.562352e+00	-3.470018e+00	-3.314787e+00	-1.552305e-01
4.520000e-01	-1.579777e+00	1.562350e+00	-3.469983e+00	-3.314769e+00	-1.552141e-01
4.530000e-01	-1.579787e+00	1.562360e+00	-3.470002e+00	-3.314788e+00	-1.552144e-01
4.540000e-01	-1.579764e+00	1.562334e+00	-3.469952e+00	-3.314740e+00	-1.552118e-01
4.550000e-01	-1.579766e+00	1.562335e+00	-3.469968e+00	-3.314750e+00	-1.552176e-01
4.560000e-01	-1.579742e+00	1.562307e+00	-3.469925e+00	-3.314705e+00	-1.552200e-01
4.570000e-01	-1.579741e+00	1.562303e+00	-3.469950e+00	-3.314716e+00	-1.552336e-01
4.580000e-01	-1.579709e+00	1.562263e+00	-3.469913e+00	-3.314666e+00	-1.552472e-01
4.590000e-01	-1.579696e+00	1.562245e+00	-3.469932e+00	-3.314662e+00	-1.552696e-01
4.600000e-01	-1.579669e+00	1.562211e+00	-3.469905e+00	-3.314622e+00	-1.552834e-01
4.610000e-01	-1.579654e+00	1.562189e+00	-3.469934e+00	-3.314621e+00	-1.553133e-01
4.620000e-01	-1.579602e+00	1.562128e+00	-3.469880e+00	-3.314543e+00	-1.553376e-01
4.630000e-01	-1.579577e+00	1.562095e+00	-3.469899e+00	-3.314527e+00	-1.553728e-01
4.640000e-01	-1.579543e+00	1.562052e+00	-3.469883e+00	-3.314484e+00	-1.553986e-01
4.650000e-01	-1.579510e+00	1.562010e+00	-3.469887e+00	-3.314453e+00	-1.554340e-01
4.660000e-01	-1.579450e+00	1.561940e+00	-3.469832e+00	-3.314366e+00	-1.554660e-01
4.670000e-01	-1.579411e+00	1.561893e+00	-3.469843e+00	-3.314333e+00	-1.555102e-01
4.680000e-01	-1.579357e+00	1.561830e+00	-3.469799e+00	-3.314257e+00	-1.555422e-01
4.690000e-01	-1.579314e+00	1.561778e+00	-3.469805e+00	-3.314217e+00	-1.555879e-01
4.700000e-01	-1.579242e+00	1.561693e+00	-3.469746e+00	-3.314115e+00	-1.556311e-01
4.710000e-01	-1.579193e+00	1.561635e+00	-3.469749e+00	-3.314068e+00	-1.556813e-01
4.720000e-01	-1.579124e+00	1.561555e+00	-3.469685e+00	-3.313966e+00	-1.557188e-01
4.730000e-01	-1.579069e+00	1.561490e+00	-3.469681e+00	-3.313909e+00	-1.557722e-01
4.740000e-01	-1.578980e+00	1.561391e+00	-3.469599e+00	-3.313780e+00	-1.558194e-01
4.750000e-01	-1.578917e+00	1.561318e+00	-3.469572e+00	-3.313703e+00	-1.558686e-01
4.760000e-01	-1.578835e+00	1.561225e+00	-3.469494e+00	-3.313582e+00	-1.559120e-01
4.770000e-01	-1.578768e+00	1.561148e+00	-3.469471e+00	-3.313503e+00	-1.559674e-01
4.780000e-01	-1.578665e+00	1.561033e+00	-3.469363e+00	-3.313346e+00	-1.560172e-01
4.790000e-01	-1.578592e+00	1.560951e+00	-3.469325e+00	-3.313254e+00	-1.560708e-01
4.800000e-01	-1.578494e+00	1.560844e+00	-3.469225e+00	-3.313107e+00	-1.561184e-01
4.810000e-01	-1.578415e+00	1.560753e+00	-3.469171e+00	-3.313000e+00	-1.561712e-01
4.820000e-01	-1.578299e+00	1.560627e+00	-3.469043e+00	-3.312821e+00	-1.562220e-01
4.830000e-01	-1.578223e+00	1.560541e+00	-3.469002e+00	-3.312724e+00	-1.562783e-01
4.840000e-01	-1.578120e+00	1.560429e+00	-3.468878e+00	-3.312559e+00	-1.563193e-01
4.850000e-01	-1.578040e+00	1.560340e+00	-3.468820e+00	-3.312451e+00	-1.563698e-01
4.860000e-01	-1.577922e+00	1.560212e+00	-3.468678e+00	-3.312261e+00	-1.564170e-01
4.870000e-01	-1.577846e+00	1.560128e+00	-3.468625e+00	-3.312159e+00	-1.564664e-01
4.880000e-01	-1.577744e+00	1.560018e+00	-3.468501e+00	-3.311995e+00	-1.565063e-01
4.890000e-01	-1.577672e+00	1.559938e+00	-3.468455e+00	-3.311900e+00	-1.565558e-01
4.900000e-01	-1.577571e+00	1.559828e+00	-3.468334e+00	-3.311738e+00	-1.565956e-01
4.910000e-01	-1.577508e+00	1.559759e+00	-3.468290e+00	-3.311654e+00	-1.566367e-01
4.920000e-01	-1.577425e+00	1.559669e+00	-3.468190e+00	-3.311520e+00	-1.566705e-01
4.930000e-01	-1.577351e+00	1.559588e+00	-3.468126e+00	-3.311414e+00	-1.567118e-01
4.940000e-01	-1.577249e+00	1.559479e+00	-3.467994e+00	-3.311246e+00	-1.567485e-01
4.950000e-01	-1.577179e+00	1.559402e+00	-3.467937e+00	-3.311147e+00	-1.567896e-01
4.960000e-01	-1.577092e+00	1.559310e+00	-3.467817e+00	-3.311001e+00	-1.568165e-01
4.970000e-01	-1.577028e+00	1.559238e+00	-3.467770e+00	-3.310913e+00	-1.568573e-01
4.980000e-01	-1.576934e+00	1.559139e+00	-3.467647e+00	-3.310758e+00	-1.568893e-01
4.990000e-01	-1.576880e+00	1.559078e+00	-3.467608e+00	-3.310684e+00	-1.569243e-01
5.000000e-01	-1.576810e+00	1.559003e+00	-3.467505e+00	-3.310563e+00	-1.569419e-01
5.010000e-01	-1.576758e+00	1.558945e+00	-3.467469e+00	-3.310493e+00	-1.569763e-01
5.020000e-01	-1.576689e+00	1.558870e+00	-3.467378e+00	-3.310378e+00	-1.569996e-01
5.030000e-01	-1.576654e+00	1.558830e+00	-3.467363e+00	-3.310336e+00	-1.570273e-01
5.040000e-01	-1.576607e+00	1.558781e+00	-3.467299e+00	-3.310257e+00	-1.570421e-01
5.050000e-01	-1.576574e+00	1.558740e+00	-3.467284e+00	-3.310216e+00	-1.570675e-01
5.060000e-01	-1.576517e+00	1.558678e+00	-3.467196e+00	-3.310114e+00	-1.570812e-01
5.070000e-01	-1.576489e+00	1.558646e+00	-3.467183e+00	-3.310081e+00	-1.571026e-01
5.080000e-01	-1.576452e+00	1.558607e+00	-3.467131e+00	-3.310017e+00	-1.571133e-01
5.090000e-01	-1.576441e+00	1.558591e+00	-3.467144e+00	-3.310013e+00	-1.571309e-01
5.100000e-01	-1.576410e+00	1.558557e+00	-3.467100e+00	-3.309960e+00	-1.571400e-01
5.110000e-01	-1.576414e+00	1.558555e+00	-3.467143e+00	-3.309985e+00	-1.571573e-01
5.120000e-01	-1.576396e+00	1.558534e+00	-3.467107e+00	-3.309950e+00	-1.571570e-01
5.130000e-01	-1.576395e+00	1.558528e+00	-3.467135e+00	-3.309963e+00	-1.571722e-01
5.140000e-01	-1.576377e+00	1.558507e+00	-3.467106e+00	-3.309930e+00	-1.571758e-01
5.150000e-01	-1.576388e+00	1.558513e+00	-3.467146e+00	-3.309960e+00	-1.571851e-01
5.160000e-01	-1.576382e+00	1.558506e+00	-3.467126e+00	-3.309945e+00	-1.571812e-01
5.170000e-01	-1.576401e+00	1.558518e+00	-3.467186e+00	-3.309994e+00	-1.571921e-01
5.180000e-01	-1.576396e+00	1.558510e+00	-3.467183e+00	-3.309987e+00	-1.571958e-01
5.190000e-01	-1.576424e+00	1.558533e+00	-3.467249e+00	-3.310048e+00	-1.572008e-01
5.200000e-01	-1.576434e+00	1.558542e+00	-3.467258e+00	-3.310063e+00	-1.571944e-01
5.210000e-01	-1.576461e+00	1.558562e+00	-3.467321e+00	-3.310122e+00	-1.571994e-01
5.220000e-01	-1.576462e+00	1.558562e+00	-3.467322e+00	-3.310123e+00	-1.571988e-01
5.230000e-01	-1.576506e+00	1.558600e+00	-3.467421e+00	-3.310217e+00	-1.572039e-01
5.240000e-01	-1.576529e+00	1.558623e+00	-3.467452e+00	-3.310255e+00	-1.571965e-01
5.250000e-01	-1.576574e+00	1.558661e+00	-3.467549e+00	-3.310348e+00	-1.572008e-01
5.260000e-01	-1.576590e+00	1.558675e+00	-3.467571e+00	-3.310375e+00	-1.571959e-01
5.270000e-01	-1.576633e+00	1.558713e+00	-3.467659e+00	-3.310463e+00	-1.571964e-01
5.280000e-01	-1.576657e+00	1.558737e+00	-3.467691e+00	-3.310502e+00	-1.571888e-01
5.290000e-01	-1.576709e+00	1.558781e+00	-3.467803e+00	-3.310611e+00	-1.571925e-01
5.300000e-01	-1.576731e+00	1.558800e+00	-3.467831e+00	-3.310646e+00	-1.571849e-01
5.310000e-01	-1.576785e+00	1.558848e+00	-3.467938e+00	-3.310754e+00	-1.571839e-01
5.320000e-01	-1.576817e+00	1.558879e+00	-3.467977e+00	-3.310806e+00	-1.571710e-01
5.330000e-01	-1.576874e+00	1.558928e+00	-3.468093e+00	-3.310920e+00	-1.571729e-01
5.340000e-01	-1.576904e+00	1.558959e+00	-3.468138e+00	-3.310973e+00	-1.571646e-01
5.350000e-01	-1.576978e+00	1.559024e+00	-3.468282e+00	-3.311119e+00	-1.571629e-01
5.360000e-01	-1.577024e+00	1.559069e+00	-3.468344e+00	-3.311196e+00	-1.571483e-01
5.370000e-01	-1.577091e+00	1.559130e+00	-3.468482e+00	-3.311332e+00	-1.571498e-01
5.380000e-01	-1.577123e+00	1.559161e+00	-3.468528e+00	-3.311387e+00	-1.571415e-01
5.390000e-01	-1.577187e+00	1.559220e+00	-3.468652e+00	-3.311513e+00	-1.571385e-01
5.400000e-01	-1.577226e+00	1.559259e+00	-3.468701e+00	-3.311577e+00	-1.571248e-01
5.410000e-01	-1.577296e+00	1.559322e+00	-3.468840e+00	-3.311716e+00	-1.571245e-01
5.420000e-01	-1.577335e+00	1.559361e+00	-3.468898e+00	-3.311784e+00	-1.571143e-01
5.430000e-01	-1.577413e+00	1.559437e+00	-3.469048e+00	-3.311937e+00	-1.571111e-01
5.440000e-01	-1.577460e+00	1.559484e+00	-3.469115e+00	-3.312017e+00	-1.570977e-01
5.450000e-01	-1.577507e+00	1.559527e+00	-3.469202e+00	-3.312107e+00	-1.570940e-01
5.460000e-01	-1.577541e+00	1.559561e+00	-3.469255e+00	-3.312168e+00	-1.570868e-01
5.470000e-01	-1.577604e+00	1.559620e+00	-3.469373e+00	-3.312291e+00	-1.570824e-01
5.480000e-01	-1.577646e+00	1.559663e+00	-3.469431e+00	-3.312361e+00	-1.570694e-01
5.490000e-01	-1.577692e+00	1.559708e+00	-3.469529e+00	-3.312457e+00	-1.570721e-01
5.500000e-01	-1.577723e+00	1.559737e+00	-3.469569e+00	-3.312508e+00	-1.570613e-01
5.510000e-01	-1.577770e+00	1.559783e+00	-3.469657e+00	-3.312598e+00	-1.570586e-01
5.520000e-01	-1.577808e+00	1.559824e+00	-3.469709e+00	-3.312662e+00	-1.570467e-01
5.530000e-01	-1.577847e+00	1.559863e+00	-3.469784e+00	-3.312739e+00	-1.570446e-01
5.540000e-01	-1.577875e+00	1.559890e+00	-3.469825e+00	-3.312787e+00	-1.570374e-01
5.550000e-01	-1.577914e+00	1.559929e+00	-3.469903e+00	-3.312865e+00	-1.570377e-01
5.560000e-01	-1.577941e+00	1.559957e+00	-3.469931e+00	-3.312906e+00	-1.570251e-01
5.570000e-01	-1.577968e+00	1.559985e+00	-3.469989e+00	-3.312962e+00	-1.570267e-01
5.580000e-01	-1.577982e+00	1.560000e+00	-3.470008e+00	-3.312986e+00	-1.570223e-01
5.590000e-01	-1.578007e+00	1.560026e+00	-3.470058e+00	-3.313036e+00	-1.570222e-01
5.600000e-01	-1.578026e+00	1.560045e+00	-3.470072e+00	-3.313061e+00	-1.570101e-01
5.610000e-01	-1.578041e+00	1.560063e+00	-3.470104e+00	-3.313093e+00	-1.570112e-01
5.620000e-01	-1.578052e+00	1.560073e+00	-3.470113e+00	-3.313109e+00	-1.570046e-01
5.630000e-01	-1.578070e+00	1.560095e+00	-3.470154e+00	-3.313147e+00	-1.570071e-01
5.640000e-01	-1.578088e+00	1.560115e+00	-3.470168e+00	-3.313172e+00	-1.569957e-01
5.650000e-01	-1.578098e+00	1.560128e+00	-3.470191e+00	-3.313194e+00	-1.569973e-01
5.660000e-01	-1.578099e+00	1.560128e+00	-3.470181e+00	-3.313190e+00	-1.569911e-01
5.670000e-01	-1.578102e+00	1.560137e+00	-3.470186e+00	-3.313195e+00	-1.569908e-01
5.680000e-01	-1.578110e+00	1.560146e+00	-3.470182e+00	-3.313201e+00	-1.569809e-01
5.690000e-01	-1.578118e+00	1.560158e+00	-3.470201e+00	-3.313219e+00	-1.569825e-01
5.700000e-01	-1.578115e+00	1.560155e+00	-3.470181e+00	-3.313205e+00	-1.569757e-01
5.710000e-01	-1.578122e+00	1.560166e+00	-3.470194e+00	-3.313219e+00	-1.569746e-01
5.720000e-01	-1.578131e+00	1.560176e+00	-3.470191e+00	-3.313226e+00	-1.569651e-01
5.730000e-01	-1.578126e+00	1.560177e+00	-3.470179e+00	-3.313215e+00	-1.569642e-01
5.740000e-01	-1.578122e+00	1.560175e+00	-3.470159e+00	-3.313201e+00	-1.569578e-01
5.750000e-01	-1.578121e+00	1.560179e+00	-3.470156e+00	-3.313199e+00	-1.569569e-01
5.760000e-01	-1.578120e+00	1.560182e+00	-3.470137e+00	-3.313189e+00	-1.569481e-01
5.770000e-01	-1.578119e+00	1.560183e+00	-3.470132e+00	-3.313185e+00	-1.569477e-01
5.780000e-01	-1.578106e+00	1.560171e+00	-3.470101e+00	-3.313156e+00	-1.569447e-01
5.790000e-01	-1.578096e+00	1.560167e+00	-3.470078e+00	-3.313135e+00	-1.569429e-01
5.800000e-01	-1.578087e+00	1.560161e+00	-3.470040e+00	-3.313107e+00	-1.569329e-01
5.810000e-01	-1.578070e+00	1.560149e+00	-3.470003e+00	-3.313072e+00	-1.569316e-01
5.820000e-01	-1.578051e+00	1.560133e+00	-3.469955e+00	-3.313028e+00	-1.569266e-01
5.830000e-01	-1.578047e+00	1.560135e+00	-3.469944e+00	-3.313020e+00	-1.569248e-01
5.840000e-01	-1.578042e+00	1.560133e+00	-3.469914e+00	-3.312999e+00	-1.569146e-01
5.850000e-01	-1.578027e+00	1.560122e+00	-3.469881e+00	-3.312968e+00	-1.569128e-01
5.860000e-01	-1.578002e+00	1.560100e+00	-3.469818e+00	-3.312911e+00	-1.569065e-01
5.870000e-01	-1.577985e+00	1.560086e+00	-3.469787e+00	-3.312878e+00	-1.569084e-01
5.880000e-01	-1.577971e+00	1.560079e+00	-3.469741e+00	-3.312842e+00	-1.568992e-01
5.890000e-01	-1.577963e+00	1.560072e+00	-3.469722e+00	-3.312824e+00	-1.568985e-01
5.900000e-01	-1.577942e+00	1.560055e+00	-3.469668e+00	-3.312776e+00	-1.568915e-01
5.910000e-01	-1.577933e+00	1.560049e+00	-3.469646e+00	-3.312756e+00	-1.568902e-01
5.920000e-01	-1.577918e+00	1.560039e+00	-3.469596e+00	-3.312717e+00	-1.568798e-01
5.930000e-01	-1.577898e+00	1.560020e+00	-3.469555e+00	-3.312675e+00	-1.568797e-01
5.940000e-01	-1.577875e+00	1.560002e+00	-3.469498e+00	-3.312624e+00	-1.568740e-01
5.950000e-01	-1.577866e+00	1.559995e+00	-3.469473e+00	-3.312602e+00	-1.568709e-01
5.960000e-01	-1.577857e+00	1.559991e+00	-3.469434e+00	-3.312574e+00	-1.568597e-01
5.970000e-01	-1.577846e+00	1.559982e+00	-3.469411e+00	-3.312551e+00	-1.568595e-01
5.980000e-01	-1.577827e+00	1.559965e+00	-3.469361e+00	-3.312508e+00	-1.568535e-01
5.990000e-01	-1.577819e+00	1.559959e+00	-3.469343e+00	-3.312490e+00	-1.568530e-01
6.000000e-01	-1.577808e+00	1.559953e+00	-3.469300e+00	-3.312458e+00	-1.568415e-01
6.010000e-01	-1.577797e+00	1.559942e+00	-3.469274e+00	-3.312434e+00	-1.568404e-01
6.020000e-01	-1.577780e+00	1.559928e+00	-3.469230e+00	-3.312395e+00	-1.568352e-01
6.030000e-01	-1.577775e+00	1.559926e+00	-3.469221e+00	-3.312386e+00	-1.568353e-01
6.040000e-01	-1.577770e+00	1.559923e+00	-3.469189e+00	-3.312364e+00	-1.568248e-01
6.050000e-01	-1.577757e+00	1.559911e+00	-3.469163e+00	-3.312338e+00	-1.568244e-01
6.060000e-01	-1.577735e+00	1.559891e+00	-3.469110e+00	-3.312290e+00	-1.568198e-01
6.070000e-01	-1.577725e+00	1.559883e+00	-3.469091e+00	-3.312271e+00	-1.568204e-01
6.080000e-01	-1.577718e+00	1.559878e+00	-3.469054e+00	-3.312245e+00	-1.568093e-01
6.090000e-01	-1.577712e+00	1.559874e+00	-3.469049e+00	-3.312237e+00	-1.568123e-01
6.100000e-01	-1.577698e+00	1.559859e+00	-3.469009e+00	-3.312203e+00	-1.568060e-01
6.110000e-01	-1.577694e+00	1.559857e+00	-3.469003e+00	-3.312196e+00	-1.568073e-01
6.120000e-01	-1.577687e+00	1.559853e+00	-3.468974e+00	-3.312174e+00	-1.567996e-01
6.130000e-01	-1.577675e+00	1.559840e+00	-3.468949e+00	-3.312149e+00	-1.568001e-01
6.140000e-01	-1.577660e+00	1.559825e+00	-3.468916e+00	-3.312118e+00	-1.567976e-01
6.150000e-01	-1.577655e+00	1.559822e+00	-3.468907e+00	-3.312108e+00	-1.567987e-01
6.160000e-01	-1.577655e+00	1.559822e+00	-3.468893e+00	-3.312102e+00	-1.567916e-01
6.170000e-01	-1.577650e+00	1.559818e+00	-3.468885e+00	-3.312092e+00	-1.567926e-01
6.180000e-01	-1.577636e+00	1.559803e+00	-3.468848e+00	-3.312060e+00	-1.567881e-01
6.190000e-01	-1.577632e+00	1.559801e+00	-3.468840e+00	-3.312052e+00	-1.567875e-01
6.200000e-01	-1.577632e+00	1.559800e+00	-3.468821e+00	-3.312043e+00	-1.567786e-01
6.210000e-01	-1.577626e+00	1.559797e+00	-3.468814e+00	-3.312033e+00	-1.567810e-01
6.220000e-01	-1.577622e+00	1.559790e+00	-3.468797e+00	-3.312020e+00	-1.567767e-01
6.230000e-01	-1.577624e+00	1.559795e+00	-3.468805e+00	-3.312026e+00	-1.567785e-01
6.240000e-01	-1.577626e+00	1.559796e+00	-3.468798e+00	-3.312025e+00	-1.567734e-01
6.250000e-01	-1.577617e+00	1.559787e+00	-3.468781e+00	-3.312007e+00	-1.567737e-01
6.260000e-01	-1.577605e+00	1.559772e+00	-3.468752e+00	-3.311981e+00	-1.567716e-01
6.270000e-01	-1.577601e+00	1.559773e+00	-3.468749e+00	-3.311976e+00	-1.567736e-01
6.280000e-01	-1.577607e+00	1.559777e+00	-3.468745e+00	-3.311980e+00	-1.567658e-01
6.290000e-01	-1.577608e+00	1.559781e+00	-3.468750e+00	-3.311983e+00	-1.567667e-01
6.300000e-01	-1.577606e+00	1.559776e+00	-3.468745e+00	-3.311978e+00	-1.567667e-01
6.310000e-01	-1.577607e+00	1.559779e+00	-3.468748e+00	-3.311981e+00	-1.567664e-01
6.320000e-01	-1.577608e+00	1.559778e+00	-3.468736e+00	-3.311977e+00	-1.567597e-01
6.330000e-01	-1.577598e+00	1.559771e+00	-3.468724e+00	-3.311960e+00	-1.567642e-01
6.340000e-01	-1.577593e+00	1.559761e+00	-3.468715e+00	-3.311950e+00	-1.567651e-01
6.350000e-01	-1.577595e+00	1.559766e+00	-3.468725e+00	-3.311958e+00	-1.567669e-01
6.360000e-01	-1.577602e+00	1.559772e+00	-3.468731e+00	-3.311968e+00	-1.567635e-01
6.370000e-01	-1.577602e+00	1.559773e+00	-3.468737e+00	-3.311971e+00	-1.567663e-01
6.380000e-01	-1.577592e+00	1.559759e+00	-3.468717e+00	-3.311950e+00	-1.567670e-01
6.390000e-01	-1.577587e+00	1.559758e+00	-3.468715e+00	-3.311945e+00	-1.567702e-01
6.400000e-01	-1.577589e+00	1.559757e+00	-3.468710e+00	-3.311944e+00	-1.567659e-01
6.410000e-01	-1.577586e+00	1.559755e+00	-3.468708e+00	-3.311940e+00	-1.567684e-01
6.420000e-01	-1.577579e+00	1.559745e+00	-3.468700e+00	-3.311929e+00	-1.567711e-01
6.430000e-01	-1.577582e+00	1.559750e+00	-3.468716e+00	-3.311941e+00	-1.567757e-01
6.440000e-01	-1.577586e+00	1.559751e+00	-3.468717e+00	-3.311944e+00	-1.567727e-01
6.450000e-01	-1.577582e+00	1.559748e+00	-3.468721e+00	-3.311942e+00	-1.567787e-01
6.460000e-01	-1.577573e+00	1.559735e+00	-3.468705e+00	-3.311926e+00	-1.567795e-01
6.470000e-01	-1.577574e+00	1.559738e+00	-3.468712e+00	-3.311930e+00	-1.567816e-01
6.480000e-01	-1.577584e+00	1.559746e+00	-3.468727e+00	-3.311947e+00	-1.567798e-01
6.490000e-01	-1.577592e+00	1.559754e+00	-3.468747e+00	-3.311965e+00	-1.567814e-01
6.500000e-01	-1.577594e+00	1.559751e+00	-3.468753e+00	-3.311970e+00	-1.567828e-01
6.510000e-01	-1.577595e+00	1.559755e+00	-3.468767e+00	-3.311979e+00	-1.567882e-01
6.520000e-01	-1.577591e+00	1.559748e+00	-3.468750e+00	-3.311966e+00	-1.567841e-01
6.530000e-01	-1.577583e+00	1.559741e+00	-3.468747e+00	-3.311957e+00	-1.567904e-01
6.540000e-01	-1.577577e+00	1.559733e+00	-3.468741e+00	-3.311948e+00	-1.567931e-01
6.550000e-01	-1.577585e+00	1.559741e+00	-3.468764e+00	-3.311967e+00	-1.567970e-01
6.560000e-01	-1.577591e+00	1.559744e+00	-3.468768e+00	-3.311975e+00	-1.567929e-01
6.570000e-01	-1.577593e+00	1.559747e+00	-3.468787e+00	-3.311987e+00	-1.568000e-01
6.580000e-01	-1.577586e+00	1.559735e+00	-3.468775e+00	-3.311973e+00	-1.568017e-01
6.590000e-01	-1.577586e+00	1.559736e+00	-3.468786e+00	-3.311979e+00	-1.568076e-01
6.600000e-01	-1.577589e+00	1.559738e+00	-3.468784e+00	-3.311981e+00	-1.568034e-01
6.610000e-01	-1.577589e+00	1.559739e+00	-3.468794e+00	-3.311986e+00	-1.568083e-01
6.620000e-01	-1.577588e+00	1.559733e+00	-3.468793e+00	-3.311984e+00	-1.568089e-01
6.630000e-01	-1.577593e+00	1.559742e+00	-3.468818e+00	-3.312002e+00	-1.568166e-01
6.640000e-01	-1.577594e+00	1.559739e+00	-3.468810e+00	-3.311999e+00	-1.568111e-01
6.650000e-01	-1.577585e+00	1.559731e+00	-3.468808e+00	-3.311989e+00	-1.568185e-01
6.660000e-01	-1.577573e+00	1.559715e+00	-3.468792e+00	-3.311969e+00	-1.568227e-01
6.670000e-01	-1.577566e+00	1.559710e+00	-3.468789e+00	-3.311961e+00	-1.568284e-01
6.680000e-01	-1.577564e+00	1.559704e+00	-3.468777e+00	-3.311952e+00	-1.568251e-01
6.690000e-01	-1.577561e+00	1.559705e+00	-3.468786e+00	-3.311954e+00	-1.568319e-01
6.700000e-01	-1.577556e+00	1.559694e+00	-3.468776e+00	-3.311944e+00	-1.568316e-01
6.710000e-01	-1.577553e+00	1.559696e+00	-3.468778e+00	-3.311942e+00	-1.568353e-01
6.720000e-01	-1.577553e+00	1.559693e+00	-3.468769e+00	-3.311937e+00	-1.568311e-01
6.730000e-01	-1.577544e+00	1.559686e+00	-3.468762e+00	-3.311925e+00	-1.568371e-01
6.740000e-01	-1.577537e+00	1.559675e+00	-3.468748e+00	-3.311911e+00	-1.568366e-01
6.750000e-01	-1.577537e+00	1.559678e+00	-3.468758e+00	-3.311916e+00	-1.568426e-01
6.760000e-01	-1.577540e+00	1.559677e+00	-3.468757e+00	-3.311919e+00	-1.568382e-01
6.770000e-01	-1.577537e+00	1.559677e+00	-3.468761e+00	-3.311917e+00	-1.568437e-01
6.780000e-01	-1.577527e+00	1.559664e+00	-3.468744e+00	-3.311899e+00	-1.568449e-01
6.790000e-01	-1.577523e+00	1.559664e+00	-3.468736e+00	-3.311891e+00	-1.568453e-01
6.800000e-01	-1.577525e+00	1.559663e+00	-3.468726e+00	-3.311889e+00	-1.568379e-01
6.810000e-01	-1.577524e+00	1.559666e+00	-3.468738e+00	-3.311893e+00	-1.568446e-01
6.820000e-01	-1.577524e+00	1.559660e+00	-3.468731e+00	-3.311889e+00	-1.568418e-01
6.830000e-01	-1.577525e+00	1.559665e+00	-3.468745e+00	-3.311897e+00	-1.568478e-01
6.840000e-01	-1.577523e+00	1.559661e+00	-3.468737e+00	-3.311892e+00	-1.568454e-01
6.850000e-01	-1.577511e+00	1.559650e+00	-3.468719e+00	-3.311870e+00	-1.568485e-01
6.860000e-01	-1.577500e+00	1.559635e+00	-3.468697e+00	-3.311849e+00	-1.568480e-01
6.870000e-01	-1.577497e+00	1.559636e+00	-3.468700e+00	-3.311847e+00	-1.568533e-01
6.880000e-01	-1.577505e+00	1.559642e+00	-3.468703e+00	-3.311856e+00	-1.568466e-01
6.890000e-01	-1.577515e+00	1.559656e+00	-3.468731e+00	-3.311881e+00	-1.568505e-01
6.900000e-01	-1.577516e+00	1.559653e+00	-3.468725e+00	-3.311879e+00	-1.568466e-01
6.910000e-01	-1.577518e+00	1.559658e+00	-3.468736e+00	-3.311886e+00	-1.568498e-01
6.920000e-01	-1.577516e+00	1.559653e+00	-3.468723e+00	-3.311878e+00	-1.568456e-01
6.930000e-01	-1.577501e+00	1.559643e+00	-3.468704e+00	-3.311853e+00	-1.568506e-01
6.940000e-01	-1.577494e+00	1.559632e+00	-3.468687e+00	-3.311838e+00	-1.568492e-01
6.950000e-01	-1.577494e+00	1.559636e+00	-3.468695e+00	-3.311842e+00	-1.568535e-01
6.960000e-01	-1.577495e+00	1.559635e+00	-3.468681e+00	-3.311835e+00	-1.568456e-01
6.970000e-01	-1.577490e+00	1.559633e+00	-3.468678e+00	-3.311829e+00	-1.568492e-01
6.980000e-01	-1.577482e+00	1.559621e+00	-3.468663e+00	-3.311813e+00	-1.568496e-01
6.990000e-01	-1.577474e+00	1.559619e+00	-3.468653e+00	-3.311801e+00	-1.568522e-01
7.000000e-01	-1.577474e+00	1.559616e+00	-3.468641e+00	-3.311795e+00	-1.568461e-01
7.010000e-01	-1.577468e+00	1.559613e+00	-3.468635e+00	-3.311786e+00	-1.568492e-01
7.020000e-01	-1.577463e+00	1.559604e+00	-3.468628e+00	-3.311777e+00	-1.568513e-01
7.030000e-01	-1.577459e+00	1.559604e+00	-3.468626e+00	-3.311772e+00	-1.568544e-01
7.040000e-01	-1.577460e+00	1.559603e+00	-3.468618e+00	-3.311770e+00	-1.568485e-01
7.050000e-01	-1.577455e+00	1.559603e+00	-3.468615e+00	-3.311763e+00	-1.568521e-01
7.060000e-01	-1.577453e+00	1.559595e+00	-3.468599e+00	-3.311752e+00	-1.568469e-01
7.070000e-01	-1.577451e+00	1.559599e+00	-3.468601e+00	-3.311752e+00	-1.568490e-01
7.080000e-01	-1.577456e+00	1.559602e+00	-3.468602e+00	-3.311757e+00	-1.568453e-01
7.090000e-01	-1.577453e+00	1.559601e+00	-3.468603e+00	-3.311754e+00	-1.568491e-01
7.100000e-01	-1.577446e+00	1.559589e+00	-3.468586e+00	-3.311739e+00	-1.568467e-01
7.110000e-01	-1.577442e+00	1.559590e+00	-3.468588e+00	-3.311737e+00	-1.568516e-01
7.120000e-01	-1.577440e+00	1.559585e+00	-3.468567e+00	-3.311724e+00	-1.568431e-01
7.130000e-01	-1.577433e+00	1.559582e+00	-3.468561e+00	-3.311714e+00	-1.568472e-01
7.140000e-01	-1.577435e+00	1.559581e+00	-3.468562e+00	-3.311716e+00	-1.568457e-01
7.150000e-01	-1.577442e+00	1.559591e+00	-3.468579e+00	-3.311731e+00	-1.568480e-01
7.160000e-01	-1.577449e+00	1.559594e+00	-3.468581e+00	-3.311740e+00	-1.568410e-01
7.170000e-01	-1.577448e+00	1.559596e+00	-3.468590e+00	-3.311743e+00	-1.568470e-01
7.180000e-01	-1.577445e+00	1.559588e+00	-3.468574e+00	-3.311732e+00	-1.568424e-01
7.190000e-01	-1.577445e+00	1.559594e+00	-3.468579e+00	-3.311735e+00	-1.568443e-01
7.200000e-01	-1.577454e+00	1.559599e+00	-3.468582e+00	-3.311745e+00	-1.568375e-01
7.210000e-01	-1.577454e+00	1.559602e+00	-3.468588e+00	-3.311748e+00	-1.568399e-01
7.220000e-01	-1.577455e+00	1.559597e+00	-3.468589e+00	-3.311749e+00	-1.568396e-01
7.230000e-01	-1.577456e+00	1.559604e+00	-3.468599e+00	-3.311755e+00	-1.568437e-01
7.240000e-01	-1.577460e+00	1.559605e+00	-3.468594e+00	-3.311757e+00	-1.568369e-01
7.250000e-01	-1.577456e+00	1.559604e+00	-3.468588e+00	-3.311750e+00	-1.568382e-01
7.260000e-01	-1.577454e+00	1.559598e+00	-3.468583e+00	-3.311746e+00	-1.568378e-01
7.270000e-01	-1.577451e+00	1.559600e+00	-3.468576e+00	-3.311739e+00	-1.568369e-01
7.280000e-01	-1.577459e+00	1.559605e+00	-3.468581e+00	-3.311750e+00	-1.568316e-01
7.290000e-01	-1.577461e+00	1.559611e+00	-3.468594e+00	-3.311758e+00	-1.568365e-01
7.300000e-01	-1.577460e+00	1.559604e+00	-3.468584e+00	-3.311752e+00	-1.568320e-01
7.310000e-01	-1.577459e+00	1.559608e+00	-3.468588e+00	-3.311753e+00	-1.568352e-01
7.320000e-01	-1.577461e+00	1.559608e+00	-3.468583e+00	-3.311752e+00	-1.568309e-01
7.330000e-01	-1.577454e+00	1.559605e+00	-3.468573e+00	-3.311740e+00	-1.568328e-01
7.340000e-01	-1.577454e+00	1.559601e+00	-3.468570e+00	-3.311739e+00	-1.568310e-01
7.350000e-01	-1.577459e+00	1.559611e+00	-3.468586e+00	-3.311753e+00	-1.568336e-01
7.360000e-01	-1.577465e+00	1.559613e+00	-3.468579e+00	-3.311755e+00	-1.568245e-01
7.370000e-01	-1.577461e+00	1.559611e+00	-3.468576e+00	-3.311748e+00	-1.568272e-01
7.380000e-01	-1.577453e+00	1.559601e+00	-3.468560e+00	-3.311733e+00	-1.568268e-01
7.390000e-01	-1.577450e+00	1.559601e+00	-3.468555e+00	-3.311728e+00	-1.568279e-01
7.400000e-01	-1.577452e+00	1.559601e+00	-3.468544e+00	-3.311724e+00	-1.568196e-01
7.410000e-01	-1.577452e+00	1.559605e+00	-3.468553e+00	-3.311729e+00	-1.568242e-01
7.420000e-01	-1.577455e+00	1.559603e+00	-3.468554e+00	-3.311732e+00	-1.568224e-01
7.430000e-01	-1.577458e+00	1.559611e+00	-3.468565e+00	-3.311741e+00	-1.568240e-01
7.440000e-01	-1.577463e+00	1.559615e+00	-3.468561e+00	-3.311744e+00	-1.568169e-01
7.450000e-01	-1.577460e+00	1.559612e+00	-3.468560e+00	-3.311740e+00	-1.568201e-01
7.460000e-01	-1.577455e+00	1.559604e+00	-3.468542e+00	-3.311726e+00	-1.568156e-01
7.470000e-01	-1.577457e+00	1.559610e+00	-3.468552e+00	-3.311733e+00	-1.568188e-01
7.480000e-01	-1.577466e+00	1.559618e+00	-3.468554e+00	-3.311743e+00	-1.568109e-01
7.490000e-01	-1.577472e+00	1.559626e+00	-3.468571e+00	-3.311758e+00	-1.568131e-01
7.500000e-01	-1.577471e+00	1.559622e+00	-3.468563e+00	-3.311753e+00	-1.568106e-01
7.510000e-01	-1.577472e+00	1.559624e+00	-3.468567e+00	-3.311755e+00	-1.568120e-01
7.520000e-01	-1.577473e+00	1.559624e+00	-3.468562e+00	-3.311754e+00	-1.568086e-01
7.530000e-01	-1.577467e+00	1.559622e+00	-3.468559e+00	-3.311747e+00	-1.568122e-01
7.540000e-01	-1.577470e+00	1.559621e+00	-3.468560e+00	-3.311750e+00	-1.568103e-01
7.550000e-01	-1.577478e+00	1.559630e+00	-3.468577e+00	-3.311766e+00	-1.568107e-01
7.560000e-01	-1.577483e+00	1.559636e+00	-3.468577e+00	-3.311772e+00	-1.568050e-01
7.570000e-01	-1.577484e+00	1.559637e+00	-3.468587e+00	-3.311778e+00	-1.568097e-01
7.580000e-01	-1.577479e+00	1.559630e+00	-3.468572e+00	-3.311765e+00	-1.568072e-01
7.590000e-01	-1.577478e+00	1.559632e+00	-3.468572e+00	-3.311764e+00	-1.568084e-01
7.600000e-01	-1.577483e+00	1.559637e+00	-3.468568e+00	-3.311767e+00	-1.568008e-01
7.610000e-01	-1.577487e+00	1.559641e+00	-3.468582e+00	-3.311778e+00	-1.568038e-01
7.620000e-01	-1.577485e+00	1.559638e+00	-3.468574e+00	-3.311772e+00	-1.568021e-01
7.630000e-01	-1.577490e+00	1.559644e+00	-3.468592e+00	-3.311786e+00	-1.568063e-01
7.640000e-01	-1.577490e+00	1.559645e+00	-3.468579e+00	-3.311780e+00	-1.567991e-01
7.650000e-01	-1.577483e+00	1.559638e+00	-3.468569e+00	-3.311768e+00	-1.568018e-01
7.660000e-01	-1.577477e+00	1.559631e+00	-3.468556e+00	-3.311755e+00	-1.568012e-01
7.670000e-01	-1.577477e+00	1.559633e+00	-3.468561e+00	-3.311758e+00	-1.568030e-01
7.680000e-01	-1.577485e+00	1.559641e+00	-3.468564e+00	-3.311767e+00	-1.567972e-01
7.690000e-01	-1.577491e+00	1.559647e+00	-3.468584e+00	-3.311783e+00	-1.568015e-01
7.700000e-01	-1.577487e+00	1.559640e+00	-3.468568e+00	-3.311771e+00	-1.567975e-01
7.710000e-01	-1.577482e+00	1.559638e+00	-3.468566e+00	-3.311765e+00	-1.568014e-01
7.720000e-01	-1.577479e+00	1.559635e+00	-3.468555e+00	-3.311757e+00	-1.567983e-01
7.730000e-01	-1.577470e+00	1.559627e+00	-3.468542e+00	-3.311741e+00	-1.568011e-01
7.740000e-01	-1.577467e+00	1.559624e+00	-3.468534e+00	-3.311734e+00	-1.568000e-01
7.750000e-01	-1.577475e+00	1.559632e+00	-3.468556e+00	-3.311752e+00	-1.568032e-01
7.760000e-01	-1.577478e+00	1.559635e+00	-3.468547e+00	-3.311752e+00	-1.567953e-01
7.770000e-01	-1.577477e+00	1.559636e+00	-3.468554e+00	-3.311755e+00	-1.567998e-01
7.780000e-01	-1.577472e+00	1.559629e+00	-3.468540e+00	-3.311742e+00	-1.567983e-01
7.790000e-01	-1.577471e+00	1.559629e+00	-3.468542e+00	-3.311742e+00	-1.568005e-01
7.800000e-01	-1.577472e+00	1.559630e+00	-3.468530e+00	-3.311737e+00	-1.567931e-01
7.810000e-01	-1.577471e+00	1.559629e+00	-3.468542e+00	-3.311741e+00	-1.568003e-01
7.820000e-01	-1.577465e+00	1.559621e+00	-3.468528e+00	-3.311729e+00	-1.567987e-01
7.830000e-01	-1.577465e+00	1.559624e+00	-3.468542e+00	-3.311736e+00	-1.568054e-01
7.840000e-01	-1.577466e+00	1.559625e+00	-3.468526e+00	-3.311729e+00	-1.567964e-01
7.850000e-01	-1.577460e+00	1.559618e+00	-3.468520e+00	-3.311720e+00	-1.567996e-01
7.860000e-01	-1.577453e+00	1.559611e+00	-3.468506e+00	-3.311706e+00	-1.567998e-01
7.870000e-01	-1.577454e+00	1.559612e+00	-3.468510e+00	-3.311709e+00	-1.568011e-01
7.880000e-01	-1.577460e+00	1.559618e+00	-3.468514e+00	-3.311717e+00	-1.567970e-01
7.890000e-01	-1.577461e+00	1.559620e+00	-3.468525e+00	-3.311723e+00	-1.568013e-01
7.900000e-01	-1.577457e+00	1.559613e+00	-3.468513e+00	-3.311713e+00	-1.567995e-01
7.910000e-01	-1.577455e+00	1.559613e+00	-3.468516e+00	-3.311713e+00	-1.568035e-01
7.920000e-01	-1.577453e+00	1.559611e+00	-3.468501e+00	-3.311703e+00	-1.567981e-01
7.930000e-01	-1.577446e+00	1.559606e+00	-3.468495e+00	-3.311693e+00	-1.568019e-01
7.940000e-01	-1.577444e+00	1.559601e+00	-3.468490e+00	-3.311689e+00	-1.568011e-01
7.950000e-01	-1.577446e+00	1.559606e+00	-3.468504e+00	-3.311698e+00	-1.568055e-01
7.960000e-01	-1.577452e+00	1.559609e+00	-3.468506e+00	-3.311705e+00	-1.568013e-01
7.970000e-01	-1.577446e+00	1.559605e+00	-3.468500e+00	-3.311696e+00	-1.568040e-01
7.980000e-01	-1.577440e+00	1.559598e+00	-3.468487e+00	-3.311684e+00	-1.568035e-01
7.990000e-01	-1.577437e+00	1.559598e+00	-3.468486e+00	-3.311680e+00	-1.568055e-01
8.000000e-01	-1.577440e+00	1.559598e+00	-3.468474e+00	-3.311677e+00	-1.567971e-01
8.010000e-01	-1.577436e+00	1.559597e+00	-3.468477e+00	-3.311675e+00	-1.568021e-01
8.020000e-01	-1.577434e+00	1.559591e+00	-3.468476e+00	-3.311673e+00	-1.568038e-01
8.030000e-01	-1.577433e+00	1.559593e+00	-3.468477e+00	-3.311671e+00	-1.568060e-01
8.040000e-01	-1.577434e+00	1.559593e+00	-3.468473e+00	-3.311671e+00	-1.568023e-01
8.050000e-01	-1.577426e+00	1.559584e+00	-3.468462e+00	-3.311657e+00	-1.568057e-01
8.060000e-01	-1.577418e+00	1.559573e+00	-3.468444e+00	-3.311639e+00	-1.568042e-01
8.070000e-01	-1.577416e+00	1.559575e+00	-3.468449e+00	-3.311640e+00	-1.568088e-01
8.080000e-01	-1.577425e+00	1.559583e+00	-3.468458e+00	-3.311654e+00	-1.568044e-01
8.090000e-01	-1.577426e+00	1.559585e+00	-3.468468e+00	-3.311660e+00	-1.568086e-01
8.100000e-01	-1.577418e+00	1.559575e+00	-3.468449e+00	-3.311643e+00	-1.568067e-01
8.110000e-01	-1.577414e+00	1.559572e+00	-3.468450e+00	-3.311639e+00	-1.568112e-01
8.120000e-01	-1.577411e+00	1.559568e+00	-3.468433e+00	-3.311628e+00	-1.568052e-01
8.130000e-01	-1.577401e+00	1.559561e+00	-3.468427e+00	-3.311615e+00	-1.568120e-01
8.140000e-01	-1.577398e+00	1.559553e+00	-3.468417e+00	-3.311606e+00	-1.568109e-01
8.150000e-01	-1.577400e+00	1.559558e+00	-3.468429e+00	-3.311615e+00	-1.568144e-01
8.160000e-01	-1.577406e+00	1.559562e+00	-3.468430e+00	-3.311621e+00	-1.568089e-01
8.170000e-01	-1.577403e+00	1.559560e+00	-3.468431e+00	-3.311618e+00	-1.568130e-01
8.180000e-01	-1.577395e+00	1.559549e+00	-3.468413e+00	-3.311601e+00	-1.568116e-01
8.190000e-01	-1.577391e+00	1.559550e+00	-3.468411e+00	-3.311597e+00	-1.568142e-01
8.200000e-01	-1.577402e+00	1.559558e+00	-3.468416e+00	-3.311610e+00	-1.568064e-01
8.210000e-01	-1.577408e+00	1.559566e+00	-3.468437e+00	-3.311627e+00	-1.568104e-01
8.220000e-01	-1.577408e+00	1.559564e+00	-3.468436e+00	-3.311626e+00	-1.568103e-01
8.230000e-01	-1.577412e+00	1.559569e+00	-3.468453e+00	-3.311638e+00	-1.568151e-01
8.240000e-01	-1.577411e+00	1.559566e+00	-3.468441e+00	-3.311631e+00	-1.568098e-01
8.250000e-01	-1.577400e+00	1.559557e+00	-3.468430e+00	-3.311616e+00	-1.568147e-01
8.260000e-01	-1.577391e+00	1.559545e+00	-3.468407e+00	-3.311595e+00	-1.568129e-01
8.270000e-01	-1.577394e+00	1.559551e+00	-3.468420e+00	-3.311604e+00	-1.568155e-01
8.280000e-01	-1.577407e+00	1.559565e+00	-3.468435e+00	-3.311624e+00	-1.568102e-01
8.290000e-01	-1.577412e+00	1.559570e+00	-3.468446e+00	-3.311635e+00	-1.568109e-01
8.300000e-01	-1.577409e+00	1.559564e+00	-3.468437e+00	-3.311627e+00	-1.568096e-01
8.310000e-01	-1.577407e+00	1.559564e+00	-3.468440e+00	-3.311627e+00	-1.568130e-01
8.320000e-01	-1.577409e+00	1.559565e+00	-3.468437e+00	-3.311627e+00	-1.568094e-01
8.330000e-01	-1.577405e+00	1.559562e+00	-3.468438e+00	-3.311624e+00	-1.568138e-01
8.340000e-01	-1.577404e+00	1.559560e+00	-3.468435e+00	-3.311622e+00	-1.568137e-01
8.350000e-01	-1.577413e+00	1.559568e+00	-3.468463e+00	-3.311644e+00	-1.568187e-01
8.360000e-01	-1.577418e+00	1.559573e+00	-3.468461e+00	-3.311649e+00	-1.568124e-01
8.370000e-01	-1.577420e+00	1.559575e+00	-3.468479e+00	-3.311660e+00	-1.568193e-01
8.380000e-01	-1.577417e+00	1.559571e+00	-3.468467e+00	-3.311650e+00	-1.568166e-01
8.390000e-01	-1.577418e+00	1.559571e+00	-3.468471e+00	-3.311654e+00	-1.568175e-01
8.400000e-01	-1.577419e+00	1.559575e+00	-3.468460e+00	-3.311649e+00	-1.568109e-01
8.410000e-01	-1.577422e+00	1.559576e+00	-3.468482e+00	-3.311664e+00	-1.568188e-01
8.420000e-01	-1.577418e+00	1.559570e+00	-3.468473e+00	-3.311655e+00	-1.568186e-01
8.430000e-01	-1.577422e+00	1.559575e+00	-3.468497e+00	-3.311671e+00	-1.568262e-01
8.440000e-01	-1.577424e+00	1.559577e+00	-3.468482e+00	-3.311665e+00	-1.568167e-01
8.450000e-01	-1.577418e+00	1.559570e+00	-3.468478e+00	-3.311658e+00	-1.568208e-01
8.460000e-01	-1.577411e+00	1.559563e+00	-3.468464e+00	-3.311643e+00	-1.568206e-01
8.470000e-01	-1.577414e+00	1.559565e+00	-3.468478e+00	-3.311653e+00	-1.568256e-01
8.480000e-01	-1.577419e+00	1.559571e+00	-3.468480e+00	-3.311659e+00	-1.568215e-01
8.490000e-01	-1.577417e+00	1.559569e+00	-3.468488e+00	-3.311661e+00	-1.568270e-01
8.500000e-01	-1.577409e+00	1.559559e+00	-3.468472e+00	-3.311646e+00	-1.568268e-01
8.510000e-01	-1.577405e+00	1.559555e+00	-3.468467e+00	-3.311639e+00	-1.568286e-01
8.520000e-01	-1.577405e+00	1.559556e+00	-3.468459e+00	-3.311635e+00	-1.568245e-01
8.530000e-01	-1.577402e+00	1.559553e+00	-3.468464e+00	-3.311634e+00	-1.568299e-01
8.540000e-01	-1.577399e+00	1.559548e+00	-3.468454e+00	-3.311626e+00	-1.568277e-01
8.550000e-01	-1.577402e+00	1.559553e+00	-3.468465e+00	-3.311635e+00	-1.568305e-01
8.560000e-01	-1.577407e+00	1.559557e+00	-3.468463e+00	-3.311639e+00	-1.568243e-01
8.570000e-01	-1.577402e+00	1.559553e+00	-3.468457e+00	-3.311630e+00	-1.568270e-01
8.580000e-01	-1.577396e+00	1.559546e+00	-3.468443e+00	-3.311618e+00	-1.568258e-01
8.590000e-01	-1.577396e+00	1.559547e+00	-3.468448e+00	-3.311620e+00	-1.568278e-01
8.600000e-01	-1.577402e+00	1.559553e+00	-3.468446e+00	-3.311625e+00	-1.568210e-01
8.610000e-01	-1.577406e+00	1.559559e+00	-3.468460e+00	-3.311636e+00	-1.568236e-01
8.620000e-01	-1.577409e+00	1.559559e+00	-3.468465e+00	-3.311641e+00	-1.568239e-01
8.630000e-01	-1.577412e+00	1.559564e+00	-3.468473e+00	-3.311648e+00	-1.568245e-01
8.640000e-01	-1.577414e+00	1.559565e+00	-3.468466e+00	-3.311647e+00	-1.568196e-01
8.650000e-01	-1.577408e+00	1.559561e+00	-3.468462e+00	-3.311639e+00	-1.568228e-01
8.660000e-01	-1.577404e+00	1.559554e+00	-3.468449e+00	-3.311628e+00	-1.568202e-01
8.670000e-01	-1.577410e+00	1.559562e+00	-3.468471e+00	-3.311646e+00	-1.568254e-01
8.680000e-01	-1.577421e+00	1.559572e+00	-3.468475e+00	-3.311658e+00	-1.568168e-01
8.690000e-01	-1.577427e+00	1.559579e+00	-3.468494e+00	-3.311674e+00	-1.568203e-01
8.700000e-01	-1.577425e+00	1.559576e+00	-3.468480e+00	-3.311665e+00	-1.568153e-01
8.710000e-01	-1.577426e+00	1.559578e+00	-3.468490e+00	-3.311671e+00	-1.568188e-01
8.720000e-01	-1.577426e+00	1.559579e+00	-3.468475e+00	-3.311664e+00	-1.568111e-01
8.730000e-01	-1.577426e+00	1.559580e+00	-3.468484e+00	-3.311668e+00	-1.568165e-01
8.740000e-01	-1.577428e+00	1.559580e+00	-3.468485e+00	-3.311670e+00	-1.568150e-01
8.750000e-01	-1.577436e+00	1.559589e+00	-3.468503e+00	-3.311688e+00	-1.568157e-01
8.760000e-01	-1.577441e+00	1.559594e+00	-3.468500e+00	-3.311691e+00	-1.568090e-01
8.770000e-01	-1.577440e+00	1.559593e+00	-3.468507e+00	-3.311693e+00	-1.568136e-01
8.780000e-01	-1.577433e+00	1.559585e+00	-3.468493e+00	-3.311680e+00	-1.568134e-01
8.790000e-01	-1.577432e+00	1.559587e+00	-3.468498e+00	-3.311681e+00	-1.568170e-01
8.800000e-01	-1.577438e+00	1.559592e+00	-3.468495e+00	-3.311686e+00	-1.568092e-01
8.810000e-01	-1.577441e+00	1.559596e+00	-3.468509e+00	-3.311696e+00	-1.568133e-01
8.820000e-01	-1.577438e+00	1.559591e+00	-3.468500e+00	-3.311689e+00	-1.568117e-01
8.830000e-01	-1.577440e+00	1.559594e+00	-3.468515e+00	-3.311697e+00	-1.568176e-01
8.840000e-01	-1.577436e+00	1.559590e+00	-3.468494e+00	-3.311683e+00	-1.568105e-01
8.850000e-01	-1.577428e+00	1.559583e+00	-3.468485e+00	-3.311670e+00	-1.568151e-01
8.860000e-01	-1.577423e+00	1.559576e+00	-3.468472e+00	-3.311659e+00	-1.568130e-01
8.870000e-01	-1.577427e+00	1.559582e+00	-3.468484e+00	-3.311669e+00	-1.568153e-01
8.880000e-01	-1.577431e+00	1.559587e+00	-3.468479e+00	-3.311670e+00	-1.568081e-01
8.890000e-01	-1.577433e+00	1.559590e+00	-3.468494e+00	-3.311680e+00	-1.568135e-01
8.900000e-01	-1.577427e+00	1.559581e+00	-3.468477e+00	-3.311666e+00	-1.568112e-01
8.910000e-01	-1.577423e+00	1.559579e+00	-3.468475e+00	-3.311661e+00	-1.568142e-01
8.920000e-01	-1.577423e+00	1.559578e+00	-3.468465e+00	-3.311656e+00	-1.568096e-01
8.930000e-01	-1.577420e+00	1.559575e+00	-3.468468e+00	-3.311654e+00	-1.568143e-01
8.940000e-01	-1.577417e+00	1.559573e+00	-3.468463e+00	-3.311649e+00	-1.568146e-01
8.950000e-01	-1.577425e+00	1.559580e+00	-3.468485e+00	-3.311668e+00	-1.568176e-01
8.960000e-01	-1.577428e+00	1.559583e+00	-3.468476e+00	-3.311666e+00	-1.568099e-01
8.970000e-01	-1.577426e+00	1.559581e+00	-3.468486e+00	-3.311669e+00	-1.568166e-01
8.980000e-01	-1.577417e+00	1.559571e+00	-3.468460e+00	-3.311647e+00	-1.568131e-01
8.990000e-01	-1.577419e+00	1.559574e+00	-3.468472e+00	-3.311655e+00	-1.568170e-01
9.000000e-01	-1.577422e+00	1.559579e+00	-3.468462e+00	-3.311653e+00	-1.568092e-01
9.010000e-01	-1.577429e+00	1.559583e+00	-3.468489e+00	-3.311674e+00	-1.568157e-01
9.020000e-01	-1.577426e+00	1.559580e+00	-3.468475e+00	-3.311664e+00	-1.568113e-01
9.030000e-01	-1.577430e+00	1.559584e+00	-3.468494e+00	-3.311677e+00	-1.568175e-01
9.040000e-01	-1.577430e+00	1.559585e+00	-3.468483e+00	-3.311671e+00	-1.568117e-01
9.050000e-01	-1.577426e+00	1.559580e+00	-3.468483e+00	-3.311668e+00	-1.568152e-01
9.060000e-01	-1.577420e+00	1.559576e+00	-3.468465e+00	-3.311653e+00	-1.568124e-01
9.070000e-01	-1.577429e+00	1.559582e+00	-3.468490e+00	-3.311674e+00	-1.568165e-01
9.080000e-01	-1.577436e+00	1.559591e+00	-3.468492e+00	-3.311682e+00	-1.568107e-01
9.090000e-01	-1.577441e+00	1.559594e+00	-3.468510e+00	-3.311696e+00	-1.568142e-01
9.100000e-01	-1.577436e+00	1.559590e+00	-3.468496e+00	-3.311684e+00	-1.568118e-01
9.110000e-01	-1.577438e+00	1.559591e+00	-3.468506e+00	-3.311691e+00	-1.568148e-01
9.120000e-01	-1.577435e+00	1.559591e+00	-3.468491e+00	-3.311680e+00	-1.568108e-01
9.130000e-01	-1.577433e+00	1.559587e+00	-3.468501e+00	-3.311684e+00	-1.568173e-01
9.140000e-01	-1.577426e+00	1.559581e+00	-3.468483e+00	-3.311668e+00	-1.568149e-01
9.150000e-01	-1.577432e+00	1.559586e+00	-3.468501e+00	-3.311683e+00	-1.568181e-01
9.160000e-01	-1.577437e+00	1.559591e+00	-3.468500e+00	-3.311687e+00	-1.568126e-01
9.170000e-01	-1.577436e+00	1.559588e+00	-3.468507e+00	-3.311690e+00	-1.568175e-01
9.180000e-01	-1.577428e+00	1.559581e+00	-3.468489e+00	-3.311672e+00	-1.568165e-01
9.190000e-01	-1.577430e+00	1.559582e+00	-3.468503e+00	-3.311681e+00	-1.568220e-01
9.200000e-01	-1.577429e+00	1.559584e+00	-3.468484e+00	-3.311671e+00	-1.568125e-01
9.210000e-01	-1.577432e+00	1.559584e+00	-3.468501e+00	-3.311682e+00	-1.568186e-01
9.220000e-01	-1.577428e+00	1.559582e+00	-3.468489e+00	-3.311672e+00	-1.568167e-01
9.230000e-01	-1.577433e+00	1.559585e+00	-3.468510e+00	-3.311688e+00	-1.568220e-01
9.240000e-01	-1.577431e+00	1.559586e+00	-3.468491e+00	-3.311676e+00	-1.568147e-01
9.250000e-01	-1.577429e+00	1.559580e+00	-3.468497e+00	-3.311678e+00	-1.568189e-01
9.260000e-01	-1.577422e+00	1.559575e+00	-3.468480e+00	-3.311662e+00	-1.568184e-01
9.270000e-01	-1.577426e+00	1.559577e+00	-3.468498e+00	-3.311676e+00	-1.568226e-01
9.280000e-01	-1.577430e+00	1.559584e+00	-3.468493e+00	-3.311677e+00	-1.568161e-01
9.290000e-01	-1.577435e+00	1.559585e+00	-3.468513e+00	-3.311691e+00	-1.568218e-01
9.300000e-01	-1.577427e+00	1.559581e+00	-3.468490e+00	-3.311672e+00	-1.568186e-01
9.310000e-01	-1.577427e+00	1.559576e+00	-3.468497e+00	-3.311675e+00	-1.568214e-01
9.320000e-01	-1.577424e+00	1.559577e+00	-3.468480e+00	-3.311664e+00	-1.568166e-01
9.330000e-01	-1.577424e+00	1.559574e+00	-3.468493e+00	-3.311671e+00	-1.568222e-01
9.340000e-01	-1.577421e+00	1.559574e+00	-3.468479e+00	-3.311660e+00	-1.568187e-01
9.350000e-01	-1.577432e+00	1.559581e+00	-3.468512e+00	-3.311688e+00	-1.568235e-01
9.360000e-01	-1.577430e+00	1.559586e+00	-3.468492e+00	-3.311676e+00	-1.568157e-01
9.370000e-01	-1.577431e+00	1.559580e+00	-3.468502e+00	-3.311682e+00	-1.568206e-01
9.380000e-01	-1.577422e+00	1.559575e+00	-3.468479e+00	-3.311661e+00	-1.568180e-01
9.390000e-01	-1.577427e+00	1.559578e+00	-3.468499e+00	-3.311676e+00	-1.568224e-01
9.400000e-01	-1.577431e+00	1.559586e+00	-3.468490e+00	-3.311676e+00	-1.568135e-01
9.410000e-01	-1.577440e+00	1.559590e+00	-3.468522e+00	-3.311701e+00	-1.568210e-01
9.420000e-01	-1.577432e+00	1.559586e+00	-3.468498e+00	-3.311681e+00	-1.568175e-01
9.430000e-01	-1.577434e+00	1.559584e+00	-3.468516e+00	-3.311692e+00	-1.568235e-01
9.440000e-01	-1.577428e+00	1.559583e+00	-3.468489e+00	-3.311673e+00	-1.568163e-01
9.450000e-01	-1.577423e+00	1.559574e+00	-3.468487e+00	-3.311667e+00	-1.568202e-01
9.460000e-01	-1.577416e+00	1.559569e+00	-3.468465e+00	-3.311649e+00	-1.568165e-01
9.470000e-01	-1.577427e+00	1.559577e+00	-3.468498e+00	-3.311676e+00	-1.568217e-01
9.480000e-01	-1.577432e+00	1.559588e+00	-3.468494e+00	-3.311679e+00	-1.568149e-01
9.490000e-01	-1.577438e+00	1.559589e+00	-3.468514e+00	-3.311695e+00	-1.568192e-01
9.500000e-01	-1.577430e+00	1.559583e+00	-3.468493e+00	-3.311676e+00	-1.568164e-01
9.510000e-01	-1.577429e+00	1.559580e+00	-3.468502e+00	-3.311680e+00	-1.568219e-01
9.520000e-01	-1.577428e+00	1.559582e+00	-3.468486e+00	-3.311671e+00	-1.568153e-01
9.530000e-01	-1.577430e+00	1.559580e+00	-3.468502e+00	-3.311681e+00	-1.568214e-01
9.540000e-01	-1.577425e+00	1.559579e+00	-3.468490e+00	-3.311670e+00	-1.568197e-01
9.550000e-01	-1.577434e+00	1.559584e+00	-3.468513e+00	-3.311690e+00	-1.568226e-01
9.560000e-01	-1.577434e+00	1.559588e+00	-3.468500e+00	-3.311684e+00	-1.568157e-01
9.570000e-01	-1.577431e+00	1.559583e+00	-3.468503e+00	-3.311682e+00	-1.568205e-01
9.580000e-01	-1.577424e+00	1.559577e+00	-3.468480e+00	-3.311663e+00	-1.568163e-01
9.590000e-01	-1.577429e+00	1.559581e+00	-3.468500e+00	-3.311679e+00	-1.568206e-01
9.600000e-01	-1.577431e+00	1.559586e+00	-3.468487e+00	-3.311675e+00	-1.568121e-01
9.610000e-01	-1.577434e+00	1.559585e+00	-3.468505e+00	-3.311686e+00	-1.568189e-01
9.620000e-01	-1.577427e+00	1.559578e+00	-3.468491e+00	-3.311672e+00	-1.568187e-01
9.630000e-01	-1.577426e+00	1.559579e+00	-3.468501e+00	-3.311677e+00	-1.568242e-01
9.640000e-01	-1.577427e+00	1.559581e+00	-3.468485e+00	-3.311669e+00	-1.568155e-01
9.650000e-01	-1.577428e+00	1.559581e+00	-3.468492e+00	-3.311674e+00	-1.568179e-01
9.660000e-01	-1.577426e+00	1.559580e+00	-3.468482e+00	-3.311667e+00	-1.568157e-01
9.670000e-01	-1.577433e+00	1.559586e+00	-3.468505e+00	-3.311686e+00	-1.568189e-01
9.680000e-01	-1.577438e+00	1.559593e+00	-3.468504e+00	-3.311690e+00	-1.568138e-01
9.690000e-01	-1.577438e+00	1.559592e+00	-3.468520e+00	-3.311698e+00	-1.568216e-01
9.700000e-01	-1.577428e+00	1.559581e+00	-3.468489e+00	-3.311672e+00	-1.568167e-01
9.710000e-01	-1.577425e+00	1.559577e+00	-3.468491e+00	-3.311671e+00	-1.568203e-01
9.720000e-01	-1.577424e+00	1.559579e+00	-3.468480e+00	-3.311664e+00	-1.568164e-01
9.730000e-01	-1.577427e+00	1.559580e+00	-3.468495e+00	-3.311674e+00	-1.568207e-01
9.740000e-01	-1.577425e+00	1.559579e+00	-3.468487e+00	-3.311669e+00	-1.568179e-01
9.750000e-01	-1.577434e+00	1.559586e+00	-3.468513e+00	-3.311690e+00	-1.568227e-01
9.760000e-01	-1.577435e+00	1.559589e+00	-3.468500e+00	-3.311685e+00	-1.568153e-01
9.770000e-01	-1.577432e+00	1.559584e+00	-3.468504e+00	-3.311685e+00	-1.568198e-01
9.780000e-01	-1.577425e+00	1.559579e+00	-3.468490e+00	-3.311670e+00	-1.568197e-01
9.790000e-01	-1.577428e+00	1.559581e+00	-3.468500e+00	-3.311678e+00	-1.568218e-01
9.800000e-01	-1.577433e+00	1.559587e+00	-3.468495e+00	-3.311680e+00	-1.568145e-01
9.810000e-01	-1.577436e+00	1.559589e+00	-3.468514e+00	-3.311693e+00	-1.568209e-01
9.820000e-01	-1.577432e+00	1.559585e+00	-3.468502e+00	-3.311683e+00	-1.568187e-01
9.830000e-01	-1.577434e+00	1.559585e+00	-3.468515e+00	-3.311691e+00	-1.568236e-01
9.840000e-01	-1.577434e+00	1.559587e+00	-3.468504e+00	-3.311686e+00	-1.568184e-01
9.850000e-01	-1.577429e+00	1.559580e+00	-3.468501e+00	-3.311679e+00	-1.568221e-01
9.860000e-01	-1.577421e+00	1.559571e+00	-3.468482e+00	-3.311662e+00	-1.568207e-01
9.870000e-01	-1.577426e+00	1.559577e+00	-3.468507e+00	-3.311680e+00	-1.568275e-01
9.880000e-01	-1.577433e+00	1.559585e+00	-3.468502e+00	-3.311684e+00	-1.568180e-01
9.890000e-01	-1.577435e+00	1.559586e+00	-3.468517e+00	-3.311694e+00	-1.568229e-01
9.900000e-01	-1.577427e+00	1.559577e+00	-3.468489e+00	-3.311671e+00	-1.568179e-01
9.910000e-01	-1.577424e+00	1.559575e+00	-3.468494e+00	-3.311671e+00	-1.568230e-01
9.920000e-01	-1.577423e+00	1.559575e+00	-3.468479e+00	-3.311663e+00	-1.568159e-01
9.930000e-01	-1.577423e+00	1.559574e+00	-3.468493e+00	-3.311669e+00	-1.568239e-01
9.940000e-01	-1.577421e+00	1.559571e+00	-3.468488e+00	-3.311665e+00	-1.568226e-01
9.950000e-01	-1.577426e+00	1.559576e+00	-3.468503e+00	-3.311677e+00	-1.568259e-01
9.960000e-01	-1.577426e+00	1.559577e+00	-3.468491e+00	-3.311672e+00	-1.568195e-01
9.970000e-01	-1.577422e+00	1.559573e+00	-3.468490e+00	-3.311667e+00	-1.568228e-01
9.980000e-01	-1.577418e+00	1.559568e+00	-3.468478e+00	-3.311657e+00	-1.568210e-01
9.990000e-01	-1.577420e+00	1.559573e+00	-3.468483e+00	-3.311662e+00	-1.568216e-01
1.000000e+00	-1.577431e+00	1.559583e+00	-3.468488e+00	-3.311675e+00	-1.568131e-01
