# Force coefficients
# liftDir    : (0.000000e+00 1.000000e+00 0.000000e+00)
# dragDir    : (1.000000e+00 0.000000e+00 0.000000e+00)
# pitchAxis  : (0.000000e+00 0.000000e+00 1.000000e+00)
# magUInf    : 5.148000e+01
# lRef       : 4.530000e-01
# Aref       : 4.348800e-01
# CofR       : (0.000000e+00 0.000000e+00 0.000000e+00)
# Time       	Cm           	Cd           	Cl           	Cl(f)        	Cl(r)        	Cm	Cd	Cl	Cl(f)	Cl(r)
1.000000e-03	-1.762761e-03	1.954937e-03	-3.011940e-03	-3.268731e-03	2.567909e-04
2.000000e-03	-1.149355e-02	1.312989e-02	-2.088583e-02	-2.193646e-02	1.050634e-03
3.000000e-03	-1.968401e-02	2.247452e-02	-3.743142e-02	-3.839971e-02	9.682959e-04
4.000000e-03	-2.173350e-02	2.474846e-02	-4.322573e-02	-4.334637e-02	1.206320e-04
5.000000e-03	-2.193363e-02	2.468182e-02	-4.621364e-02	-4.504045e-02	-1.173185e-03
6.000000e-03	-2.258862e-02	2.481182e-02	-5.042857e-02	-4.780291e-02	-2.625660e-03
7.000000e-03	-2.440621e-02	2.606395e-02	-5.691837e-02	-5.286540e-02	-4.052970e-03
8.000000e-03	-2.812101e-02	2.937527e-02	-6.669821e-02	-6.147012e-02	-5.228094e-03
9.000000e-03	-3.321221e-02	3.427576e-02	-7.880896e-02	-7.261669e-02	-6.192264e-03
1.000000e-02	-3.862626e-02	3.964462e-02	-9.140809e-02	-8.433031e-02	-7.077783e-03
1.100000e-02	-4.337278e-02	4.432544e-02	-1.027420e-01	-9.474379e-02	-7.998240e-03
1.200000e-02	-4.800768e-02	4.894671e-02	-1.139884e-01	-1.050019e-01	-8.986539e-03
1.300000e-02	-5.236355e-02	5.326178e-02	-1.249102e-01	-1.148187e-01	-1.009155e-02
1.400000e-02	-5.682630e-02	5.766789e-02	-1.362279e-01	-1.249402e-01	-1.128765e-02
1.500000e-02	-6.176691e-02	6.261507e-02	-1.485384e-01	-1.360361e-01	-1.250231e-02
1.600000e-02	-6.789480e-02	6.885589e-02	-1.632570e-01	-1.495233e-01	-1.373369e-02
1.700000e-02	-7.528047e-02	7.639146e-02	-1.808516e-01	-1.657063e-01	-1.514534e-02
1.800000e-02	-8.382631e-02	8.504402e-02	-2.012869e-01	-1.844698e-01	-1.681717e-02
1.900000e-02	-9.272555e-02	9.394610e-02	-2.231205e-01	-2.042858e-01	-1.883469e-02
2.000000e-02	-1.015929e-01	1.026711e-01	-2.454314e-01	-2.243086e-01	-2.112278e-02
2.100000e-02	-1.100387e-01	1.108463e-01	-2.672973e-01	-2.436874e-01	-2.360990e-02
2.200000e-02	-1.177870e-01	1.182050e-01	-2.878612e-01	-2.617176e-01	-2.614360e-02
2.300000e-02	-1.253286e-01	1.252832e-01	-3.080529e-01	-2.793551e-01	-2.869779e-02
2.400000e-02	-1.332479e-01	1.327065e-01	-3.289835e-01	-2.977396e-01	-3.124388e-02
2.500000e-02	-1.423017e-01	1.413173e-01	-3.522697e-01	-3.184366e-01	-3.383312e-02
2.600000e-02	-1.526637e-01	1.513138e-01	-3.782018e-01	-3.417645e-01	-3.643721e-02
2.700000e-02	-1.641457e-01	1.625258e-01	-4.065002e-01	-3.673958e-01	-3.910440e-02
2.800000e-02	-1.763433e-01	1.744888e-01	-4.365824e-01	-3.946345e-01	-4.194789e-02
2.900000e-02	-1.889832e-01	1.869158e-01	-4.680272e-01	-4.229968e-01	-4.503045e-02
3.000000e-02	-2.018192e-01	1.995178e-01	-5.002918e-01	-4.519651e-01	-4.832668e-02
3.100000e-02	-2.146918e-01	2.121678e-01	-5.328882e-01	-4.811359e-01	-5.175230e-02
3.200000e-02	-2.275230e-01	2.247734e-01	-5.654277e-01	-5.102368e-01	-5.519085e-02
3.300000e-02	-2.406403e-01	2.376825e-01	-5.985167e-01	-5.398987e-01	-5.861800e-02
3.400000e-02	-2.542941e-01	2.511471e-01	-6.324409e-01	-5.705145e-01	-6.192641e-02
3.500000e-02	-2.685551e-01	2.652619e-01	-6.674991e-01	-6.023046e-01	-6.519444e-02
3.600000e-02	-2.833984e-01	2.799875e-01	-7.037262e-01	-6.352615e-01	-6.846470e-02
3.700000e-02	-2.986665e-01	2.952205e-01	-7.407179e-01	-6.690255e-01	-7.169246e-02
3.800000e-02	-3.146999e-01	3.112731e-01	-7.793285e-01	-7.043642e-01	-7.496430e-02
3.900000e-02	-3.312234e-01	3.278717e-01	-8.189335e-01	-7.406901e-01	-7.824338e-02
4.000000e-02	-3.482385e-01	3.450021e-01	-8.593316e-01	-7.779043e-01	-8.142728e-02
4.100000e-02	-3.656804e-01	3.625567e-01	-9.005301e-01	-8.159455e-01	-8.458462e-02
4.200000e-02	-3.834522e-01	3.804489e-01	-9.421908e-01	-8.545477e-01	-8.764318e-02
4.300000e-02	-4.016513e-01	3.987343e-01	-9.847196e-01	-8.940111e-01	-9.070851e-02
4.400000e-02	-4.203530e-01	4.175203e-01	-1.027918e+00	-9.343119e-01	-9.360598e-02
4.500000e-02	-4.397762e-01	4.369559e-01	-1.072346e+00	-9.759490e-01	-9.639667e-02
4.600000e-02	-4.594373e-01	4.566304e-01	-1.116778e+00	-1.017826e+00	-9.895160e-02
4.700000e-02	-4.794765e-01	4.766320e-01	-1.161655e+00	-1.060304e+00	-1.013508e-01
4.800000e-02	-4.999334e-01	4.970520e-01	-1.206936e+00	-1.103401e+00	-1.035347e-01
4.900000e-02	-5.207952e-01	5.178247e-01	-1.252718e+00	-1.147154e+00	-1.055640e-01
5.000000e-02	-5.421355e-01	5.390300e-01	-1.299378e+00	-1.191825e+00	-1.075537e-01
5.100000e-02	-5.638909e-01	5.605250e-01	-1.346920e+00	-1.237351e+00	-1.095692e-01
5.200000e-02	-5.859896e-01	5.822475e-01	-1.395248e+00	-1.283614e+00	-1.116346e-01
5.300000e-02	-6.082325e-01	6.039325e-01	-1.444121e+00	-1.330293e+00	-1.138279e-01
5.400000e-02	-6.303842e-01	6.253399e-01	-1.493045e+00	-1.376906e+00	-1.161381e-01
5.500000e-02	-6.526136e-01	6.466056e-01	-1.542296e+00	-1.423761e+00	-1.185344e-01
5.600000e-02	-6.742792e-01	6.670814e-01	-1.590640e+00	-1.469599e+00	-1.210407e-01
5.700000e-02	-6.958404e-01	6.872274e-01	-1.638848e+00	-1.515264e+00	-1.235835e-01
5.800000e-02	-7.171901e-01	7.069449e-01	-1.686805e+00	-1.560593e+00	-1.262123e-01
5.900000e-02	-7.386606e-01	7.265888e-01	-1.735165e+00	-1.606243e+00	-1.289221e-01
6.000000e-02	-7.604338e-01	7.463603e-01	-1.784383e+00	-1.652625e+00	-1.317577e-01
6.100000e-02	-7.826753e-01	7.664271e-01	-1.834852e+00	-1.700101e+00	-1.347509e-01
6.200000e-02	-8.050943e-01	7.864859e-01	-1.886069e+00	-1.748129e+00	-1.379400e-01
6.300000e-02	-8.275498e-01	8.063688e-01	-1.937744e+00	-1.796422e+00	-1.413223e-01
6.400000e-02	-8.499218e-01	8.259781e-01	-1.989617e+00	-1.844730e+00	-1.448867e-01
6.500000e-02	-8.721839e-01	8.452965e-01	-2.041558e+00	-1.892963e+00	-1.485951e-01
6.600000e-02	-8.940367e-01	8.640482e-01	-2.092871e+00	-1.940472e+00	-1.523989e-01
6.700000e-02	-9.154804e-01	8.822376e-01	-2.143397e+00	-1.987179e+00	-1.562179e-01
6.800000e-02	-9.361570e-01	8.995927e-01	-2.192391e+00	-2.032352e+00	-1.600384e-01
6.900000e-02	-9.557365e-01	9.158346e-01	-2.239112e+00	-2.075292e+00	-1.638195e-01
7.000000e-02	-9.741427e-01	9.309243e-01	-2.283288e+00	-2.115787e+00	-1.675014e-01
7.100000e-02	-9.916531e-01	9.452353e-01	-2.325281e+00	-2.154294e+00	-1.709875e-01
7.200000e-02	-1.008321e+00	9.588734e-01	-2.365136e+00	-2.190889e+00	-1.742471e-01
7.300000e-02	-1.024193e+00	9.719205e-01	-2.402846e+00	-2.225615e+00	-1.772301e-01
7.400000e-02	-1.039200e+00	9.844031e-01	-2.438146e+00	-2.258274e+00	-1.798729e-01
7.500000e-02	-1.053406e+00	9.964069e-01	-2.471114e+00	-2.288963e+00	-1.821508e-01
7.600000e-02	-1.066855e+00	1.007975e+00	-2.501862e+00	-2.317786e+00	-1.840758e-01
7.700000e-02	-1.079869e+00	1.019430e+00	-2.531040e+00	-2.345389e+00	-1.856512e-01
7.800000e-02	-1.092510e+00	1.030873e+00	-2.558697e+00	-2.371858e+00	-1.868389e-01
7.900000e-02	-1.104779e+00	1.042303e+00	-2.584931e+00	-2.397244e+00	-1.876863e-01
8.000000e-02	-1.116769e+00	1.053813e+00	-2.610083e+00	-2.421811e+00	-1.882721e-01
8.100000e-02	-1.128389e+00	1.065327e+00	-2.633937e+00	-2.445358e+00	-1.885790e-01
8.200000e-02	-1.139809e+00	1.077031e+00	-2.656729e+00	-2.468173e+00	-1.885559e-01
8.300000e-02	-1.151195e+00	1.089056e+00	-2.678682e+00	-2.490537e+00	-1.881459e-01
8.400000e-02	-1.162633e+00	1.101452e+00	-2.699973e+00	-2.512620e+00	-1.873534e-01
8.500000e-02	-1.174123e+00	1.114139e+00	-2.720633e+00	-2.534439e+00	-1.861936e-01
8.600000e-02	-1.185448e+00	1.126873e+00	-2.740130e+00	-2.555513e+00	-1.846172e-01
8.700000e-02	-1.196663e+00	1.139692e+00	-2.758249e+00	-2.575787e+00	-1.824615e-01
8.800000e-02	-1.207786e+00	1.152666e+00	-2.775136e+00	-2.595354e+00	-1.797825e-01
8.900000e-02	-1.218727e+00	1.165762e+00	-2.790126e+00	-2.613790e+00	-1.763354e-01
9.000000e-02	-1.229701e+00	1.179231e+00	-2.803718e+00	-2.631560e+00	-1.721581e-01
9.100000e-02	-1.240691e+00	1.193010e+00	-2.815820e+00	-2.648601e+00	-1.672187e-01
9.200000e-02	-1.251924e+00	1.207182e+00	-2.827686e+00	-2.665767e+00	-1.619190e-01
9.300000e-02	-1.263239e+00	1.221472e+00	-2.839305e+00	-2.682891e+00	-1.564135e-01
9.400000e-02	-1.274416e+00	1.235606e+00	-2.850483e+00	-2.699657e+00	-1.508257e-01
9.500000e-02	-1.285216e+00	1.249284e+00	-2.861010e+00	-2.715722e+00	-1.452887e-01
9.600000e-02	-1.295279e+00	1.262168e+00	-2.870011e+00	-2.730285e+00	-1.397262e-01
9.700000e-02	-1.304535e+00	1.274162e+00	-2.877357e+00	-2.743213e+00	-1.341432e-01
9.800000e-02	-1.312708e+00	1.284986e+00	-2.882610e+00	-2.754013e+00	-1.285970e-01
9.900000e-02	-1.319592e+00	1.294457e+00	-2.885459e+00	-2.762322e+00	-1.231376e-01
1.000000e-01	-1.325212e+00	1.302624e+00	-2.885606e+00	-2.768015e+00	-1.175905e-01
1.010000e-01	-1.329431e+00	1.309363e+00	-2.882975e+00	-2.770919e+00	-1.120568e-01
1.020000e-01	-1.332386e+00	1.314812e+00	-2.877912e+00	-2.771342e+00	-1.065698e-01
1.030000e-01	-1.333954e+00	1.318827e+00	-2.870454e+00	-2.769181e+00	-1.012725e-01
1.040000e-01	-1.334934e+00	1.322164e+00	-2.862444e+00	-2.766156e+00	-9.628809e-02
1.050000e-01	-1.334948e+00	1.324414e+00	-2.853555e+00	-2.761726e+00	-9.182906e-02
1.060000e-01	-1.334666e+00	1.326187e+00	-2.845300e+00	-2.757316e+00	-8.798456e-02
1.070000e-01	-1.333747e+00	1.327187e+00	-2.836928e+00	-2.752210e+00	-8.471724e-02
1.080000e-01	-1.333461e+00	1.328705e+00	-2.830573e+00	-2.748748e+00	-8.182506e-02
1.090000e-01	-1.334344e+00	1.331239e+00	-2.827531e+00	-2.748110e+00	-7.942134e-02
1.100000e-01	-1.336667e+00	1.334920e+00	-2.828782e+00	-2.751058e+00	-7.772394e-02
1.110000e-01	-1.339614e+00	1.338927e+00	-2.832928e+00	-2.756078e+00	-7.685005e-02
1.120000e-01	-1.342805e+00	1.342829e+00	-2.839262e+00	-2.762436e+00	-7.682602e-02
1.130000e-01	-1.345502e+00	1.345877e+00	-2.846284e+00	-2.768644e+00	-7.764017e-02
1.140000e-01	-1.347259e+00	1.347687e+00	-2.852537e+00	-2.773528e+00	-7.900934e-02
1.150000e-01	-1.348196e+00	1.348458e+00	-2.857778e+00	-2.777085e+00	-8.069275e-02
1.160000e-01	-1.349160e+00	1.349037e+00	-2.863489e+00	-2.780904e+00	-8.258462e-02
1.170000e-01	-1.350963e+00	1.350315e+00	-2.871114e+00	-2.786520e+00	-8.459437e-02
1.180000e-01	-1.354733e+00	1.353438e+00	-2.882882e+00	-2.796175e+00	-8.670774e-02
1.190000e-01	-1.360622e+00	1.358585e+00	-2.899213e+00	-2.810229e+00	-8.898444e-02
1.200000e-01	-1.367801e+00	1.364824e+00	-2.918951e+00	-2.827277e+00	-9.167408e-02
1.210000e-01	-1.375357e+00	1.371199e+00	-2.940655e+00	-2.845684e+00	-9.497096e-02
1.220000e-01	-1.382001e+00	1.376441e+00	-2.961670e+00	-2.862837e+00	-9.883385e-02
1.230000e-01	-1.387699e+00	1.380524e+00	-2.981718e+00	-2.878558e+00	-1.031599e-01
1.240000e-01	-1.392522e+00	1.383573e+00	-3.000459e+00	-2.892751e+00	-1.077077e-01
1.250000e-01	-1.397388e+00	1.386545e+00	-3.019329e+00	-2.907052e+00	-1.122764e-01
1.260000e-01	-1.402844e+00	1.390049e+00	-3.038877e+00	-2.922282e+00	-1.165943e-01
1.270000e-01	-1.408783e+00	1.393958e+00	-3.058963e+00	-2.938265e+00	-1.206989e-01
1.280000e-01	-1.415209e+00	1.398288e+00	-3.079421e+00	-2.954920e+00	-1.245013e-01
1.290000e-01	-1.421989e+00	1.402860e+00	-3.100043e+00	-2.972011e+00	-1.280322e-01
1.300000e-01	-1.429370e+00	1.407930e+00	-3.121102e+00	-2.989921e+00	-1.311810e-01
1.310000e-01	-1.437571e+00	1.413738e+00	-3.142863e+00	-3.009002e+00	-1.338611e-01
1.320000e-01	-1.446650e+00	1.420363e+00	-3.165445e+00	-3.029372e+00	-1.360730e-01
1.330000e-01	-1.456229e+00	1.427514e+00	-3.188115e+00	-3.050286e+00	-1.378288e-01
1.340000e-01	-1.466003e+00	1.434984e+00	-3.210475e+00	-3.071240e+00	-1.392348e-01
1.350000e-01	-1.475661e+00	1.442535e+00	-3.232081e+00	-3.091702e+00	-1.403796e-01
1.360000e-01	-1.484796e+00	1.449859e+00	-3.251917e+00	-3.110755e+00	-1.411623e-01
1.370000e-01	-1.493628e+00	1.457301e+00	-3.269796e+00	-3.128526e+00	-1.412699e-01
1.380000e-01	-1.502654e+00	1.465331e+00	-3.286479e+00	-3.145893e+00	-1.405859e-01
1.390000e-01	-1.511791e+00	1.473837e+00	-3.302028e+00	-3.162805e+00	-1.392228e-01
1.400000e-01	-1.521510e+00	1.483268e+00	-3.317355e+00	-3.180188e+00	-1.371673e-01
1.410000e-01	-1.530792e+00	1.492452e+00	-3.331311e+00	-3.196448e+00	-1.348636e-01
1.420000e-01	-1.539377e+00	1.501092e+00	-3.343843e+00	-3.211298e+00	-1.325446e-01
1.430000e-01	-1.546618e+00	1.508582e+00	-3.353854e+00	-3.223545e+00	-1.303093e-01
1.440000e-01	-1.551865e+00	1.514330e+00	-3.360136e+00	-3.231933e+00	-1.282033e-01
1.450000e-01	-1.554459e+00	1.517679e+00	-3.361470e+00	-3.235194e+00	-1.262764e-01
1.460000e-01	-1.555108e+00	1.519380e+00	-3.358973e+00	-3.234595e+00	-1.243781e-01
1.470000e-01	-1.554073e+00	1.519552e+00	-3.353399e+00	-3.230773e+00	-1.226262e-01
1.480000e-01	-1.552023e+00	1.518701e+00	-3.346340e+00	-3.225192e+00	-1.211472e-01
1.490000e-01	-1.549457e+00	1.517423e+00	-3.338492e+00	-3.218703e+00	-1.197894e-01
1.500000e-01	-1.546347e+00	1.515945e+00	-3.329089e+00	-3.210891e+00	-1.181980e-01
1.510000e-01	-1.543060e+00	1.514826e+00	-3.318277e+00	-3.202198e+00	-1.160789e-01
1.520000e-01	-1.539128e+00	1.513677e+00	-3.305105e+00	-3.191681e+00	-1.134242e-01
1.530000e-01	-1.533873e+00	1.511615e+00	-3.288895e+00	-3.178320e+00	-1.105743e-01
1.540000e-01	-1.525987e+00	1.507040e+00	-3.268151e+00	-3.160062e+00	-1.080889e-01
1.550000e-01	-1.516081e+00	1.500353e+00	-3.244549e+00	-3.138355e+00	-1.061935e-01
1.560000e-01	-1.505538e+00	1.492803e+00	-3.220879e+00	-3.115978e+00	-1.049018e-01
1.570000e-01	-1.495279e+00	1.485275e+00	-3.198748e+00	-3.094653e+00	-1.040952e-01
1.580000e-01	-1.485958e+00	1.478417e+00	-3.179133e+00	-3.075525e+00	-1.036087e-01
1.590000e-01	-1.477429e+00	1.472113e+00	-3.161438e+00	-3.058148e+00	-1.032895e-01
1.600000e-01	-1.469983e+00	1.466608e+00	-3.145982e+00	-3.042974e+00	-1.030080e-01
1.610000e-01	-1.463598e+00	1.461740e+00	-3.132952e+00	-3.030074e+00	-1.028783e-01
1.620000e-01	-1.458706e+00	1.457701e+00	-3.123544e+00	-3.020478e+00	-1.030661e-01
1.630000e-01	-1.455707e+00	1.454698e+00	-3.118635e+00	-3.015025e+00	-1.036100e-01
1.640000e-01	-1.454781e+00	1.452795e+00	-3.118605e+00	-3.014084e+00	-1.045215e-01
1.650000e-01	-1.456256e+00	1.452490e+00	-3.123667e+00	-3.018089e+00	-1.055778e-01
1.660000e-01	-1.460149e+00	1.454060e+00	-3.133306e+00	-3.026802e+00	-1.065038e-01
1.670000e-01	-1.466815e+00	1.458159e+00	-3.147560e+00	-3.040595e+00	-1.069649e-01
1.680000e-01	-1.476280e+00	1.465348e+00	-3.165681e+00	-3.059120e+00	-1.065605e-01
1.690000e-01	-1.488880e+00	1.476316e+00	-3.187896e+00	-3.082829e+00	-1.050678e-01
1.700000e-01	-1.503626e+00	1.490046e+00	-3.212908e+00	-3.110080e+00	-1.028280e-01
1.710000e-01	-1.518726e+00	1.504480e+00	-3.238309e+00	-3.137881e+00	-1.004285e-01
1.720000e-01	-1.532786e+00	1.518014e+00	-3.262221e+00	-3.163896e+00	-9.832485e-02
1.730000e-01	-1.544186e+00	1.528745e+00	-3.282430e+00	-3.185401e+00	-9.702928e-02
1.740000e-01	-1.552694e+00	1.536470e+00	-3.298240e+00	-3.201814e+00	-9.642586e-02
1.750000e-01	-1.558639e+00	1.541697e+00	-3.309725e+00	-3.213501e+00	-9.622348e-02
1.760000e-01	-1.561854e+00	1.544451e+00	-3.316203e+00	-3.219956e+00	-9.624704e-02
1.770000e-01	-1.561319e+00	1.543800e+00	-3.315639e+00	-3.219139e+00	-9.649990e-02
1.780000e-01	-1.557198e+00	1.539994e+00	-3.308095e+00	-3.211245e+00	-9.684956e-02
1.790000e-01	-1.550483e+00	1.534171e+00	-3.294867e+00	-3.197916e+00	-9.695119e-02
1.800000e-01	-1.541520e+00	1.526699e+00	-3.276488e+00	-3.179764e+00	-9.672390e-02
1.810000e-01	-1.530488e+00	1.517584e+00	-3.253653e+00	-3.157314e+00	-9.633858e-02
1.820000e-01	-1.518104e+00	1.507403e+00	-3.227900e+00	-3.132055e+00	-9.584583e-02
1.830000e-01	-1.505578e+00	1.497198e+00	-3.201582e+00	-3.106370e+00	-9.521270e-02
1.840000e-01	-1.494981e+00	1.488993e+00	-3.178402e+00	-3.084182e+00	-9.422027e-02
1.850000e-01	-1.487583e+00	1.483922e+00	-3.160770e+00	-3.067968e+00	-9.280232e-02
1.860000e-01	-1.483373e+00	1.481832e+00	-3.148996e+00	-3.057871e+00	-9.112497e-02
1.870000e-01	-1.481118e+00	1.481405e+00	-3.141235e+00	-3.051735e+00	-8.950000e-02
1.880000e-01	-1.479786e+00	1.481722e+00	-3.135838e+00	-3.047704e+00	-8.813307e-02
1.890000e-01	-1.478888e+00	1.482422e+00	-3.131902e+00	-3.044839e+00	-8.706276e-02
1.900000e-01	-1.478397e+00	1.483475e+00	-3.129400e+00	-3.043097e+00	-8.630329e-02
1.910000e-01	-1.478877e+00	1.485298e+00	-3.129526e+00	-3.043640e+00	-8.588577e-02
1.920000e-01	-1.480399e+00	1.487817e+00	-3.132664e+00	-3.046731e+00	-8.593318e-02
1.930000e-01	-1.483050e+00	1.491123e+00	-3.138790e+00	-3.052445e+00	-8.634504e-02
1.940000e-01	-1.486572e+00	1.494988e+00	-3.147152e+00	-3.060148e+00	-8.700381e-02
1.950000e-01	-1.490556e+00	1.499052e+00	-3.156847e+00	-3.068980e+00	-8.786762e-02
1.960000e-01	-1.494639e+00	1.503002e+00	-3.167091e+00	-3.078185e+00	-8.890616e-02
1.970000e-01	-1.498739e+00	1.506722e+00	-3.177660e+00	-3.087569e+00	-9.009110e-02
1.980000e-01	-1.502834e+00	1.510136e+00	-3.188483e+00	-3.097075e+00	-9.140790e-02
1.990000e-01	-1.507301e+00	1.513609e+00	-3.200334e+00	-3.107468e+00	-9.286647e-02
2.000000e-01	-1.512699e+00	1.517732e+00	-3.214304e+00	-3.119851e+00	-9.445342e-02
2.010000e-01	-1.519449e+00	1.523018e+00	-3.231073e+00	-3.134986e+00	-9.608710e-02
2.020000e-01	-1.528054e+00	1.530049e+00	-3.251543e+00	-3.153825e+00	-9.771789e-02
2.030000e-01	-1.538292e+00	1.538591e+00	-3.275528e+00	-3.176056e+00	-9.947259e-02
2.040000e-01	-1.549727e+00	1.548149e+00	-3.302426e+00	-3.200940e+00	-1.014855e-01
2.050000e-01	-1.561738e+00	1.557934e+00	-3.331478e+00	-3.227477e+00	-1.040010e-01
2.060000e-01	-1.573590e+00	1.567117e+00	-3.361613e+00	-3.254396e+00	-1.072164e-01
2.070000e-01	-1.584637e+00	1.574998e+00	-3.391699e+00	-3.280487e+00	-1.112120e-01
2.080000e-01	-1.594479e+00	1.581261e+00	-3.420548e+00	-3.304753e+00	-1.157951e-01
2.090000e-01	-1.603849e+00	1.586898e+00	-3.448524e+00	-3.328111e+00	-1.204129e-01
2.100000e-01	-1.613786e+00	1.593201e+00	-3.476606e+00	-3.352090e+00	-1.245168e-01
2.110000e-01	-1.624667e+00	1.600640e+00	-3.505214e+00	-3.377274e+00	-1.279403e-01
2.120000e-01	-1.635798e+00	1.608516e+00	-3.533325e+00	-3.402461e+00	-1.308645e-01
2.130000e-01	-1.646112e+00	1.615730e+00	-3.559240e+00	-3.425732e+00	-1.335084e-01
2.140000e-01	-1.655027e+00	1.621750e+00	-3.581975e+00	-3.446014e+00	-1.359609e-01
2.150000e-01	-1.662694e+00	1.626790e+00	-3.601697e+00	-3.463542e+00	-1.381545e-01
2.160000e-01	-1.669156e+00	1.631008e+00	-3.618290e+00	-3.478300e+00	-1.399891e-01
2.170000e-01	-1.674440e+00	1.634546e+00	-3.631604e+00	-3.490242e+00	-1.413618e-01
2.180000e-01	-1.678265e+00	1.637238e+00	-3.640968e+00	-3.498749e+00	-1.422188e-01
2.190000e-01	-1.680041e+00	1.638520e+00	-3.645343e+00	-3.502713e+00	-1.426304e-01
2.200000e-01	-1.679327e+00	1.637904e+00	-3.644265e+00	-3.501460e+00	-1.428054e-01
2.210000e-01	-1.675680e+00	1.634808e+00	-3.637567e+00	-3.494463e+00	-1.431037e-01
2.220000e-01	-1.669198e+00	1.629177e+00	-3.625899e+00	-3.482147e+00	-1.437515e-01
2.230000e-01	-1.660856e+00	1.621796e+00	-3.611309e+00	-3.466511e+00	-1.447979e-01
2.240000e-01	-1.651990e+00	1.613882e+00	-3.596230e+00	-3.450105e+00	-1.461247e-01
2.250000e-01	-1.643727e+00	1.606473e+00	-3.582662e+00	-3.435058e+00	-1.476040e-01
2.260000e-01	-1.636787e+00	1.600244e+00	-3.571725e+00	-3.422650e+00	-1.490749e-01
2.270000e-01	-1.631648e+00	1.595593e+00	-3.564334e+00	-3.413815e+00	-1.505189e-01
2.280000e-01	-1.628426e+00	1.592577e+00	-3.560808e+00	-3.408830e+00	-1.519782e-01
2.290000e-01	-1.626921e+00	1.590974e+00	-3.560869e+00	-3.407355e+00	-1.535138e-01
2.300000e-01	-1.627302e+00	1.590982e+00	-3.564647e+00	-3.409626e+00	-1.550217e-01
2.310000e-01	-1.629911e+00	1.593009e+00	-3.572537e+00	-3.416179e+00	-1.563574e-01
2.320000e-01	-1.634919e+00	1.597332e+00	-3.584563e+00	-3.427200e+00	-1.573628e-01
2.330000e-01	-1.642131e+00	1.603802e+00	-3.600269e+00	-3.442266e+00	-1.580032e-01
2.340000e-01	-1.650865e+00	1.611795e+00	-3.618408e+00	-3.460069e+00	-1.583393e-01
2.350000e-01	-1.660413e+00	1.620603e+00	-3.637845e+00	-3.479335e+00	-1.585095e-01
2.360000e-01	-1.670029e+00	1.629518e+00	-3.657255e+00	-3.498656e+00	-1.585990e-01
2.370000e-01	-1.679262e+00	1.638115e+00	-3.675769e+00	-3.517146e+00	-1.586228e-01
2.380000e-01	-1.687787e+00	1.646106e+00	-3.692684e+00	-3.534129e+00	-1.585550e-01
2.390000e-01	-1.695479e+00	1.653379e+00	-3.707719e+00	-3.549338e+00	-1.583811e-01
2.400000e-01	-1.702229e+00	1.659888e+00	-3.720512e+00	-3.562485e+00	-1.580266e-01
2.410000e-01	-1.708018e+00	1.665618e+00	-3.730960e+00	-3.573498e+00	-1.574622e-01
2.420000e-01	-1.712666e+00	1.670376e+00	-3.738759e+00	-3.582045e+00	-1.567132e-01
2.430000e-01	-1.716068e+00	1.674032e+00	-3.743861e+00	-3.587999e+00	-1.558622e-01
2.440000e-01	-1.718135e+00	1.676478e+00	-3.746124e+00	-3.591197e+00	-1.549270e-01
2.450000e-01	-1.719010e+00	1.677821e+00	-3.745867e+00	-3.591943e+00	-1.539231e-01
2.460000e-01	-1.718784e+00	1.678163e+00	-3.743238e+00	-3.590403e+00	-1.528345e-01
2.470000e-01	-1.717752e+00	1.677801e+00	-3.738813e+00	-3.587158e+00	-1.516548e-01
2.480000e-01	-1.716120e+00	1.676958e+00	-3.732897e+00	-3.582569e+00	-1.503280e-01
2.490000e-01	-1.714080e+00	1.675774e+00	-3.725923e+00	-3.577041e+00	-1.488820e-01
2.500000e-01	-1.711737e+00	1.674349e+00	-3.718232e+00	-3.570853e+00	-1.473792e-01
2.510000e-01	-1.709259e+00	1.672821e+00	-3.710303e+00	-3.564410e+00	-1.458924e-01
2.520000e-01	-1.706662e+00	1.671174e+00	-3.702189e+00	-3.557757e+00	-1.444322e-01
2.530000e-01	-1.704073e+00	1.669482e+00	-3.694255e+00	-3.551201e+00	-1.430545e-01
2.540000e-01	-1.701539e+00	1.667797e+00	-3.686655e+00	-3.544866e+00	-1.417888e-01
2.550000e-01	-1.699242e+00	1.666282e+00	-3.679761e+00	-3.539123e+00	-1.406379e-01
2.560000e-01	-1.697197e+00	1.664946e+00	-3.673515e+00	-3.533955e+00	-1.395603e-01
2.570000e-01	-1.695577e+00	1.663951e+00	-3.668310e+00	-3.529732e+00	-1.385778e-01
2.580000e-01	-1.694376e+00	1.663313e+00	-3.664126e+00	-3.526439e+00	-1.376873e-01
2.590000e-01	-1.693597e+00	1.663022e+00	-3.660923e+00	-3.524059e+00	-1.368646e-01
2.600000e-01	-1.693141e+00	1.662984e+00	-3.658516e+00	-3.522399e+00	-1.361168e-01
2.610000e-01	-1.692954e+00	1.663159e+00	-3.656830e+00	-3.521369e+00	-1.354612e-01
2.620000e-01	-1.692903e+00	1.663431e+00	-3.655558e+00	-3.520682e+00	-1.348764e-01
2.630000e-01	-1.692957e+00	1.663786e+00	-3.654595e+00	-3.520255e+00	-1.343403e-01
2.640000e-01	-1.693055e+00	1.664182e+00	-3.653820e+00	-3.519966e+00	-1.338547e-01
2.650000e-01	-1.693147e+00	1.664553e+00	-3.653155e+00	-3.519724e+00	-1.334300e-01
2.660000e-01	-1.693155e+00	1.664841e+00	-3.652412e+00	-3.519361e+00	-1.330515e-01
2.670000e-01	-1.693044e+00	1.665023e+00	-3.651522e+00	-3.518805e+00	-1.327165e-01
2.680000e-01	-1.692806e+00	1.665091e+00	-3.650508e+00	-3.518060e+00	-1.324483e-01
2.690000e-01	-1.692426e+00	1.665033e+00	-3.649252e+00	-3.517052e+00	-1.322002e-01
2.700000e-01	-1.691882e+00	1.664808e+00	-3.647745e+00	-3.515755e+00	-1.319899e-01
2.710000e-01	-1.691149e+00	1.664390e+00	-3.645935e+00	-3.514116e+00	-1.318190e-01
2.720000e-01	-1.690251e+00	1.663802e+00	-3.643900e+00	-3.512201e+00	-1.316993e-01
2.730000e-01	-1.689214e+00	1.663060e+00	-3.641636e+00	-3.510032e+00	-1.316046e-01
2.740000e-01	-1.688061e+00	1.662177e+00	-3.639223e+00	-3.507672e+00	-1.315508e-01
2.750000e-01	-1.686864e+00	1.661230e+00	-3.636790e+00	-3.505259e+00	-1.315311e-01
2.760000e-01	-1.685633e+00	1.660215e+00	-3.634387e+00	-3.502826e+00	-1.315611e-01
2.770000e-01	-1.684452e+00	1.659213e+00	-3.632130e+00	-3.500517e+00	-1.316126e-01
2.780000e-01	-1.683343e+00	1.658230e+00	-3.630085e+00	-3.498385e+00	-1.316992e-01
2.790000e-01	-1.682363e+00	1.657333e+00	-3.628349e+00	-3.496537e+00	-1.318114e-01
2.800000e-01	-1.681522e+00	1.656532e+00	-3.626981e+00	-3.495013e+00	-1.319684e-01
2.810000e-01	-1.680855e+00	1.655850e+00	-3.626018e+00	-3.493864e+00	-1.321538e-01
2.820000e-01	-1.680345e+00	1.655265e+00	-3.625443e+00	-3.493067e+00	-1.323764e-01
2.830000e-01	-1.680014e+00	1.654810e+00	-3.625290e+00	-3.492659e+00	-1.326305e-01
2.840000e-01	-1.679871e+00	1.654495e+00	-3.625617e+00	-3.492679e+00	-1.329372e-01
2.850000e-01	-1.679933e+00	1.654335e+00	-3.626393e+00	-3.493130e+00	-1.332637e-01
2.860000e-01	-1.680180e+00	1.654315e+00	-3.627608e+00	-3.493984e+00	-1.336242e-01
2.870000e-01	-1.680605e+00	1.654440e+00	-3.629223e+00	-3.495217e+00	-1.340061e-01
2.880000e-01	-1.681178e+00	1.654680e+00	-3.631210e+00	-3.496783e+00	-1.344276e-01
2.890000e-01	-1.681888e+00	1.655030e+00	-3.633482e+00	-3.498629e+00	-1.348530e-01
2.900000e-01	-1.682713e+00	1.655474e+00	-3.636032e+00	-3.500729e+00	-1.353033e-01
2.910000e-01	-1.683626e+00	1.655998e+00	-3.638756e+00	-3.503004e+00	-1.357516e-01
2.920000e-01	-1.684574e+00	1.656556e+00	-3.641566e+00	-3.505357e+00	-1.362086e-01
2.930000e-01	-1.685548e+00	1.657139e+00	-3.644400e+00	-3.507748e+00	-1.366526e-01
2.940000e-01	-1.686520e+00	1.657730e+00	-3.647253e+00	-3.510147e+00	-1.371060e-01
2.950000e-01	-1.687477e+00	1.658322e+00	-3.650030e+00	-3.512492e+00	-1.375384e-01
2.960000e-01	-1.688381e+00	1.658890e+00	-3.652688e+00	-3.514725e+00	-1.379631e-01
2.970000e-01	-1.689233e+00	1.659432e+00	-3.655193e+00	-3.516830e+00	-1.383629e-01
2.980000e-01	-1.689995e+00	1.659908e+00	-3.657513e+00	-3.518751e+00	-1.387614e-01
2.990000e-01	-1.690682e+00	1.660340e+00	-3.659609e+00	-3.520487e+00	-1.391221e-01
3.000000e-01	-1.691258e+00	1.660696e+00	-3.661467e+00	-3.521992e+00	-1.394753e-01
3.010000e-01	-1.691758e+00	1.661006e+00	-3.663102e+00	-3.523309e+00	-1.397933e-01
3.020000e-01	-1.692144e+00	1.661223e+00	-3.664490e+00	-3.524389e+00	-1.401007e-01
3.030000e-01	-1.692475e+00	1.661413e+00	-3.665675e+00	-3.525312e+00	-1.403625e-01
3.040000e-01	-1.692714e+00	1.661537e+00	-3.666692e+00	-3.526060e+00	-1.406317e-01
3.050000e-01	-1.692927e+00	1.661662e+00	-3.667567e+00	-3.526710e+00	-1.408566e-01
3.060000e-01	-1.693067e+00	1.661717e+00	-3.668307e+00	-3.527221e+00	-1.410861e-01
3.070000e-01	-1.693228e+00	1.661807e+00	-3.669021e+00	-3.527739e+00	-1.412821e-01
3.080000e-01	-1.693363e+00	1.661883e+00	-3.669689e+00	-3.528208e+00	-1.414815e-01
3.090000e-01	-1.693540e+00	1.662005e+00	-3.670342e+00	-3.528711e+00	-1.416307e-01
3.100000e-01	-1.693727e+00	1.662128e+00	-3.671052e+00	-3.529253e+00	-1.417990e-01
3.110000e-01	-1.694004e+00	1.662354e+00	-3.671882e+00	-3.529945e+00	-1.419375e-01
3.120000e-01	-1.694276e+00	1.662575e+00	-3.672703e+00	-3.530627e+00	-1.420753e-01
3.130000e-01	-1.694640e+00	1.662886e+00	-3.673607e+00	-3.531444e+00	-1.421633e-01
3.140000e-01	-1.695043e+00	1.663227e+00	-3.674652e+00	-3.532369e+00	-1.422824e-01
3.150000e-01	-1.695543e+00	1.663666e+00	-3.675788e+00	-3.533437e+00	-1.423510e-01
3.160000e-01	-1.696043e+00	1.664098e+00	-3.676903e+00	-3.534494e+00	-1.424089e-01
3.170000e-01	-1.696628e+00	1.664616e+00	-3.678106e+00	-3.535681e+00	-1.424249e-01
3.180000e-01	-1.697209e+00	1.665130e+00	-3.679357e+00	-3.536888e+00	-1.424695e-01
3.190000e-01	-1.697841e+00	1.665698e+00	-3.680591e+00	-3.538136e+00	-1.424548e-01
3.200000e-01	-1.698432e+00	1.666230e+00	-3.681757e+00	-3.539310e+00	-1.424470e-01
3.210000e-01	-1.699054e+00	1.666803e+00	-3.682914e+00	-3.540511e+00	-1.424026e-01
3.220000e-01	-1.699621e+00	1.667330e+00	-3.683982e+00	-3.541612e+00	-1.423701e-01
3.230000e-01	-1.700205e+00	1.667883e+00	-3.684962e+00	-3.542686e+00	-1.422763e-01
3.240000e-01	-1.700678e+00	1.668340e+00	-3.685727e+00	-3.543541e+00	-1.421857e-01
3.250000e-01	-1.701128e+00	1.668785e+00	-3.686373e+00	-3.544314e+00	-1.420591e-01
3.260000e-01	-1.701458e+00	1.669131e+00	-3.686822e+00	-3.544869e+00	-1.419531e-01
3.270000e-01	-1.701750e+00	1.669451e+00	-3.687064e+00	-3.545283e+00	-1.417817e-01
3.280000e-01	-1.701926e+00	1.669671e+00	-3.687102e+00	-3.545477e+00	-1.416244e-01
3.290000e-01	-1.702092e+00	1.669904e+00	-3.687042e+00	-3.545613e+00	-1.414286e-01
3.300000e-01	-1.702134e+00	1.670026e+00	-3.686797e+00	-3.545533e+00	-1.412646e-01
3.310000e-01	-1.702133e+00	1.670114e+00	-3.686336e+00	-3.545301e+00	-1.410347e-01
3.320000e-01	-1.701999e+00	1.670082e+00	-3.685699e+00	-3.544848e+00	-1.408510e-01
3.330000e-01	-1.701854e+00	1.670051e+00	-3.684976e+00	-3.544342e+00	-1.406336e-01
3.340000e-01	-1.701596e+00	1.669919e+00	-3.684075e+00	-3.543633e+00	-1.404412e-01
3.350000e-01	-1.701340e+00	1.669792e+00	-3.683076e+00	-3.542878e+00	-1.401978e-01
3.360000e-01	-1.700989e+00	1.669588e+00	-3.681997e+00	-3.541987e+00	-1.400098e-01
3.370000e-01	-1.700670e+00	1.669416e+00	-3.680904e+00	-3.541122e+00	-1.397818e-01
3.380000e-01	-1.700262e+00	1.669155e+00	-3.679707e+00	-3.540115e+00	-1.395919e-01
3.390000e-01	-1.699899e+00	1.668934e+00	-3.678538e+00	-3.539168e+00	-1.393706e-01
3.400000e-01	-1.699470e+00	1.668657e+00	-3.677354e+00	-3.538147e+00	-1.392072e-01
3.410000e-01	-1.699111e+00	1.668435e+00	-3.676228e+00	-3.537225e+00	-1.390027e-01
3.420000e-01	-1.698693e+00	1.668154e+00	-3.675090e+00	-3.536238e+00	-1.388525e-01
3.430000e-01	-1.698363e+00	1.667949e+00	-3.674070e+00	-3.535398e+00	-1.386722e-01
3.440000e-01	-1.697982e+00	1.667696e+00	-3.673043e+00	-3.534504e+00	-1.385392e-01
3.450000e-01	-1.697690e+00	1.667515e+00	-3.672131e+00	-3.533756e+00	-1.383754e-01
3.460000e-01	-1.697361e+00	1.667297e+00	-3.671277e+00	-3.533000e+00	-1.382773e-01
3.470000e-01	-1.697119e+00	1.667149e+00	-3.670528e+00	-3.532383e+00	-1.381446e-01
3.480000e-01	-1.696821e+00	1.666943e+00	-3.669770e+00	-3.531706e+00	-1.380636e-01
3.490000e-01	-1.696615e+00	1.666814e+00	-3.669153e+00	-3.531192e+00	-1.379617e-01
3.500000e-01	-1.696374e+00	1.666648e+00	-3.668575e+00	-3.530661e+00	-1.379132e-01
3.510000e-01	-1.696208e+00	1.666537e+00	-3.668056e+00	-3.530236e+00	-1.378198e-01
3.520000e-01	-1.695994e+00	1.666384e+00	-3.667547e+00	-3.529768e+00	-1.377794e-01
3.530000e-01	-1.695866e+00	1.666305e+00	-3.667167e+00	-3.529450e+00	-1.377173e-01
3.540000e-01	-1.695688e+00	1.666169e+00	-3.666754e+00	-3.529065e+00	-1.376884e-01
3.550000e-01	-1.695578e+00	1.666078e+00	-3.666404e+00	-3.528779e+00	-1.376243e-01
3.560000e-01	-1.695421e+00	1.665954e+00	-3.666102e+00	-3.528472e+00	-1.376304e-01
3.570000e-01	-1.695333e+00	1.665885e+00	-3.665869e+00	-3.528268e+00	-1.376013e-01
3.580000e-01	-1.695191e+00	1.665756e+00	-3.665577e+00	-3.527980e+00	-1.375978e-01
3.590000e-01	-1.695121e+00	1.665686e+00	-3.665396e+00	-3.527819e+00	-1.375766e-01
3.600000e-01	-1.694997e+00	1.665573e+00	-3.665215e+00	-3.527605e+00	-1.376103e-01
3.610000e-01	-1.694933e+00	1.665498e+00	-3.665068e+00	-3.527467e+00	-1.376016e-01
3.620000e-01	-1.694812e+00	1.665366e+00	-3.664877e+00	-3.527250e+00	-1.376268e-01
3.630000e-01	-1.694760e+00	1.665295e+00	-3.664791e+00	-3.527156e+00	-1.376351e-01
3.640000e-01	-1.694650e+00	1.665181e+00	-3.664667e+00	-3.526983e+00	-1.376839e-01
3.650000e-01	-1.694603e+00	1.665109e+00	-3.664586e+00	-3.526896e+00	-1.376907e-01
3.660000e-01	-1.694506e+00	1.664991e+00	-3.664497e+00	-3.526755e+00	-1.377426e-01
3.670000e-01	-1.694480e+00	1.664935e+00	-3.664498e+00	-3.526729e+00	-1.377692e-01
3.680000e-01	-1.694399e+00	1.664833e+00	-3.664461e+00	-3.526630e+00	-1.378317e-01
3.690000e-01	-1.694386e+00	1.664779e+00	-3.664495e+00	-3.526634e+00	-1.378613e-01
3.700000e-01	-1.694330e+00	1.664687e+00	-3.664523e+00	-3.526592e+00	-1.379309e-01
3.710000e-01	-1.694341e+00	1.664657e+00	-3.664624e+00	-3.526653e+00	-1.379704e-01
3.720000e-01	-1.694295e+00	1.664581e+00	-3.664688e+00	-3.526640e+00	-1.380485e-01
3.730000e-01	-1.694320e+00	1.664559e+00	-3.664826e+00	-3.526733e+00	-1.380928e-01
3.740000e-01	-1.694306e+00	1.664501e+00	-3.664963e+00	-3.526788e+00	-1.381758e-01
3.750000e-01	-1.694354e+00	1.664496e+00	-3.665153e+00	-3.526930e+00	-1.382229e-01
3.760000e-01	-1.694349e+00	1.664447e+00	-3.665318e+00	-3.527008e+00	-1.383099e-01
3.770000e-01	-1.694419e+00	1.664459e+00	-3.665563e+00	-3.527201e+00	-1.383627e-01
3.780000e-01	-1.694447e+00	1.664435e+00	-3.665809e+00	-3.527352e+00	-1.384572e-01
3.790000e-01	-1.694541e+00	1.664472e+00	-3.666127e+00	-3.527605e+00	-1.385222e-01
3.800000e-01	-1.694585e+00	1.664475e+00	-3.666413e+00	-3.527792e+00	-1.386212e-01
3.810000e-01	-1.694694e+00	1.664529e+00	-3.666752e+00	-3.528070e+00	-1.386819e-01
3.820000e-01	-1.694751e+00	1.664534e+00	-3.667062e+00	-3.528282e+00	-1.387798e-01
3.830000e-01	-1.694876e+00	1.664598e+00	-3.667447e+00	-3.528599e+00	-1.388475e-01
3.840000e-01	-1.694937e+00	1.664609e+00	-3.667750e+00	-3.528812e+00	-1.389382e-01
3.850000e-01	-1.695064e+00	1.664675e+00	-3.668105e+00	-3.529117e+00	-1.389886e-01
3.860000e-01	-1.695147e+00	1.664707e+00	-3.668453e+00	-3.529374e+00	-1.390791e-01
3.870000e-01	-1.695295e+00	1.664801e+00	-3.668849e+00	-3.529720e+00	-1.391289e-01
3.880000e-01	-1.695374e+00	1.664841e+00	-3.669140e+00	-3.529944e+00	-1.391961e-01
3.890000e-01	-1.695514e+00	1.664930e+00	-3.669492e+00	-3.530260e+00	-1.392322e-01
3.900000e-01	-1.695611e+00	1.664982e+00	-3.669845e+00	-3.530534e+00	-1.393111e-01
3.910000e-01	-1.695775e+00	1.665095e+00	-3.670233e+00	-3.530892e+00	-1.393410e-01
3.920000e-01	-1.695867e+00	1.665149e+00	-3.670530e+00	-3.531132e+00	-1.393975e-01
3.930000e-01	-1.696020e+00	1.665258e+00	-3.670909e+00	-3.531475e+00	-1.394342e-01
3.940000e-01	-1.696122e+00	1.665328e+00	-3.671242e+00	-3.531743e+00	-1.394989e-01
3.950000e-01	-1.696268e+00	1.665433e+00	-3.671552e+00	-3.532044e+00	-1.395077e-01
3.960000e-01	-1.696346e+00	1.665483e+00	-3.671795e+00	-3.532244e+00	-1.395518e-01
3.970000e-01	-1.696485e+00	1.665590e+00	-3.672110e+00	-3.532540e+00	-1.395699e-01
3.980000e-01	-1.696565e+00	1.665646e+00	-3.672335e+00	-3.532733e+00	-1.396021e-01
3.990000e-01	-1.696691e+00	1.665734e+00	-3.672544e+00	-3.532963e+00	-1.395807e-01
4.000000e-01	-1.696759e+00	1.665781e+00	-3.672733e+00	-3.533126e+00	-1.396075e-01
4.010000e-01	-1.696895e+00	1.665898e+00	-3.672992e+00	-3.533391e+00	-1.396007e-01
4.020000e-01	-1.696956e+00	1.665945e+00	-3.673142e+00	-3.533527e+00	-1.396154e-01
4.030000e-01	-1.697054e+00	1.666019e+00	-3.673281e+00	-3.533695e+00	-1.395867e-01
4.040000e-01	-1.697085e+00	1.666049e+00	-3.673373e+00	-3.533772e+00	-1.396012e-01
4.050000e-01	-1.697170e+00	1.666127e+00	-3.673494e+00	-3.533917e+00	-1.395766e-01
4.060000e-01	-1.697184e+00	1.666132e+00	-3.673505e+00	-3.533936e+00	-1.395686e-01
4.070000e-01	-1.697252e+00	1.666185e+00	-3.673559e+00	-3.534031e+00	-1.395279e-01
4.080000e-01	-1.697254e+00	1.666198e+00	-3.673560e+00	-3.534033e+00	-1.395263e-01
4.090000e-01	-1.697313e+00	1.666262e+00	-3.673589e+00	-3.534107e+00	-1.394822e-01
4.100000e-01	-1.697291e+00	1.666245e+00	-3.673504e+00	-3.534043e+00	-1.394614e-01
4.110000e-01	-1.697327e+00	1.666286e+00	-3.673498e+00	-3.534076e+00	-1.394223e-01
4.120000e-01	-1.697294e+00	1.666281e+00	-3.673422e+00	-3.534005e+00	-1.394170e-01
4.130000e-01	-1.697306e+00	1.666309e+00	-3.673350e+00	-3.533980e+00	-1.393690e-01
4.140000e-01	-1.697255e+00	1.666279e+00	-3.673231e+00	-3.533870e+00	-1.393601e-01
4.150000e-01	-1.697262e+00	1.666304e+00	-3.673187e+00	-3.533855e+00	-1.393318e-01
4.160000e-01	-1.697207e+00	1.666287e+00	-3.673075e+00	-3.533745e+00	-1.393301e-01
4.170000e-01	-1.697203e+00	1.666309e+00	-3.672962e+00	-3.533684e+00	-1.392776e-01
4.180000e-01	-1.697132e+00	1.666269e+00	-3.672811e+00	-3.533538e+00	-1.392732e-01
4.190000e-01	-1.697113e+00	1.666282e+00	-3.672703e+00	-3.533465e+00	-1.392389e-01
4.200000e-01	-1.697025e+00	1.666243e+00	-3.672516e+00	-3.533283e+00	-1.392332e-01
4.210000e-01	-1.696992e+00	1.666244e+00	-3.672366e+00	-3.533175e+00	-1.391908e-01
4.220000e-01	-1.696913e+00	1.666201e+00	-3.672218e+00	-3.533022e+00	-1.391960e-01
4.230000e-01	-1.696891e+00	1.666213e+00	-3.672134e+00	-3.532958e+00	-1.391763e-01
4.240000e-01	-1.696802e+00	1.666172e+00	-3.671969e+00	-3.532786e+00	-1.391823e-01
4.250000e-01	-1.696778e+00	1.666182e+00	-3.671867e+00	-3.532711e+00	-1.391556e-01
4.260000e-01	-1.696695e+00	1.666139e+00	-3.671737e+00	-3.532563e+00	-1.391735e-01
4.270000e-01	-1.696667e+00	1.666146e+00	-3.671641e+00	-3.532488e+00	-1.391534e-01
4.280000e-01	-1.696575e+00	1.666102e+00	-3.671465e+00	-3.532308e+00	-1.391574e-01
4.290000e-01	-1.696550e+00	1.666115e+00	-3.671380e+00	-3.532240e+00	-1.391397e-01
4.300000e-01	-1.696475e+00	1.666085e+00	-3.671270e+00	-3.532110e+00	-1.391596e-01
4.310000e-01	-1.696464e+00	1.666107e+00	-3.671215e+00	-3.532071e+00	-1.391435e-01
4.320000e-01	-1.696391e+00	1.666079e+00	-3.671094e+00	-3.531938e+00	-1.391564e-01
4.330000e-01	-1.696395e+00	1.666120e+00	-3.671103e+00	-3.531947e+00	-1.391561e-01
4.340000e-01	-1.696338e+00	1.666102e+00	-3.671035e+00	-3.531856e+00	-1.391792e-01
4.350000e-01	-1.696341e+00	1.666130e+00	-3.671014e+00	-3.531849e+00	-1.391657e-01
4.360000e-01	-1.696285e+00	1.666115e+00	-3.670942e+00	-3.531757e+00	-1.391855e-01
4.370000e-01	-1.696301e+00	1.666154e+00	-3.670963e+00	-3.531783e+00	-1.391804e-01
4.380000e-01	-1.696264e+00	1.666144e+00	-3.670923e+00	-3.531726e+00	-1.391976e-01
4.390000e-01	-1.696297e+00	1.666198e+00	-3.670967e+00	-3.531781e+00	-1.391865e-01
4.400000e-01	-1.696274e+00	1.666210e+00	-3.670953e+00	-3.531751e+00	-1.392026e-01
4.410000e-01	-1.696321e+00	1.666275e+00	-3.671013e+00	-3.531827e+00	-1.391858e-01
4.420000e-01	-1.696315e+00	1.666295e+00	-3.671038e+00	-3.531834e+00	-1.392043e-01
4.430000e-01	-1.696377e+00	1.666373e+00	-3.671125e+00	-3.531940e+00	-1.391854e-01
4.440000e-01	-1.696368e+00	1.666390e+00	-3.671119e+00	-3.531928e+00	-1.391913e-01
4.450000e-01	-1.696424e+00	1.666457e+00	-3.671192e+00	-3.532020e+00	-1.391721e-01
4.460000e-01	-1.696429e+00	1.666477e+00	-3.671219e+00	-3.532038e+00	-1.391808e-01
4.470000e-01	-1.696498e+00	1.666546e+00	-3.671298e+00	-3.532147e+00	-1.391511e-01
4.480000e-01	-1.696500e+00	1.666565e+00	-3.671304e+00	-3.532152e+00	-1.391517e-01
4.490000e-01	-1.696576e+00	1.666651e+00	-3.671414e+00	-3.532283e+00	-1.391311e-01
4.500000e-01	-1.696592e+00	1.666680e+00	-3.671451e+00	-3.532318e+00	-1.391333e-01
4.510000e-01	-1.696676e+00	1.666767e+00	-3.671546e+00	-3.532449e+00	-1.390975e-01
4.520000e-01	-1.696680e+00	1.666786e+00	-3.671556e+00	-3.532458e+00	-1.390976e-01
4.530000e-01	-1.696756e+00	1.666859e+00	-3.671657e+00	-3.532585e+00	-1.390723e-01
4.540000e-01	-1.696763e+00	1.666862e+00	-3.671661e+00	-3.532593e+00	-1.390678e-01
4.550000e-01	-1.696837e+00	1.666926e+00	-3.671749e+00	-3.532711e+00	-1.390376e-01
4.560000e-01	-1.696836e+00	1.666933e+00	-3.671754e+00	-3.532713e+00	-1.390410e-01
4.570000e-01	-1.696907e+00	1.666997e+00	-3.671829e+00	-3.532821e+00	-1.390076e-01
4.580000e-01	-1.696911e+00	1.667004e+00	-3.671833e+00	-3.532828e+00	-1.390053e-01
4.590000e-01	-1.696986e+00	1.667070e+00	-3.671915e+00	-3.532943e+00	-1.389721e-01
4.600000e-01	-1.696971e+00	1.667061e+00	-3.671886e+00	-3.532914e+00	-1.389723e-01
4.610000e-01	-1.697024e+00	1.667103e+00	-3.671922e+00	-3.532985e+00	-1.389370e-01
4.620000e-01	-1.697002e+00	1.667076e+00	-3.671870e+00	-3.532937e+00	-1.389323e-01
4.630000e-01	-1.697053e+00	1.667113e+00	-3.671910e+00	-3.533007e+00	-1.389021e-01
4.640000e-01	-1.697029e+00	1.667093e+00	-3.671858e+00	-3.532958e+00	-1.389004e-01
4.650000e-01	-1.697071e+00	1.667123e+00	-3.671867e+00	-3.533004e+00	-1.388622e-01
4.660000e-01	-1.697046e+00	1.667094e+00	-3.671827e+00	-3.532959e+00	-1.388674e-01
4.670000e-01	-1.697094e+00	1.667130e+00	-3.671868e+00	-3.533027e+00	-1.388403e-01
4.680000e-01	-1.697049e+00	1.667088e+00	-3.671780e+00	-3.532939e+00	-1.388408e-01
4.690000e-01	-1.697068e+00	1.667094e+00	-3.671746e+00	-3.532941e+00	-1.388048e-01
4.700000e-01	-1.697021e+00	1.667044e+00	-3.671662e+00	-3.532852e+00	-1.388099e-01
4.710000e-01	-1.697048e+00	1.667059e+00	-3.671663e+00	-3.532879e+00	-1.387837e-01
4.720000e-01	-1.696999e+00	1.667018e+00	-3.671579e+00	-3.532788e+00	-1.387907e-01
4.730000e-01	-1.697019e+00	1.667031e+00	-3.671577e+00	-3.532808e+00	-1.387693e-01
4.740000e-01	-1.696969e+00	1.666980e+00	-3.671520e+00	-3.532730e+00	-1.387908e-01
4.750000e-01	-1.696991e+00	1.666988e+00	-3.671541e+00	-3.532762e+00	-1.387792e-01
4.760000e-01	-1.696931e+00	1.666930e+00	-3.671455e+00	-3.532658e+00	-1.387966e-01
4.770000e-01	-1.696934e+00	1.666921e+00	-3.671433e+00	-3.532651e+00	-1.387826e-01
4.780000e-01	-1.696865e+00	1.666849e+00	-3.671325e+00	-3.532528e+00	-1.387971e-01
4.790000e-01	-1.696872e+00	1.666850e+00	-3.671308e+00	-3.532526e+00	-1.387821e-01
4.800000e-01	-1.696808e+00	1.666803e+00	-3.671212e+00	-3.532414e+00	-1.387977e-01
4.810000e-01	-1.696818e+00	1.666816e+00	-3.671192e+00	-3.532414e+00	-1.387783e-01
4.820000e-01	-1.696767e+00	1.666773e+00	-3.671151e+00	-3.532342e+00	-1.388085e-01
4.830000e-01	-1.696795e+00	1.666803e+00	-3.671209e+00	-3.532400e+00	-1.388096e-01
4.840000e-01	-1.696736e+00	1.666756e+00	-3.671152e+00	-3.532312e+00	-1.388405e-01
4.850000e-01	-1.696752e+00	1.666767e+00	-3.671188e+00	-3.532346e+00	-1.388419e-01
4.860000e-01	-1.696696e+00	1.666716e+00	-3.671140e+00	-3.532266e+00	-1.388742e-01
4.870000e-01	-1.696715e+00	1.666738e+00	-3.671177e+00	-3.532304e+00	-1.388735e-01
4.880000e-01	-1.696663e+00	1.666704e+00	-3.671103e+00	-3.532214e+00	-1.388888e-01
4.890000e-01	-1.696685e+00	1.666729e+00	-3.671115e+00	-3.532243e+00	-1.388722e-01
4.900000e-01	-1.696644e+00	1.666698e+00	-3.671064e+00	-3.532176e+00	-1.388881e-01
4.910000e-01	-1.696686e+00	1.666741e+00	-3.671120e+00	-3.532246e+00	-1.388739e-01
4.920000e-01	-1.696652e+00	1.666720e+00	-3.671082e+00	-3.532193e+00	-1.388890e-01
4.930000e-01	-1.696691e+00	1.666753e+00	-3.671145e+00	-3.532264e+00	-1.388816e-01
4.940000e-01	-1.696667e+00	1.666733e+00	-3.671136e+00	-3.532235e+00	-1.389006e-01
4.950000e-01	-1.696711e+00	1.666773e+00	-3.671199e+00	-3.532311e+00	-1.388883e-01
4.960000e-01	-1.696680e+00	1.666755e+00	-3.671143e+00	-3.532251e+00	-1.388916e-01
4.970000e-01	-1.696721e+00	1.666791e+00	-3.671167e+00	-3.532304e+00	-1.388628e-01
4.980000e-01	-1.696696e+00	1.666773e+00	-3.671120e+00	-3.532256e+00	-1.388637e-01
4.990000e-01	-1.696751e+00	1.666830e+00	-3.671167e+00	-3.532335e+00	-1.388321e-01
5.000000e-01	-1.696728e+00	1.666817e+00	-3.671094e+00	-3.532275e+00	-1.388196e-01
5.010000e-01	-1.696775e+00	1.666858e+00	-3.671143e+00	-3.532346e+00	-1.387964e-01
5.020000e-01	-1.696758e+00	1.666846e+00	-3.671140e+00	-3.532328e+00	-1.388127e-01
5.030000e-01	-1.696803e+00	1.666885e+00	-3.671192e+00	-3.532398e+00	-1.387933e-01
5.040000e-01	-1.696771e+00	1.666859e+00	-3.671105e+00	-3.532323e+00	-1.387818e-01
5.050000e-01	-1.696806e+00	1.666889e+00	-3.671127e+00	-3.532369e+00	-1.387577e-01
5.060000e-01	-1.696778e+00	1.666867e+00	-3.671068e+00	-3.532312e+00	-1.387558e-01
5.070000e-01	-1.696820e+00	1.666902e+00	-3.671072e+00	-3.532356e+00	-1.387159e-01
5.080000e-01	-1.696780e+00	1.666873e+00	-3.670975e+00	-3.532268e+00	-1.387071e-01
5.090000e-01	-1.696810e+00	1.666897e+00	-3.670987e+00	-3.532303e+00	-1.386838e-01
5.100000e-01	-1.696773e+00	1.666861e+00	-3.670936e+00	-3.532241e+00	-1.386945e-01
5.110000e-01	-1.696802e+00	1.666882e+00	-3.670949e+00	-3.532276e+00	-1.386728e-01
5.120000e-01	-1.696752e+00	1.666843e+00	-3.670852e+00	-3.532179e+00	-1.386735e-01
5.130000e-01	-1.696772e+00	1.666858e+00	-3.670856e+00	-3.532200e+00	-1.386560e-01
5.140000e-01	-1.696721e+00	1.666808e+00	-3.670770e+00	-3.532105e+00	-1.386642e-01
5.150000e-01	-1.696739e+00	1.666820e+00	-3.670735e+00	-3.532106e+00	-1.386290e-01
5.160000e-01	-1.696666e+00	1.666758e+00	-3.670579e+00	-3.531955e+00	-1.386237e-01
5.170000e-01	-1.696666e+00	1.666758e+00	-3.670535e+00	-3.531934e+00	-1.386011e-01
5.180000e-01	-1.696609e+00	1.666708e+00	-3.670430e+00	-3.531825e+00	-1.386057e-01
5.190000e-01	-1.696618e+00	1.666712e+00	-3.670390e+00	-3.531812e+00	-1.385772e-01
5.200000e-01	-1.696550e+00	1.666654e+00	-3.670281e+00	-3.531691e+00	-1.385902e-01
5.210000e-01	-1.696559e+00	1.666665e+00	-3.670295e+00	-3.531706e+00	-1.385887e-01
5.220000e-01	-1.696494e+00	1.666604e+00	-3.670217e+00	-3.531602e+00	-1.386151e-01
5.230000e-01	-1.696497e+00	1.666603e+00	-3.670204e+00	-3.531600e+00	-1.386048e-01
5.240000e-01	-1.696426e+00	1.666541e+00	-3.670120e+00	-3.531486e+00	-1.386338e-01
5.250000e-01	-1.696423e+00	1.666536e+00	-3.670102e+00	-3.531475e+00	-1.386279e-01
5.260000e-01	-1.696354e+00	1.666465e+00	-3.669996e+00	-3.531352e+00	-1.386441e-01
5.270000e-01	-1.696355e+00	1.666460e+00	-3.669969e+00	-3.531340e+00	-1.386294e-01
5.280000e-01	-1.696289e+00	1.666407e+00	-3.669894e+00	-3.531236e+00	-1.386582e-01
5.290000e-01	-1.696292e+00	1.666408e+00	-3.669897e+00	-3.531241e+00	-1.386561e-01
5.300000e-01	-1.696234e+00	1.666347e+00	-3.669833e+00	-3.531151e+00	-1.386824e-01
5.310000e-01	-1.696250e+00	1.666351e+00	-3.669870e+00	-3.531185e+00	-1.386847e-01
5.320000e-01	-1.696196e+00	1.666304e+00	-3.669835e+00	-3.531113e+00	-1.387214e-01
5.330000e-01	-1.696215e+00	1.666309e+00	-3.669851e+00	-3.531140e+00	-1.387108e-01
5.340000e-01	-1.696160e+00	1.666248e+00	-3.669785e+00	-3.531052e+00	-1.387323e-01
5.350000e-01	-1.696179e+00	1.666252e+00	-3.669811e+00	-3.531084e+00	-1.387268e-01
5.360000e-01	-1.696138e+00	1.666216e+00	-3.669777e+00	-3.531026e+00	-1.387504e-01
5.370000e-01	-1.696170e+00	1.666235e+00	-3.669814e+00	-3.531077e+00	-1.387367e-01
5.380000e-01	-1.696140e+00	1.666196e+00	-3.669809e+00	-3.531045e+00	-1.387640e-01
5.390000e-01	-1.696185e+00	1.666222e+00	-3.669894e+00	-3.531132e+00	-1.387620e-01
5.400000e-01	-1.696157e+00	1.666184e+00	-3.669893e+00	-3.531103e+00	-1.387901e-01
5.410000e-01	-1.696195e+00	1.666199e+00	-3.669937e+00	-3.531163e+00	-1.387738e-01
5.420000e-01	-1.696174e+00	1.666160e+00	-3.669921e+00	-3.531134e+00	-1.387868e-01
5.430000e-01	-1.696224e+00	1.666185e+00	-3.669969e+00	-3.531209e+00	-1.387601e-01
5.440000e-01	-1.696196e+00	1.666153e+00	-3.669912e+00	-3.531152e+00	-1.387600e-01
5.450000e-01	-1.696254e+00	1.666190e+00	-3.669952e+00	-3.531230e+00	-1.387225e-01
5.460000e-01	-1.696243e+00	1.666165e+00	-3.669958e+00	-3.531222e+00	-1.387353e-01
5.470000e-01	-1.696313e+00	1.666213e+00	-3.670063e+00	-3.531344e+00	-1.387188e-01
5.480000e-01	-1.696307e+00	1.666198e+00	-3.670081e+00	-3.531347e+00	-1.387334e-01
5.490000e-01	-1.696374e+00	1.666239e+00	-3.670172e+00	-3.531460e+00	-1.387123e-01
5.500000e-01	-1.696366e+00	1.666212e+00	-3.670186e+00	-3.531459e+00	-1.387270e-01
5.510000e-01	-1.696428e+00	1.666248e+00	-3.670253e+00	-3.531554e+00	-1.386990e-01
5.520000e-01	-1.696412e+00	1.666220e+00	-3.670222e+00	-3.531523e+00	-1.386988e-01
5.530000e-01	-1.696471e+00	1.666254e+00	-3.670270e+00	-3.531606e+00	-1.386640e-01
5.540000e-01	-1.696458e+00	1.666228e+00	-3.670255e+00	-3.531585e+00	-1.386698e-01
5.550000e-01	-1.696518e+00	1.666270e+00	-3.670329e+00	-3.531683e+00	-1.386461e-01
5.560000e-01	-1.696500e+00	1.666247e+00	-3.670332e+00	-3.531666e+00	-1.386660e-01
5.570000e-01	-1.696555e+00	1.666287e+00	-3.670420e+00	-3.531765e+00	-1.386549e-01
5.580000e-01	-1.696529e+00	1.666254e+00	-3.670417e+00	-3.531738e+00	-1.386793e-01
5.590000e-01	-1.696568e+00	1.666279e+00	-3.670463e+00	-3.531800e+00	-1.386638e-01
5.600000e-01	-1.696534e+00	1.666242e+00	-3.670419e+00	-3.531743e+00	-1.386757e-01
5.610000e-01	-1.696569e+00	1.666266e+00	-3.670441e+00	-3.531790e+00	-1.386517e-01
5.620000e-01	-1.696521e+00	1.666212e+00	-3.670370e+00	-3.531707e+00	-1.386638e-01
5.630000e-01	-1.696543e+00	1.666222e+00	-3.670383e+00	-3.531734e+00	-1.386489e-01
5.640000e-01	-1.696486e+00	1.666168e+00	-3.670320e+00	-3.531646e+00	-1.386742e-01
5.650000e-01	-1.696498e+00	1.666171e+00	-3.670331e+00	-3.531663e+00	-1.386671e-01
5.660000e-01	-1.696442e+00	1.666114e+00	-3.670267e+00	-3.531575e+00	-1.386913e-01
5.670000e-01	-1.696453e+00	1.666113e+00	-3.670268e+00	-3.531587e+00	-1.386809e-01
5.680000e-01	-1.696382e+00	1.666046e+00	-3.670181e+00	-3.531472e+00	-1.387086e-01
5.690000e-01	-1.696388e+00	1.666043e+00	-3.670167e+00	-3.531471e+00	-1.386959e-01
5.700000e-01	-1.696313e+00	1.665967e+00	-3.670053e+00	-3.531339e+00	-1.387138e-01
5.710000e-01	-1.696310e+00	1.665955e+00	-3.670027e+00	-3.531324e+00	-1.387037e-01
5.720000e-01	-1.696242e+00	1.665902e+00	-3.669949e+00	-3.531217e+00	-1.387323e-01
5.730000e-01	-1.696250e+00	1.665910e+00	-3.669961e+00	-3.531230e+00	-1.387304e-01
5.740000e-01	-1.696181e+00	1.665840e+00	-3.669878e+00	-3.531119e+00	-1.387581e-01
5.750000e-01	-1.696185e+00	1.665833e+00	-3.669886e+00	-3.531128e+00	-1.387585e-01
5.760000e-01	-1.696119e+00	1.665776e+00	-3.669833e+00	-3.531036e+00	-1.387977e-01
5.770000e-01	-1.696130e+00	1.665781e+00	-3.669841e+00	-3.531050e+00	-1.387909e-01
5.780000e-01	-1.696071e+00	1.665718e+00	-3.669760e+00	-3.530951e+00	-1.388090e-01
5.790000e-01	-1.696089e+00	1.665727e+00	-3.669791e+00	-3.530984e+00	-1.388067e-01
5.800000e-01	-1.696039e+00	1.665689e+00	-3.669767e+00	-3.530923e+00	-1.388440e-01
5.810000e-01	-1.696058e+00	1.665701e+00	-3.669787e+00	-3.530952e+00	-1.388360e-01
5.820000e-01	-1.696009e+00	1.665648e+00	-3.669741e+00	-3.530879e+00	-1.388619e-01
5.830000e-01	-1.696038e+00	1.665668e+00	-3.669804e+00	-3.530940e+00	-1.388635e-01
5.840000e-01	-1.696003e+00	1.665639e+00	-3.669799e+00	-3.530903e+00	-1.388966e-01
5.850000e-01	-1.696033e+00	1.665657e+00	-3.669830e+00	-3.530948e+00	-1.388822e-01
5.860000e-01	-1.695999e+00	1.665617e+00	-3.669809e+00	-3.530903e+00	-1.389056e-01
5.870000e-01	-1.696046e+00	1.665651e+00	-3.669895e+00	-3.530994e+00	-1.389016e-01
5.880000e-01	-1.696015e+00	1.665626e+00	-3.669884e+00	-3.530956e+00	-1.389274e-01
5.890000e-01	-1.696051e+00	1.665655e+00	-3.669930e+00	-3.531016e+00	-1.389141e-01
5.900000e-01	-1.696031e+00	1.665633e+00	-3.669946e+00	-3.531004e+00	-1.389426e-01
5.910000e-01	-1.696079e+00	1.665672e+00	-3.670028e+00	-3.531093e+00	-1.389349e-01
5.920000e-01	-1.696051e+00	1.665649e+00	-3.670019e+00	-3.531060e+00	-1.389590e-01
5.930000e-01	-1.696096e+00	1.665680e+00	-3.670096e+00	-3.531144e+00	-1.389517e-01
5.940000e-01	-1.696077e+00	1.665656e+00	-3.670106e+00	-3.531131e+00	-1.389759e-01
5.950000e-01	-1.696132e+00	1.665699e+00	-3.670190e+00	-3.531227e+00	-1.389628e-01
5.960000e-01	-1.696113e+00	1.665684e+00	-3.670191e+00	-3.531208e+00	-1.389829e-01
5.970000e-01	-1.696164e+00	1.665728e+00	-3.670266e+00	-3.531297e+00	-1.389692e-01
5.980000e-01	-1.696148e+00	1.665711e+00	-3.670268e+00	-3.531283e+00	-1.389859e-01
5.990000e-01	-1.696205e+00	1.665757e+00	-3.670341e+00	-3.531376e+00	-1.389656e-01
6.000000e-01	-1.696187e+00	1.665743e+00	-3.670344e+00	-3.531359e+00	-1.389851e-01
6.010000e-01	-1.696238e+00	1.665784e+00	-3.670420e+00	-3.531449e+00	-1.389718e-01
6.020000e-01	-1.696231e+00	1.665770e+00	-3.670433e+00	-3.531448e+00	-1.389848e-01
6.030000e-01	-1.696296e+00	1.665820e+00	-3.670532e+00	-3.531562e+00	-1.389695e-01
6.040000e-01	-1.696284e+00	1.665813e+00	-3.670541e+00	-3.531555e+00	-1.389861e-01
6.050000e-01	-1.696346e+00	1.665863e+00	-3.670620e+00	-3.531656e+00	-1.389644e-01
6.060000e-01	-1.696331e+00	1.665842e+00	-3.670609e+00	-3.531635e+00	-1.389735e-01
6.070000e-01	-1.696383e+00	1.665880e+00	-3.670680e+00	-3.531722e+00	-1.389571e-01
6.080000e-01	-1.696373e+00	1.665877e+00	-3.670675e+00	-3.531711e+00	-1.389641e-01
6.090000e-01	-1.696429e+00	1.665922e+00	-3.670745e+00	-3.531802e+00	-1.389431e-01
6.100000e-01	-1.696417e+00	1.665907e+00	-3.670736e+00	-3.531785e+00	-1.389515e-01
6.110000e-01	-1.696471e+00	1.665951e+00	-3.670826e+00	-3.531884e+00	-1.389419e-01
6.120000e-01	-1.696450e+00	1.665935e+00	-3.670807e+00	-3.531853e+00	-1.389537e-01
6.130000e-01	-1.696497e+00	1.665975e+00	-3.670850e+00	-3.531922e+00	-1.389274e-01
6.140000e-01	-1.696476e+00	1.665951e+00	-3.670825e+00	-3.531888e+00	-1.389361e-01
6.150000e-01	-1.696518e+00	1.665982e+00	-3.670889e+00	-3.531963e+00	-1.389260e-01
6.160000e-01	-1.696483e+00	1.665950e+00	-3.670837e+00	-3.531902e+00	-1.389356e-01
6.170000e-01	-1.696514e+00	1.665969e+00	-3.670845e+00	-3.531936e+00	-1.389091e-01
6.180000e-01	-1.696481e+00	1.665934e+00	-3.670812e+00	-3.531887e+00	-1.389256e-01
6.190000e-01	-1.696516e+00	1.665965e+00	-3.670870e+00	-3.531951e+00	-1.389188e-01
6.200000e-01	-1.696478e+00	1.665941e+00	-3.670813e+00	-3.531885e+00	-1.389284e-01
6.210000e-01	-1.696512e+00	1.665971e+00	-3.670830e+00	-3.531927e+00	-1.389032e-01
6.220000e-01	-1.696467e+00	1.665927e+00	-3.670784e+00	-3.531859e+00	-1.389253e-01
6.230000e-01	-1.696492e+00	1.665945e+00	-3.670813e+00	-3.531899e+00	-1.389139e-01
6.240000e-01	-1.696437e+00	1.665901e+00	-3.670729e+00	-3.531802e+00	-1.389277e-01
6.250000e-01	-1.696450e+00	1.665913e+00	-3.670721e+00	-3.531811e+00	-1.389105e-01
6.260000e-01	-1.696405e+00	1.665878e+00	-3.670684e+00	-3.531747e+00	-1.389370e-01
6.270000e-01	-1.696431e+00	1.665908e+00	-3.670720e+00	-3.531791e+00	-1.389294e-01
6.280000e-01	-1.696374e+00	1.665866e+00	-3.670640e+00	-3.531694e+00	-1.389461e-01
6.290000e-01	-1.696399e+00	1.665896e+00	-3.670678e+00	-3.531738e+00	-1.389400e-01
6.300000e-01	-1.696345e+00	1.665858e+00	-3.670644e+00	-3.531668e+00	-1.389768e-01
6.310000e-01	-1.696357e+00	1.665874e+00	-3.670675e+00	-3.531695e+00	-1.389804e-01
6.320000e-01	-1.696301e+00	1.665832e+00	-3.670609e+00	-3.531606e+00	-1.390038e-01
6.330000e-01	-1.696321e+00	1.665859e+00	-3.670669e+00	-3.531655e+00	-1.390135e-01
6.340000e-01	-1.696280e+00	1.665835e+00	-3.670679e+00	-3.531619e+00	-1.390600e-01
6.350000e-01	-1.696303e+00	1.665863e+00	-3.670729e+00	-3.531668e+00	-1.390611e-01
6.360000e-01	-1.696252e+00	1.665830e+00	-3.670694e+00	-3.531599e+00	-1.390954e-01
6.370000e-01	-1.696280e+00	1.665867e+00	-3.670770e+00	-3.531665e+00	-1.391054e-01
6.380000e-01	-1.696239e+00	1.665842e+00	-3.670766e+00	-3.531622e+00	-1.391439e-01
6.390000e-01	-1.696267e+00	1.665873e+00	-3.670813e+00	-3.531673e+00	-1.391401e-01
6.400000e-01	-1.696219e+00	1.665846e+00	-3.670771e+00	-3.531605e+00	-1.391658e-01
6.410000e-01	-1.696257e+00	1.665891e+00	-3.670845e+00	-3.531679e+00	-1.391658e-01
6.420000e-01	-1.696232e+00	1.665883e+00	-3.670857e+00	-3.531660e+00	-1.391970e-01
6.430000e-01	-1.696277e+00	1.665935e+00	-3.670954e+00	-3.531754e+00	-1.391995e-01
6.440000e-01	-1.696255e+00	1.665931e+00	-3.670973e+00	-3.531741e+00	-1.392318e-01
6.450000e-01	-1.696308e+00	1.665989e+00	-3.671080e+00	-3.531848e+00	-1.392321e-01
6.460000e-01	-1.696298e+00	1.665991e+00	-3.671124e+00	-3.531860e+00	-1.392640e-01
6.470000e-01	-1.696372e+00	1.666070e+00	-3.671251e+00	-3.531998e+00	-1.392534e-01
6.480000e-01	-1.696366e+00	1.666081e+00	-3.671278e+00	-3.532005e+00	-1.392730e-01
6.490000e-01	-1.696428e+00	1.666150e+00	-3.671363e+00	-3.532110e+00	-1.392534e-01
6.500000e-01	-1.696433e+00	1.666167e+00	-3.671409e+00	-3.532138e+00	-1.392712e-01
6.510000e-01	-1.696515e+00	1.666251e+00	-3.671543e+00	-3.532287e+00	-1.392570e-01
6.520000e-01	-1.696520e+00	1.666272e+00	-3.671570e+00	-3.532305e+00	-1.392647e-01
6.530000e-01	-1.696602e+00	1.666358e+00	-3.671687e+00	-3.532446e+00	-1.392413e-01
6.540000e-01	-1.696625e+00	1.666391e+00	-3.671763e+00	-3.532507e+00	-1.392568e-01
6.550000e-01	-1.696719e+00	1.666487e+00	-3.671917e+00	-3.532677e+00	-1.392394e-01
6.560000e-01	-1.696733e+00	1.666515e+00	-3.671938e+00	-3.532702e+00	-1.392362e-01
6.570000e-01	-1.696813e+00	1.666592e+00	-3.672041e+00	-3.532833e+00	-1.392073e-01
6.580000e-01	-1.696829e+00	1.666621e+00	-3.672092e+00	-3.532875e+00	-1.392166e-01
6.590000e-01	-1.696915e+00	1.666707e+00	-3.672203e+00	-3.533016e+00	-1.391870e-01
6.600000e-01	-1.696922e+00	1.666730e+00	-3.672201e+00	-3.533022e+00	-1.391787e-01
6.610000e-01	-1.697000e+00	1.666815e+00	-3.672308e+00	-3.533154e+00	-1.391540e-01
6.620000e-01	-1.697013e+00	1.666843e+00	-3.672336e+00	-3.533181e+00	-1.391549e-01
6.630000e-01	-1.697089e+00	1.666919e+00	-3.672411e+00	-3.533294e+00	-1.391167e-01
6.640000e-01	-1.697087e+00	1.666934e+00	-3.672394e+00	-3.533283e+00	-1.391104e-01
6.650000e-01	-1.697161e+00	1.667018e+00	-3.672488e+00	-3.533405e+00	-1.390832e-01
6.660000e-01	-1.697150e+00	1.667021e+00	-3.672460e+00	-3.533380e+00	-1.390806e-01
6.670000e-01	-1.697196e+00	1.667071e+00	-3.672490e+00	-3.533442e+00	-1.390489e-01
6.680000e-01	-1.697173e+00	1.667072e+00	-3.672450e+00	-3.533398e+00	-1.390520e-01
6.690000e-01	-1.697216e+00	1.667127e+00	-3.672473e+00	-3.533452e+00	-1.390209e-01
6.700000e-01	-1.697181e+00	1.667104e+00	-3.672385e+00	-3.533373e+00	-1.390112e-01
6.710000e-01	-1.697214e+00	1.667137e+00	-3.672388e+00	-3.533408e+00	-1.389798e-01
6.720000e-01	-1.697172e+00	1.667116e+00	-3.672316e+00	-3.533330e+00	-1.389856e-01
6.730000e-01	-1.697198e+00	1.667146e+00	-3.672298e+00	-3.533348e+00	-1.389506e-01
6.740000e-01	-1.697153e+00	1.667112e+00	-3.672203e+00	-3.533254e+00	-1.389486e-01
6.750000e-01	-1.697180e+00	1.667143e+00	-3.672218e+00	-3.533288e+00	-1.389293e-01
6.760000e-01	-1.697121e+00	1.667109e+00	-3.672112e+00	-3.533177e+00	-1.389350e-01
6.770000e-01	-1.697127e+00	1.667122e+00	-3.672050e+00	-3.533152e+00	-1.388975e-01
6.780000e-01	-1.697067e+00	1.667071e+00	-3.671925e+00	-3.533030e+00	-1.388957e-01
6.790000e-01	-1.697075e+00	1.667078e+00	-3.671881e+00	-3.533015e+00	-1.388656e-01
6.800000e-01	-1.697016e+00	1.667035e+00	-3.671757e+00	-3.532895e+00	-1.388627e-01
6.810000e-01	-1.697026e+00	1.667049e+00	-3.671723e+00	-3.532888e+00	-1.388353e-01
6.820000e-01	-1.696970e+00	1.667006e+00	-3.671624e+00	-3.532782e+00	-1.388424e-01
6.830000e-01	-1.696990e+00	1.667030e+00	-3.671600e+00	-3.532790e+00	-1.388105e-01
6.840000e-01	-1.696929e+00	1.666989e+00	-3.671491e+00	-3.532674e+00	-1.388167e-01
6.850000e-01	-1.696931e+00	1.666996e+00	-3.671458e+00	-3.532660e+00	-1.387979e-01
6.860000e-01	-1.696875e+00	1.666948e+00	-3.671358e+00	-3.532554e+00	-1.388043e-01
6.870000e-01	-1.696882e+00	1.666950e+00	-3.671308e+00	-3.532536e+00	-1.387723e-01
6.880000e-01	-1.696820e+00	1.666897e+00	-3.671212e+00	-3.532426e+00	-1.387865e-01
6.890000e-01	-1.696833e+00	1.666912e+00	-3.671210e+00	-3.532438e+00	-1.387718e-01
6.900000e-01	-1.696779e+00	1.666867e+00	-3.671130e+00	-3.532344e+00	-1.387858e-01
6.910000e-01	-1.696794e+00	1.666881e+00	-3.671115e+00	-3.532352e+00	-1.387638e-01
6.920000e-01	-1.696740e+00	1.666839e+00	-3.671039e+00	-3.532259e+00	-1.387798e-01
6.930000e-01	-1.696758e+00	1.666854e+00	-3.671040e+00	-3.532278e+00	-1.387623e-01
6.940000e-01	-1.696707e+00	1.666801e+00	-3.670951e+00	-3.532183e+00	-1.387682e-01
6.950000e-01	-1.696724e+00	1.666802e+00	-3.670927e+00	-3.532188e+00	-1.387391e-01
6.960000e-01	-1.696667e+00	1.666747e+00	-3.670844e+00	-3.532089e+00	-1.387557e-01
6.970000e-01	-1.696685e+00	1.666757e+00	-3.670845e+00	-3.532107e+00	-1.387376e-01
6.980000e-01	-1.696632e+00	1.666706e+00	-3.670740e+00	-3.532003e+00	-1.387376e-01
6.990000e-01	-1.696656e+00	1.666720e+00	-3.670727e+00	-3.532019e+00	-1.387077e-01
7.000000e-01	-1.696606e+00	1.666676e+00	-3.670645e+00	-3.531928e+00	-1.387170e-01
7.010000e-01	-1.696629e+00	1.666686e+00	-3.670640e+00	-3.531949e+00	-1.386910e-01
7.020000e-01	-1.696583e+00	1.666629e+00	-3.670560e+00	-3.531863e+00	-1.386969e-01
7.030000e-01	-1.696608e+00	1.666634e+00	-3.670556e+00	-3.531886e+00	-1.386700e-01
7.040000e-01	-1.696568e+00	1.666589e+00	-3.670502e+00	-3.531818e+00	-1.386832e-01
7.050000e-01	-1.696603e+00	1.666612e+00	-3.670538e+00	-3.531872e+00	-1.386664e-01
7.060000e-01	-1.696566e+00	1.666566e+00	-3.670472e+00	-3.531802e+00	-1.386695e-01
7.070000e-01	-1.696597e+00	1.666576e+00	-3.670469e+00	-3.531831e+00	-1.386381e-01
7.080000e-01	-1.696555e+00	1.666531e+00	-3.670398e+00	-3.531754e+00	-1.386438e-01
7.090000e-01	-1.696587e+00	1.666545e+00	-3.670391e+00	-3.531782e+00	-1.386089e-01
7.100000e-01	-1.696553e+00	1.666490e+00	-3.670307e+00	-3.531706e+00	-1.386011e-01
7.110000e-01	-1.696591e+00	1.666498e+00	-3.670323e+00	-3.531752e+00	-1.385709e-01
7.120000e-01	-1.696561e+00	1.666457e+00	-3.670286e+00	-3.531704e+00	-1.385818e-01
7.130000e-01	-1.696595e+00	1.666465e+00	-3.670315e+00	-3.531752e+00	-1.385624e-01
7.140000e-01	-1.696562e+00	1.666413e+00	-3.670270e+00	-3.531697e+00	-1.385728e-01
7.150000e-01	-1.696594e+00	1.666418e+00	-3.670295e+00	-3.531741e+00	-1.385537e-01
7.160000e-01	-1.696558e+00	1.666375e+00	-3.670230e+00	-3.531673e+00	-1.385569e-01
7.170000e-01	-1.696586e+00	1.666378e+00	-3.670216e+00	-3.531694e+00	-1.385220e-01
7.180000e-01	-1.696548e+00	1.666323e+00	-3.670121e+00	-3.531609e+00	-1.385121e-01
7.190000e-01	-1.696573e+00	1.666321e+00	-3.670095e+00	-3.531620e+00	-1.384744e-01
7.200000e-01	-1.696531e+00	1.666268e+00	-3.670017e+00	-3.531539e+00	-1.384775e-01
7.210000e-01	-1.696555e+00	1.666274e+00	-3.670013e+00	-3.531561e+00	-1.384511e-01
7.220000e-01	-1.696515e+00	1.666221e+00	-3.669953e+00	-3.531492e+00	-1.384614e-01
7.230000e-01	-1.696538e+00	1.666220e+00	-3.669961e+00	-3.531519e+00	-1.384420e-01
7.240000e-01	-1.696483e+00	1.666153e+00	-3.669879e+00	-3.531422e+00	-1.384567e-01
7.250000e-01	-1.696500e+00	1.666150e+00	-3.669889e+00	-3.531445e+00	-1.384439e-01
7.260000e-01	-1.696440e+00	1.666076e+00	-3.669797e+00	-3.531338e+00	-1.384584e-01
7.270000e-01	-1.696442e+00	1.666054e+00	-3.669764e+00	-3.531324e+00	-1.384400e-01
7.280000e-01	-1.696374e+00	1.665981e+00	-3.669657e+00	-3.531202e+00	-1.384546e-01
7.290000e-01	-1.696380e+00	1.665974e+00	-3.669665e+00	-3.531212e+00	-1.384532e-01
7.300000e-01	-1.696315e+00	1.665903e+00	-3.669590e+00	-3.531110e+00	-1.384803e-01
7.310000e-01	-1.696316e+00	1.665887e+00	-3.669585e+00	-3.531108e+00	-1.384767e-01
7.320000e-01	-1.696236e+00	1.665811e+00	-3.669489e+00	-3.530981e+00	-1.385082e-01
7.330000e-01	-1.696227e+00	1.665789e+00	-3.669478e+00	-3.530966e+00	-1.385124e-01
7.340000e-01	-1.696150e+00	1.665702e+00	-3.669372e+00	-3.530836e+00	-1.385359e-01
7.350000e-01	-1.696146e+00	1.665681e+00	-3.669367e+00	-3.530830e+00	-1.385370e-01
7.360000e-01	-1.696067e+00	1.665607e+00	-3.669282e+00	-3.530708e+00	-1.385737e-01
7.370000e-01	-1.696061e+00	1.665592e+00	-3.669276e+00	-3.530699e+00	-1.385772e-01
7.380000e-01	-1.695987e+00	1.665524e+00	-3.669202e+00	-3.530588e+00	-1.386143e-01
7.390000e-01	-1.695982e+00	1.665514e+00	-3.669218e+00	-3.530591e+00	-1.386270e-01
7.400000e-01	-1.695914e+00	1.665456e+00	-3.669169e+00	-3.530498e+00	-1.386707e-01
7.410000e-01	-1.695913e+00	1.665453e+00	-3.669191e+00	-3.530509e+00	-1.386824e-01
7.420000e-01	-1.695849e+00	1.665393e+00	-3.669164e+00	-3.530431e+00	-1.387330e-01
7.430000e-01	-1.695861e+00	1.665395e+00	-3.669230e+00	-3.530476e+00	-1.387542e-01
7.440000e-01	-1.695798e+00	1.665340e+00	-3.669211e+00	-3.530404e+00	-1.388072e-01
7.450000e-01	-1.695804e+00	1.665343e+00	-3.669263e+00	-3.530436e+00	-1.388272e-01
7.460000e-01	-1.695755e+00	1.665299e+00	-3.669269e+00	-3.530389e+00	-1.388798e-01
7.470000e-01	-1.695783e+00	1.665324e+00	-3.669370e+00	-3.530468e+00	-1.389021e-01
7.480000e-01	-1.695734e+00	1.665289e+00	-3.669361e+00	-3.530415e+00	-1.389466e-01
7.490000e-01	-1.695755e+00	1.665306e+00	-3.669430e+00	-3.530470e+00	-1.389597e-01
7.500000e-01	-1.695720e+00	1.665276e+00	-3.669460e+00	-3.530450e+00	-1.390098e-01
7.510000e-01	-1.695760e+00	1.665306e+00	-3.669559e+00	-3.530540e+00	-1.390197e-01
7.520000e-01	-1.695734e+00	1.665284e+00	-3.669579e+00	-3.530524e+00	-1.390556e-01
7.530000e-01	-1.695788e+00	1.665332e+00	-3.669713e+00	-3.530644e+00	-1.390686e-01
7.540000e-01	-1.695779e+00	1.665332e+00	-3.669784e+00	-3.530671e+00	-1.391127e-01
7.550000e-01	-1.695827e+00	1.665371e+00	-3.669877e+00	-3.530766e+00	-1.391115e-01
7.560000e-01	-1.695815e+00	1.665366e+00	-3.669923e+00	-3.530776e+00	-1.391467e-01
7.570000e-01	-1.695885e+00	1.665435e+00	-3.670073e+00	-3.530921e+00	-1.391513e-01
7.580000e-01	-1.695895e+00	1.665445e+00	-3.670139e+00	-3.530965e+00	-1.391746e-01
7.590000e-01	-1.695970e+00	1.665503e+00	-3.670278e+00	-3.531109e+00	-1.391685e-01
7.600000e-01	-1.695982e+00	1.665520e+00	-3.670369e+00	-3.531167e+00	-1.392020e-01
7.610000e-01	-1.696061e+00	1.665594e+00	-3.670521e+00	-3.531321e+00	-1.391996e-01
7.620000e-01	-1.696070e+00	1.665599e+00	-3.670566e+00	-3.531353e+00	-1.392126e-01
7.630000e-01	-1.696148e+00	1.665659e+00	-3.670701e+00	-3.531498e+00	-1.392026e-01
7.640000e-01	-1.696173e+00	1.665693e+00	-3.670801e+00	-3.531573e+00	-1.392280e-01
7.650000e-01	-1.696258e+00	1.665769e+00	-3.670926e+00	-3.531721e+00	-1.392050e-01
7.660000e-01	-1.696278e+00	1.665780e+00	-3.670957e+00	-3.531757e+00	-1.392002e-01
7.670000e-01	-1.696374e+00	1.665859e+00	-3.671104e+00	-3.531926e+00	-1.391780e-01
7.680000e-01	-1.696397e+00	1.665889e+00	-3.671186e+00	-3.531990e+00	-1.391960e-01
7.690000e-01	-1.696479e+00	1.665960e+00	-3.671287e+00	-3.532122e+00	-1.391645e-01
7.700000e-01	-1.696494e+00	1.665970e+00	-3.671307e+00	-3.532147e+00	-1.391597e-01
7.710000e-01	-1.696576e+00	1.666042e+00	-3.671440e+00	-3.532296e+00	-1.391440e-01
7.720000e-01	-1.696583e+00	1.666055e+00	-3.671459e+00	-3.532312e+00	-1.391469e-01
7.730000e-01	-1.696653e+00	1.666115e+00	-3.671523e+00	-3.532414e+00	-1.391086e-01
7.740000e-01	-1.696656e+00	1.666113e+00	-3.671517e+00	-3.532415e+00	-1.391022e-01
7.750000e-01	-1.696731e+00	1.666173e+00	-3.671622e+00	-3.532542e+00	-1.390803e-01
7.760000e-01	-1.696729e+00	1.666179e+00	-3.671613e+00	-3.532535e+00	-1.390778e-01
7.770000e-01	-1.696785e+00	1.666227e+00	-3.671653e+00	-3.532611e+00	-1.390416e-01
7.780000e-01	-1.696768e+00	1.666213e+00	-3.671613e+00	-3.532575e+00	-1.390382e-01
7.790000e-01	-1.696817e+00	1.666252e+00	-3.671666e+00	-3.532650e+00	-1.390159e-01
7.800000e-01	-1.696790e+00	1.666239e+00	-3.671624e+00	-3.532602e+00	-1.390222e-01
7.810000e-01	-1.696817e+00	1.666260e+00	-3.671614e+00	-3.532624e+00	-1.389898e-01
7.820000e-01	-1.696786e+00	1.666225e+00	-3.671543e+00	-3.532557e+00	-1.389854e-01
7.830000e-01	-1.696818e+00	1.666246e+00	-3.671563e+00	-3.532600e+00	-1.389634e-01
7.840000e-01	-1.696784e+00	1.666223e+00	-3.671517e+00	-3.532542e+00	-1.389742e-01
7.850000e-01	-1.696808e+00	1.666241e+00	-3.671493e+00	-3.532555e+00	-1.389381e-01
7.860000e-01	-1.696759e+00	1.666190e+00	-3.671395e+00	-3.532456e+00	-1.389390e-01
7.870000e-01	-1.696769e+00	1.666198e+00	-3.671386e+00	-3.532462e+00	-1.389240e-01
7.880000e-01	-1.696717e+00	1.666161e+00	-3.671304e+00	-3.532369e+00	-1.389353e-01
7.890000e-01	-1.696719e+00	1.666161e+00	-3.671244e+00	-3.532341e+00	-1.389025e-01
7.900000e-01	-1.696661e+00	1.666106e+00	-3.671129e+00	-3.532226e+00	-1.389037e-01
7.910000e-01	-1.696670e+00	1.666112e+00	-3.671122e+00	-3.532231e+00	-1.388914e-01
7.920000e-01	-1.696613e+00	1.666068e+00	-3.671043e+00	-3.532135e+00	-1.389088e-01
7.930000e-01	-1.696617e+00	1.666067e+00	-3.671000e+00	-3.532117e+00	-1.388835e-01
7.940000e-01	-1.696566e+00	1.666022e+00	-3.670940e+00	-3.532036e+00	-1.389044e-01
7.950000e-01	-1.696575e+00	1.666033e+00	-3.670950e+00	-3.532050e+00	-1.389000e-01
7.960000e-01	-1.696515e+00	1.665989e+00	-3.670870e+00	-3.531950e+00	-1.389196e-01
7.970000e-01	-1.696514e+00	1.665984e+00	-3.670828e+00	-3.531928e+00	-1.388994e-01
7.980000e-01	-1.696454e+00	1.665927e+00	-3.670743e+00	-3.531826e+00	-1.389175e-01
7.990000e-01	-1.696455e+00	1.665926e+00	-3.670743e+00	-3.531827e+00	-1.389168e-01
8.000000e-01	-1.696404e+00	1.665889e+00	-3.670670e+00	-3.531739e+00	-1.389314e-01
8.010000e-01	-1.696419e+00	1.665902e+00	-3.670661e+00	-3.531750e+00	-1.389115e-01
8.020000e-01	-1.696375e+00	1.665867e+00	-3.670623e+00	-3.531686e+00	-1.389364e-01
8.030000e-01	-1.696395e+00	1.665886e+00	-3.670666e+00	-3.531728e+00	-1.389380e-01
8.040000e-01	-1.696343e+00	1.665843e+00	-3.670605e+00	-3.531646e+00	-1.389596e-01
8.050000e-01	-1.696350e+00	1.665843e+00	-3.670589e+00	-3.531645e+00	-1.389442e-01
8.060000e-01	-1.696315e+00	1.665807e+00	-3.670563e+00	-3.531596e+00	-1.389665e-01
8.070000e-01	-1.696342e+00	1.665826e+00	-3.670610e+00	-3.531647e+00	-1.389629e-01
8.080000e-01	-1.696302e+00	1.665797e+00	-3.670557e+00	-3.531581e+00	-1.389759e-01
8.090000e-01	-1.696337e+00	1.665830e+00	-3.670589e+00	-3.531631e+00	-1.389580e-01
8.100000e-01	-1.696306e+00	1.665807e+00	-3.670559e+00	-3.531586e+00	-1.389733e-01
8.110000e-01	-1.696338e+00	1.665833e+00	-3.670597e+00	-3.531636e+00	-1.389603e-01
8.120000e-01	-1.696312e+00	1.665818e+00	-3.670565e+00	-3.531595e+00	-1.389707e-01
8.130000e-01	-1.696344e+00	1.665841e+00	-3.670601e+00	-3.531645e+00	-1.389558e-01
8.140000e-01	-1.696318e+00	1.665816e+00	-3.670591e+00	-3.531614e+00	-1.389769e-01
8.150000e-01	-1.696351e+00	1.665834e+00	-3.670632e+00	-3.531667e+00	-1.389646e-01
8.160000e-01	-1.696329e+00	1.665817e+00	-3.670620e+00	-3.531639e+00	-1.389811e-01
8.170000e-01	-1.696364e+00	1.665845e+00	-3.670673e+00	-3.531700e+00	-1.389730e-01
8.180000e-01	-1.696350e+00	1.665838e+00	-3.670678e+00	-3.531689e+00	-1.389886e-01
8.190000e-01	-1.696392e+00	1.665867e+00	-3.670720e+00	-3.531752e+00	-1.389678e-01
8.200000e-01	-1.696368e+00	1.665845e+00	-3.670678e+00	-3.531707e+00	-1.389713e-01
8.210000e-01	-1.696406e+00	1.665870e+00	-3.670728e+00	-3.531770e+00	-1.389581e-01
8.220000e-01	-1.696392e+00	1.665851e+00	-3.670720e+00	-3.531752e+00	-1.389683e-01
8.230000e-01	-1.696431e+00	1.665871e+00	-3.670765e+00	-3.531814e+00	-1.389512e-01
8.240000e-01	-1.696412e+00	1.665850e+00	-3.670733e+00	-3.531779e+00	-1.389542e-01
8.250000e-01	-1.696456e+00	1.665881e+00	-3.670803e+00	-3.531858e+00	-1.389454e-01
8.260000e-01	-1.696443e+00	1.665864e+00	-3.670795e+00	-3.531840e+00	-1.389551e-01
8.270000e-01	-1.696488e+00	1.665894e+00	-3.670834e+00	-3.531905e+00	-1.389286e-01
8.280000e-01	-1.696463e+00	1.665867e+00	-3.670783e+00	-3.531854e+00	-1.389285e-01
8.290000e-01	-1.696498e+00	1.665888e+00	-3.670820e+00	-3.531908e+00	-1.389116e-01
8.300000e-01	-1.696482e+00	1.665866e+00	-3.670779e+00	-3.531872e+00	-1.389073e-01
8.310000e-01	-1.696519e+00	1.665883e+00	-3.670789e+00	-3.531914e+00	-1.388752e-01
8.320000e-01	-1.696497e+00	1.665858e+00	-3.670758e+00	-3.531877e+00	-1.388818e-01
8.330000e-01	-1.696537e+00	1.665888e+00	-3.670812e+00	-3.531943e+00	-1.388691e-01
8.340000e-01	-1.696514e+00	1.665858e+00	-3.670766e+00	-3.531897e+00	-1.388691e-01
8.350000e-01	-1.696551e+00	1.665875e+00	-3.670791e+00	-3.531946e+00	-1.388448e-01
8.360000e-01	-1.696525e+00	1.665851e+00	-3.670768e+00	-3.531909e+00	-1.388587e-01
8.370000e-01	-1.696555e+00	1.665867e+00	-3.670807e+00	-3.531958e+00	-1.388488e-01
8.380000e-01	-1.696522e+00	1.665824e+00	-3.670741e+00	-3.531893e+00	-1.388481e-01
8.390000e-01	-1.696546e+00	1.665826e+00	-3.670761e+00	-3.531926e+00	-1.388344e-01
8.400000e-01	-1.696515e+00	1.665800e+00	-3.670747e+00	-3.531888e+00	-1.388588e-01
8.410000e-01	-1.696530e+00	1.665806e+00	-3.670758e+00	-3.531909e+00	-1.388485e-01
8.420000e-01	-1.696491e+00	1.665762e+00	-3.670687e+00	-3.531834e+00	-1.388531e-01
8.430000e-01	-1.696508e+00	1.665766e+00	-3.670703e+00	-3.531860e+00	-1.388433e-01
8.440000e-01	-1.696462e+00	1.665728e+00	-3.670652e+00	-3.531788e+00	-1.388639e-01
8.450000e-01	-1.696467e+00	1.665722e+00	-3.670622e+00	-3.531779e+00	-1.388438e-01
8.460000e-01	-1.696416e+00	1.665664e+00	-3.670539e+00	-3.531686e+00	-1.388533e-01
8.470000e-01	-1.696435e+00	1.665672e+00	-3.670570e+00	-3.531720e+00	-1.388503e-01
8.480000e-01	-1.696383e+00	1.665627e+00	-3.670505e+00	-3.531635e+00	-1.388698e-01
8.490000e-01	-1.696383e+00	1.665617e+00	-3.670482e+00	-3.531624e+00	-1.388580e-01
8.500000e-01	-1.696331e+00	1.665569e+00	-3.670421e+00	-3.531542e+00	-1.388793e-01
8.510000e-01	-1.696342e+00	1.665578e+00	-3.670435e+00	-3.531559e+00	-1.388760e-01
8.520000e-01	-1.696285e+00	1.665531e+00	-3.670356e+00	-3.531463e+00	-1.388932e-01
8.530000e-01	-1.696283e+00	1.665524e+00	-3.670347e+00	-3.531457e+00	-1.388901e-01
8.540000e-01	-1.696234e+00	1.665476e+00	-3.670301e+00	-3.531385e+00	-1.389160e-01
8.550000e-01	-1.696246e+00	1.665477e+00	-3.670326e+00	-3.531409e+00	-1.389174e-01
8.560000e-01	-1.696198e+00	1.665435e+00	-3.670293e+00	-3.531344e+00	-1.389488e-01
8.570000e-01	-1.696205e+00	1.665439e+00	-3.670319e+00	-3.531364e+00	-1.389549e-01
8.580000e-01	-1.696159e+00	1.665394e+00	-3.670278e+00	-3.531298e+00	-1.389800e-01
8.590000e-01	-1.696172e+00	1.665399e+00	-3.670312e+00	-3.531328e+00	-1.389835e-01
8.600000e-01	-1.696139e+00	1.665378e+00	-3.670297e+00	-3.531287e+00	-1.390100e-01
8.610000e-01	-1.696159e+00	1.665392e+00	-3.670327e+00	-3.531322e+00	-1.390050e-01
8.620000e-01	-1.696121e+00	1.665350e+00	-3.670290e+00	-3.531266e+00	-1.390237e-01
8.630000e-01	-1.696144e+00	1.665363e+00	-3.670342e+00	-3.531315e+00	-1.390266e-01
8.640000e-01	-1.696113e+00	1.665343e+00	-3.670340e+00	-3.531283e+00	-1.390570e-01
8.650000e-01	-1.696139e+00	1.665360e+00	-3.670372e+00	-3.531325e+00	-1.390469e-01
8.660000e-01	-1.696114e+00	1.665333e+00	-3.670370e+00	-3.531299e+00	-1.390710e-01
8.670000e-01	-1.696148e+00	1.665360e+00	-3.670439e+00	-3.531367e+00	-1.390720e-01
8.680000e-01	-1.696128e+00	1.665350e+00	-3.670450e+00	-3.531353e+00	-1.390969e-01
8.690000e-01	-1.696169e+00	1.665380e+00	-3.670510e+00	-3.531424e+00	-1.390865e-01
8.700000e-01	-1.696152e+00	1.665366e+00	-3.670526e+00	-3.531415e+00	-1.391114e-01
8.710000e-01	-1.696198e+00	1.665402e+00	-3.670610e+00	-3.531503e+00	-1.391066e-01
8.720000e-01	-1.696179e+00	1.665385e+00	-3.670604e+00	-3.531481e+00	-1.391226e-01
8.730000e-01	-1.696230e+00	1.665425e+00	-3.670686e+00	-3.531573e+00	-1.391129e-01
8.740000e-01	-1.696221e+00	1.665416e+00	-3.670713e+00	-3.531578e+00	-1.391352e-01
8.750000e-01	-1.696279e+00	1.665463e+00	-3.670798e+00	-3.531678e+00	-1.391202e-01
8.760000e-01	-1.696264e+00	1.665455e+00	-3.670798e+00	-3.531663e+00	-1.391351e-01
8.770000e-01	-1.696315e+00	1.665500e+00	-3.670876e+00	-3.531753e+00	-1.391235e-01
8.780000e-01	-1.696314e+00	1.665500e+00	-3.670903e+00	-3.531766e+00	-1.391375e-01
8.790000e-01	-1.696382e+00	1.665561e+00	-3.671014e+00	-3.531889e+00	-1.391248e-01
8.800000e-01	-1.696376e+00	1.665566e+00	-3.671037e+00	-3.531895e+00	-1.391422e-01
8.810000e-01	-1.696440e+00	1.665623e+00	-3.671138e+00	-3.532009e+00	-1.391288e-01
8.820000e-01	-1.696430e+00	1.665619e+00	-3.671160e+00	-3.532010e+00	-1.391500e-01
8.830000e-01	-1.696482e+00	1.665670e+00	-3.671250e+00	-3.532107e+00	-1.391424e-01
8.840000e-01	-1.696466e+00	1.665667e+00	-3.671234e+00	-3.532084e+00	-1.391509e-01
8.850000e-01	-1.696519e+00	1.665716e+00	-3.671310e+00	-3.532174e+00	-1.391357e-01
8.860000e-01	-1.696509e+00	1.665717e+00	-3.671325e+00	-3.532172e+00	-1.391535e-01
8.870000e-01	-1.696562e+00	1.665768e+00	-3.671404e+00	-3.532264e+00	-1.391403e-01
8.880000e-01	-1.696543e+00	1.665763e+00	-3.671384e+00	-3.532235e+00	-1.391489e-01
8.890000e-01	-1.696594e+00	1.665816e+00	-3.671487e+00	-3.532338e+00	-1.391495e-01
8.900000e-01	-1.696581e+00	1.665817e+00	-3.671516e+00	-3.532339e+00	-1.391767e-01
8.910000e-01	-1.696623e+00	1.665858e+00	-3.671570e+00	-3.532408e+00	-1.391626e-01
8.920000e-01	-1.696592e+00	1.665844e+00	-3.671538e+00	-3.532361e+00	-1.391767e-01
8.930000e-01	-1.696629e+00	1.665890e+00	-3.671607e+00	-3.532433e+00	-1.391744e-01
8.940000e-01	-1.696601e+00	1.665877e+00	-3.671592e+00	-3.532397e+00	-1.391953e-01
8.950000e-01	-1.696629e+00	1.665905e+00	-3.671614e+00	-3.532436e+00	-1.391774e-01
8.960000e-01	-1.696598e+00	1.665891e+00	-3.671579e+00	-3.532387e+00	-1.391920e-01
8.970000e-01	-1.696633e+00	1.665932e+00	-3.671657e+00	-3.532462e+00	-1.391951e-01
8.980000e-01	-1.696608e+00	1.665922e+00	-3.671647e+00	-3.532431e+00	-1.392157e-01
8.990000e-01	-1.696646e+00	1.665960e+00	-3.671691e+00	-3.532492e+00	-1.391992e-01
9.000000e-01	-1.696611e+00	1.665946e+00	-3.671670e+00	-3.532446e+00	-1.392238e-01
9.010000e-01	-1.696638e+00	1.665980e+00	-3.671722e+00	-3.532499e+00	-1.392231e-01
9.020000e-01	-1.696607e+00	1.665965e+00	-3.671678e+00	-3.532446e+00	-1.392325e-01
9.030000e-01	-1.696638e+00	1.665995e+00	-3.671687e+00	-3.532482e+00	-1.392052e-01
9.040000e-01	-1.696611e+00	1.665986e+00	-3.671676e+00	-3.532449e+00	-1.392271e-01
9.050000e-01	-1.696651e+00	1.666035e+00	-3.671744e+00	-3.532523e+00	-1.392209e-01
9.060000e-01	-1.696630e+00	1.666029e+00	-3.671728e+00	-3.532494e+00	-1.392342e-01
9.070000e-01	-1.696671e+00	1.666070e+00	-3.671768e+00	-3.532555e+00	-1.392123e-01
9.080000e-01	-1.696654e+00	1.666071e+00	-3.671768e+00	-3.532538e+00	-1.392303e-01
9.090000e-01	-1.696697e+00	1.666118e+00	-3.671824e+00	-3.532609e+00	-1.392153e-01
9.100000e-01	-1.696673e+00	1.666103e+00	-3.671778e+00	-3.532561e+00	-1.392163e-01
9.110000e-01	-1.696712e+00	1.666139e+00	-3.671811e+00	-3.532617e+00	-1.391940e-01
9.120000e-01	-1.696689e+00	1.666139e+00	-3.671795e+00	-3.532586e+00	-1.392087e-01
9.130000e-01	-1.696729e+00	1.666188e+00	-3.671845e+00	-3.532652e+00	-1.391930e-01
9.140000e-01	-1.696717e+00	1.666189e+00	-3.671810e+00	-3.532622e+00	-1.391881e-01
9.150000e-01	-1.696764e+00	1.666238e+00	-3.671855e+00	-3.532691e+00	-1.391632e-01
9.160000e-01	-1.696750e+00	1.666245e+00	-3.671869e+00	-3.532684e+00	-1.391850e-01
9.170000e-01	-1.696798e+00	1.666295e+00	-3.671923e+00	-3.532759e+00	-1.391639e-01
9.180000e-01	-1.696768e+00	1.666270e+00	-3.671855e+00	-3.532695e+00	-1.391601e-01
9.190000e-01	-1.696799e+00	1.666296e+00	-3.671899e+00	-3.532748e+00	-1.391510e-01
9.200000e-01	-1.696772e+00	1.666291e+00	-3.671873e+00	-3.532708e+00	-1.391646e-01
9.210000e-01	-1.696805e+00	1.666325e+00	-3.671875e+00	-3.532742e+00	-1.391331e-01
9.220000e-01	-1.696772e+00	1.666305e+00	-3.671800e+00	-3.532672e+00	-1.391276e-01
9.230000e-01	-1.696805e+00	1.666344e+00	-3.671832e+00	-3.532721e+00	-1.391108e-01
9.240000e-01	-1.696771e+00	1.666334e+00	-3.671778e+00	-3.532660e+00	-1.391181e-01
9.250000e-01	-1.696800e+00	1.666360e+00	-3.671777e+00	-3.532688e+00	-1.390891e-01
9.260000e-01	-1.696769e+00	1.666335e+00	-3.671740e+00	-3.532639e+00	-1.391015e-01
9.270000e-01	-1.696800e+00	1.666362e+00	-3.671792e+00	-3.532696e+00	-1.390955e-01
9.280000e-01	-1.696761e+00	1.666340e+00	-3.671742e+00	-3.532632e+00	-1.391101e-01
9.290000e-01	-1.696782e+00	1.666362e+00	-3.671744e+00	-3.532654e+00	-1.390903e-01
9.300000e-01	-1.696743e+00	1.666333e+00	-3.671683e+00	-3.532584e+00	-1.390987e-01
9.310000e-01	-1.696766e+00	1.666351e+00	-3.671696e+00	-3.532614e+00	-1.390818e-01
9.320000e-01	-1.696729e+00	1.666323e+00	-3.671617e+00	-3.532537e+00	-1.390799e-01
9.330000e-01	-1.696752e+00	1.666337e+00	-3.671610e+00	-3.532557e+00	-1.390529e-01
9.340000e-01	-1.696719e+00	1.666305e+00	-3.671544e+00	-3.532491e+00	-1.390533e-01
9.350000e-01	-1.696762e+00	1.666336e+00	-3.671583e+00	-3.532553e+00	-1.390296e-01
9.360000e-01	-1.696734e+00	1.666316e+00	-3.671531e+00	-3.532500e+00	-1.390309e-01
9.370000e-01	-1.696769e+00	1.666339e+00	-3.671570e+00	-3.532554e+00	-1.390159e-01
9.380000e-01	-1.696754e+00	1.666320e+00	-3.671541e+00	-3.532525e+00	-1.390167e-01
9.390000e-01	-1.696794e+00	1.666341e+00	-3.671563e+00	-3.532576e+00	-1.389874e-01
9.400000e-01	-1.696767e+00	1.666314e+00	-3.671491e+00	-3.532513e+00	-1.389783e-01
9.410000e-01	-1.696811e+00	1.666343e+00	-3.671496e+00	-3.532558e+00	-1.389372e-01
9.420000e-01	-1.696790e+00	1.666314e+00	-3.671415e+00	-3.532498e+00	-1.389172e-01
9.430000e-01	-1.696837e+00	1.666345e+00	-3.671427e+00	-3.532550e+00	-1.388772e-01
9.440000e-01	-1.696824e+00	1.666337e+00	-3.671383e+00	-3.532515e+00	-1.388676e-01
9.450000e-01	-1.696876e+00	1.666372e+00	-3.671420e+00	-3.532586e+00	-1.388341e-01
9.460000e-01	-1.696858e+00	1.666342e+00	-3.671356e+00	-3.532536e+00	-1.388203e-01
9.470000e-01	-1.696908e+00	1.666372e+00	-3.671397e+00	-3.532607e+00	-1.387905e-01
9.480000e-01	-1.696883e+00	1.666345e+00	-3.671350e+00	-3.532558e+00	-1.387920e-01
9.490000e-01	-1.696910e+00	1.666351e+00	-3.671332e+00	-3.532576e+00	-1.387560e-01
9.500000e-01	-1.696879e+00	1.666306e+00	-3.671244e+00	-3.532502e+00	-1.387429e-01
9.510000e-01	-1.696911e+00	1.666316e+00	-3.671251e+00	-3.532537e+00	-1.387139e-01
9.520000e-01	-1.696875e+00	1.666276e+00	-3.671178e+00	-3.532463e+00	-1.387142e-01
9.530000e-01	-1.696887e+00	1.666273e+00	-3.671142e+00	-3.532458e+00	-1.386836e-01
9.540000e-01	-1.696842e+00	1.666222e+00	-3.671061e+00	-3.532372e+00	-1.386882e-01
9.550000e-01	-1.696851e+00	1.666215e+00	-3.671049e+00	-3.532376e+00	-1.386734e-01
9.560000e-01	-1.696802e+00	1.666171e+00	-3.670961e+00	-3.532282e+00	-1.386786e-01
9.570000e-01	-1.696798e+00	1.666156e+00	-3.670901e+00	-3.532249e+00	-1.386526e-01
9.580000e-01	-1.696739e+00	1.666091e+00	-3.670796e+00	-3.532137e+00	-1.386595e-01
9.590000e-01	-1.696723e+00	1.666057e+00	-3.670729e+00	-3.532088e+00	-1.386409e-01
9.600000e-01	-1.696640e+00	1.665980e+00	-3.670579e+00	-3.531929e+00	-1.386494e-01
9.610000e-01	-1.696621e+00	1.665957e+00	-3.670526e+00	-3.531884e+00	-1.386420e-01
9.620000e-01	-1.696550e+00	1.665889e+00	-3.670403e+00	-3.531752e+00	-1.386510e-01
9.630000e-01	-1.696536e+00	1.665864e+00	-3.670348e+00	-3.531711e+00	-1.386378e-01
9.640000e-01	-1.696457e+00	1.665798e+00	-3.670243e+00	-3.531579e+00	-1.386646e-01
9.650000e-01	-1.696438e+00	1.665776e+00	-3.670199e+00	-3.531538e+00	-1.386615e-01
9.660000e-01	-1.696353e+00	1.665689e+00	-3.670060e+00	-3.531382e+00	-1.386773e-01
9.670000e-01	-1.696331e+00	1.665657e+00	-3.670021e+00	-3.531342e+00	-1.386793e-01
9.680000e-01	-1.696251e+00	1.665591e+00	-3.669949e+00	-3.531226e+00	-1.387231e-01
9.690000e-01	-1.696233e+00	1.665566e+00	-3.669913e+00	-3.531190e+00	-1.387231e-01
9.700000e-01	-1.696159e+00	1.665489e+00	-3.669816e+00	-3.531067e+00	-1.387491e-01
9.710000e-01	-1.696153e+00	1.665475e+00	-3.669835e+00	-3.531070e+00	-1.387651e-01
9.720000e-01	-1.696084e+00	1.665418e+00	-3.669772e+00	-3.530970e+00	-1.388018e-01
9.730000e-01	-1.696075e+00	1.665397e+00	-3.669741e+00	-3.530945e+00	-1.387962e-01
9.740000e-01	-1.696020e+00	1.665339e+00	-3.669688e+00	-3.530864e+00	-1.388239e-01
9.750000e-01	-1.696033e+00	1.665340e+00	-3.669739e+00	-3.530902e+00	-1.388363e-01
9.760000e-01	-1.695975e+00	1.665287e+00	-3.669684e+00	-3.530817e+00	-1.388675e-01
9.770000e-01	-1.695980e+00	1.665280e+00	-3.669687e+00	-3.530823e+00	-1.388641e-01
9.780000e-01	-1.695933e+00	1.665233e+00	-3.669661e+00	-3.530763e+00	-1.388978e-01
9.790000e-01	-1.695958e+00	1.665247e+00	-3.669733e+00	-3.530824e+00	-1.389089e-01
9.800000e-01	-1.695926e+00	1.665221e+00	-3.669719e+00	-3.530785e+00	-1.389337e-01
9.810000e-01	-1.695963e+00	1.665246e+00	-3.669797e+00	-3.530861e+00	-1.389357e-01
9.820000e-01	-1.695941e+00	1.665223e+00	-3.669826e+00	-3.530854e+00	-1.389721e-01
9.830000e-01	-1.695988e+00	1.665256e+00	-3.669920e+00	-3.530948e+00	-1.389724e-01
9.840000e-01	-1.695960e+00	1.665232e+00	-3.669907e+00	-3.530914e+00	-1.389937e-01
9.850000e-01	-1.696002e+00	1.665263e+00	-3.669998e+00	-3.531000e+00	-1.389972e-01
9.860000e-01	-1.695988e+00	1.665253e+00	-3.670026e+00	-3.531001e+00	-1.390249e-01
9.870000e-01	-1.696037e+00	1.665288e+00	-3.670109e+00	-3.531091e+00	-1.390173e-01
9.880000e-01	-1.696024e+00	1.665279e+00	-3.670132e+00	-3.531090e+00	-1.390414e-01
9.890000e-01	-1.696084e+00	1.665329e+00	-3.670264e+00	-3.531216e+00	-1.390485e-01
9.900000e-01	-1.696087e+00	1.665332e+00	-3.670321e+00	-3.531247e+00	-1.390739e-01
9.910000e-01	-1.696142e+00	1.665372e+00	-3.670413e+00	-3.531349e+00	-1.390642e-01
9.920000e-01	-1.696142e+00	1.665375e+00	-3.670459e+00	-3.531371e+00	-1.390878e-01
9.930000e-01	-1.696207e+00	1.665435e+00	-3.670600e+00	-3.531507e+00	-1.390933e-01
9.940000e-01	-1.696206e+00	1.665437e+00	-3.670631e+00	-3.531522e+00	-1.391094e-01
9.950000e-01	-1.696269e+00	1.665488e+00	-3.670728e+00	-3.531633e+00	-1.390948e-01
9.960000e-01	-1.696264e+00	1.665496e+00	-3.670770e+00	-3.531650e+00	-1.391209e-01
9.970000e-01	-1.696319e+00	1.665550e+00	-3.670885e+00	-3.531761e+00	-1.391237e-01
9.980000e-01	-1.696317e+00	1.665552e+00	-3.670903e+00	-3.531769e+00	-1.391340e-01
9.990000e-01	-1.696374e+00	1.665595e+00	-3.670989e+00	-3.531869e+00	-1.391203e-01
1.000000e+00	-1.696375e+00	1.665609e+00	-3.671054e+00	-3.531901e+00	-1.391522e-01
