# Force coefficients
# liftDir    : (0.000000e+00 1.000000e+00 0.000000e+00)
# dragDir    : (1.000000e+00 0.000000e+00 0.000000e+00)
# pitchAxis  : (0.000000e+00 0.000000e+00 1.000000e+00)
# magUInf    : 5.148000e+01
# lRef       : 4.530000e-01
# Aref       : 4.348800e-01
# CofR       : (0.000000e+00 0.000000e+00 0.000000e+00)
# Time       	Cm           	Cd           	Cl           	Cl(f)        	Cl(r)        	Cm	Cd	Cl	Cl(f)	Cl(r)
1.000000e-03	-1.407712e-03	1.538021e-03	-2.372245e-03	-2.593835e-03	2.215900e-04
2.000000e-03	-5.372413e-03	6.050512e-03	-9.590108e-03	-1.016747e-02	5.773586e-04
3.000000e-03	-7.929282e-03	8.969504e-03	-1.489289e-02	-1.537573e-02	4.828377e-04
4.000000e-03	-8.396095e-03	9.495062e-03	-1.664630e-02	-1.671925e-02	7.294344e-05
5.000000e-03	-8.030332e-03	9.014017e-03	-1.705313e-02	-1.655690e-02	-4.962326e-04
6.000000e-03	-7.931969e-03	8.718629e-03	-1.800065e-02	-1.693229e-02	-1.068358e-03
7.000000e-03	-8.329835e-03	8.891466e-03	-1.973900e-02	-1.819934e-02	-1.539666e-03
8.000000e-03	-9.619367e-03	1.002726e-02	-2.302210e-02	-2.113042e-02	-1.891685e-03
9.000000e-03	-1.150087e-02	1.183183e-02	-2.735975e-02	-2.518075e-02	-2.178999e-03
1.000000e-02	-1.352811e-02	1.383121e-02	-3.195047e-02	-2.950335e-02	-2.447121e-03
1.100000e-02	-1.532778e-02	1.560108e-02	-3.618205e-02	-3.341880e-02	-2.763246e-03
1.200000e-02	-1.700060e-02	1.725874e-02	-4.021168e-02	-3.710644e-02	-3.105238e-03
1.300000e-02	-1.854666e-02	1.877313e-02	-4.409940e-02	-4.059636e-02	-3.503038e-03
1.400000e-02	-2.006484e-02	2.025854e-02	-4.795277e-02	-4.404122e-02	-3.911545e-03
1.500000e-02	-2.180768e-02	2.198321e-02	-5.228915e-02	-4.795225e-02	-4.336897e-03
1.600000e-02	-2.402304e-02	2.420825e-02	-5.762683e-02	-5.283645e-02	-4.790379e-03
1.700000e-02	-2.666267e-02	2.685765e-02	-6.392521e-02	-5.862527e-02	-5.299941e-03
1.800000e-02	-2.965826e-02	2.985283e-02	-7.107374e-02	-6.519513e-02	-5.878606e-03
1.900000e-02	-3.273412e-02	3.288645e-02	-7.859248e-02	-7.203036e-02	-6.562124e-03
2.000000e-02	-3.576624e-02	3.583469e-02	-8.615073e-02	-7.884161e-02	-7.309125e-03
2.100000e-02	-3.871621e-02	3.865299e-02	-9.368945e-02	-8.556094e-02	-8.128511e-03
2.200000e-02	-4.151281e-02	4.128637e-02	-1.009637e-01	-9.199468e-02	-8.969061e-03
2.300000e-02	-4.428044e-02	4.386899e-02	-1.081937e-01	-9.837726e-02	-9.816390e-03
2.400000e-02	-4.722033e-02	4.662282e-02	-1.157515e-01	-1.050961e-01	-1.065543e-02
2.500000e-02	-5.050605e-02	4.973709e-02	-1.240297e-01	-1.125209e-01	-1.150878e-02
2.600000e-02	-5.417904e-02	5.325732e-02	-1.331042e-01	-1.207311e-01	-1.237307e-02
2.700000e-02	-5.823896e-02	5.718409e-02	-1.430390e-01	-1.297585e-01	-1.328055e-02
2.800000e-02	-6.259378e-02	6.141881e-02	-1.536759e-01	-1.394317e-01	-1.424415e-02
2.900000e-02	-6.708252e-02	6.579473e-02	-1.647272e-01	-1.494461e-01	-1.528106e-02
3.000000e-02	-7.157374e-02	7.018251e-02	-1.758759e-01	-1.595117e-01	-1.636420e-02
3.100000e-02	-7.607927e-02	7.459405e-02	-1.871470e-01	-1.696528e-01	-1.749424e-02
3.200000e-02	-8.063632e-02	7.906893e-02	-1.985179e-01	-1.798953e-01	-1.862265e-02
3.300000e-02	-8.534498e-02	8.371161e-02	-2.101914e-01	-1.904407e-01	-1.975072e-02
3.400000e-02	-9.023706e-02	8.855750e-02	-2.221646e-01	-2.013193e-01	-2.084521e-02
3.500000e-02	-9.527231e-02	9.356231e-02	-2.344072e-01	-2.124759e-01	-2.193130e-02
3.600000e-02	-1.004320e-01	9.871405e-02	-2.468882e-01	-2.238761e-01	-2.301212e-02
3.700000e-02	-1.057131e-01	1.040058e-01	-2.596400e-01	-2.355330e-01	-2.410693e-02
3.800000e-02	-1.111359e-01	1.094656e-01	-2.726436e-01	-2.474577e-01	-2.518590e-02
3.900000e-02	-1.167053e-01	1.150859e-01	-2.859504e-01	-2.596806e-01	-2.626988e-02
4.000000e-02	-1.224968e-01	1.209372e-01	-2.997107e-01	-2.723521e-01	-2.735857e-02
4.100000e-02	-1.284514e-01	1.269487e-01	-3.138090e-01	-2.853559e-01	-2.845315e-02
4.200000e-02	-1.345306e-01	1.330876e-01	-3.281306e-01	-2.985959e-01	-2.953471e-02
4.300000e-02	-1.407178e-01	1.393342e-01	-3.425380e-01	-3.119868e-01	-3.055115e-02
4.400000e-02	-1.469654e-01	1.456542e-01	-3.568890e-01	-3.254099e-01	-3.147907e-02
4.500000e-02	-1.531569e-01	1.519314e-01	-3.708851e-01	-3.385994e-01	-3.228569e-02
4.600000e-02	-1.593792e-01	1.582674e-01	-3.847068e-01	-3.517327e-01	-3.297418e-02
4.700000e-02	-1.655781e-01	1.645980e-01	-3.982484e-01	-3.647023e-01	-3.354608e-02
4.800000e-02	-1.717510e-01	1.709292e-01	-4.115102e-01	-3.775062e-01	-3.400408e-02
4.900000e-02	-1.777939e-01	1.771494e-01	-4.242766e-01	-3.899322e-01	-3.434444e-02
5.000000e-02	-1.837699e-01	1.833167e-01	-4.367421e-01	-4.021409e-01	-3.460115e-02
5.100000e-02	-1.895695e-01	1.893205e-01	-4.486724e-01	-4.139057e-01	-3.476669e-02
5.200000e-02	-1.950769e-01	1.950686e-01	-4.597893e-01	-4.249715e-01	-3.481780e-02
5.300000e-02	-2.002166e-01	2.004792e-01	-4.699335e-01	-4.351833e-01	-3.475018e-02
5.400000e-02	-2.049058e-01	2.054894e-01	-4.788938e-01	-4.443527e-01	-3.454108e-02
5.500000e-02	-2.090983e-01	2.100450e-01	-4.865713e-01	-4.523840e-01	-3.418732e-02
5.600000e-02	-2.128482e-01	2.142086e-01	-4.930413e-01	-4.593688e-01	-3.367245e-02
5.700000e-02	-2.162309e-01	2.180394e-01	-4.985007e-01	-4.654813e-01	-3.301941e-02
5.800000e-02	-2.193970e-01	2.216877e-01	-5.032411e-01	-4.710176e-01	-3.222351e-02
5.900000e-02	-2.224306e-01	2.252246e-01	-5.074693e-01	-4.761653e-01	-3.130402e-02
6.000000e-02	-2.253347e-01	2.286326e-01	-5.113163e-01	-4.809929e-01	-3.032343e-02
6.100000e-02	-2.280973e-01	2.318858e-01	-5.148089e-01	-4.855018e-01	-2.930714e-02
6.200000e-02	-2.307319e-01	2.349831e-01	-5.180540e-01	-4.897589e-01	-2.829510e-02
6.300000e-02	-2.331910e-01	2.378736e-01	-5.209762e-01	-4.936791e-01	-2.729714e-02
6.400000e-02	-2.355105e-01	2.405924e-01	-5.236986e-01	-4.973599e-01	-2.633877e-02
6.500000e-02	-2.377827e-01	2.432278e-01	-5.264304e-01	-5.009979e-01	-2.543251e-02
6.600000e-02	-2.399780e-01	2.457407e-01	-5.291953e-01	-5.045756e-01	-2.461961e-02
6.700000e-02	-2.421344e-01	2.481583e-01	-5.321387e-01	-5.082037e-01	-2.393491e-02
6.800000e-02	-2.443523e-01	2.505823e-01	-5.354992e-01	-5.121019e-01	-2.339733e-02
6.900000e-02	-2.466031e-01	2.529854e-01	-5.391915e-01	-5.161988e-01	-2.299267e-02
7.000000e-02	-2.488436e-01	2.553423e-01	-5.430859e-01	-5.203865e-01	-2.269939e-02
7.100000e-02	-2.509565e-01	2.575240e-01	-5.469245e-01	-5.244187e-01	-2.250578e-02
7.200000e-02	-2.529996e-01	2.596069e-01	-5.507784e-01	-5.283888e-01	-2.238957e-02
7.300000e-02	-2.552496e-01	2.618271e-01	-5.553247e-01	-5.329119e-01	-2.241276e-02
7.400000e-02	-2.577516e-01	2.642306e-01	-5.606909e-01	-5.380970e-01	-2.259386e-02
7.500000e-02	-2.605664e-01	2.668729e-01	-5.670569e-01	-5.440949e-01	-2.296202e-02
7.600000e-02	-2.635801e-01	2.696534e-01	-5.741356e-01	-5.506479e-01	-2.348775e-02
7.700000e-02	-2.669410e-01	2.727433e-01	-5.821536e-01	-5.580178e-01	-2.413587e-02
7.800000e-02	-2.705762e-01	2.760716e-01	-5.909458e-01	-5.660491e-01	-2.489672e-02
7.900000e-02	-2.745201e-01	2.797025e-01	-6.004712e-01	-5.747558e-01	-2.571548e-02
8.000000e-02	-2.784387e-01	2.833111e-01	-6.100735e-01	-5.834754e-01	-2.659811e-02
8.100000e-02	-2.821074e-01	2.866833e-01	-6.193494e-01	-5.917821e-01	-2.756731e-02
8.200000e-02	-2.856276e-01	2.899330e-01	-6.284420e-01	-5.998486e-01	-2.859340e-02
8.300000e-02	-2.889434e-01	2.929864e-01	-6.374179e-01	-6.076523e-01	-2.976553e-02
8.400000e-02	-2.918040e-01	2.955650e-01	-6.459627e-01	-6.147853e-01	-3.117741e-02
8.500000e-02	-2.941771e-01	2.976128e-01	-6.541173e-01	-6.212358e-01	-3.288160e-02
8.600000e-02	-2.958046e-01	2.988638e-01	-6.613471e-01	-6.264782e-01	-3.486897e-02
8.700000e-02	-2.966510e-01	2.992918e-01	-6.674387e-01	-6.303703e-01	-3.706839e-02
8.800000e-02	-2.968508e-01	2.990630e-01	-6.724351e-01	-6.330684e-01	-3.936673e-02
8.900000e-02	-2.967335e-01	2.984903e-01	-6.768530e-01	-6.351600e-01	-4.169301e-02
9.000000e-02	-2.969026e-01	2.982276e-01	-6.814974e-01	-6.376514e-01	-4.384608e-02
9.100000e-02	-2.977926e-01	2.987489e-01	-6.871161e-01	-6.413506e-01	-4.576548e-02
9.200000e-02	-2.993671e-01	2.999849e-01	-6.937992e-01	-6.462667e-01	-4.753246e-02
9.300000e-02	-3.014620e-01	3.017232e-01	-7.013571e-01	-6.521406e-01	-4.921654e-02
9.400000e-02	-3.038686e-01	3.037319e-01	-7.094529e-01	-6.585950e-01	-5.085789e-02
9.500000e-02	-3.064896e-01	3.058895e-01	-7.179606e-01	-6.654699e-01	-5.249073e-02
9.600000e-02	-3.093769e-01	3.082560e-01	-7.269229e-01	-6.728384e-01	-5.408455e-02
9.700000e-02	-3.125772e-01	3.109432e-01	-7.362788e-01	-6.807166e-01	-5.556216e-02
9.800000e-02	-3.162174e-01	3.141138e-01	-7.462071e-01	-6.893210e-01	-5.688612e-02
9.900000e-02	-3.201784e-01	3.176849e-01	-7.565589e-01	-6.984579e-01	-5.810103e-02
1.000000e-01	-3.243474e-01	3.215313e-01	-7.672152e-01	-7.079550e-01	-5.926016e-02
1.010000e-01	-3.286308e-01	3.255674e-01	-7.780168e-01	-7.176392e-01	-6.037755e-02
1.020000e-01	-3.329688e-01	3.296803e-01	-7.889328e-01	-7.274352e-01	-6.149762e-02
1.030000e-01	-3.373311e-01	3.338295e-01	-7.999169e-01	-7.372896e-01	-6.262731e-02
1.040000e-01	-3.416376e-01	3.378962e-01	-8.108612e-01	-7.470682e-01	-6.379304e-02
1.050000e-01	-3.457486e-01	3.417434e-01	-8.215470e-01	-7.565221e-01	-6.502490e-02
1.060000e-01	-3.495288e-01	3.452046e-01	-8.317920e-01	-7.654248e-01	-6.636722e-02
1.070000e-01	-3.529624e-01	3.482865e-01	-8.415435e-01	-7.737341e-01	-6.780937e-02
1.080000e-01	-3.559387e-01	3.508641e-01	-8.506221e-01	-7.812497e-01	-6.937240e-02
1.090000e-01	-3.585174e-01	3.530208e-01	-8.590771e-01	-7.880559e-01	-7.102118e-02
1.100000e-01	-3.609092e-01	3.549574e-01	-8.672286e-01	-7.945235e-01	-7.270509e-02
1.110000e-01	-3.632792e-01	3.568579e-01	-8.752821e-01	-8.009202e-01	-7.436188e-02
1.120000e-01	-3.657802e-01	3.588714e-01	-8.835061e-01	-8.075333e-01	-7.597282e-02
1.130000e-01	-3.684068e-01	3.609933e-01	-8.918819e-01	-8.143478e-01	-7.753415e-02
1.140000e-01	-3.712129e-01	3.632746e-01	-9.005124e-01	-8.214691e-01	-7.904326e-02
1.150000e-01	-3.742095e-01	3.657386e-01	-9.093594e-01	-8.288892e-01	-8.047022e-02
1.160000e-01	-3.774307e-01	3.684106e-01	-9.185200e-01	-8.366907e-01	-8.182930e-02
1.170000e-01	-3.808418e-01	3.712636e-01	-9.278905e-01	-8.447871e-01	-8.310346e-02
1.180000e-01	-3.844372e-01	3.742881e-01	-9.375329e-01	-8.532036e-01	-8.432926e-02
1.190000e-01	-3.882242e-01	3.775041e-01	-9.474096e-01	-8.619290e-01	-8.548057e-02
1.200000e-01	-3.922152e-01	3.809231e-01	-9.575669e-01	-8.709987e-01	-8.656824e-02
1.210000e-01	-3.964784e-01	3.846203e-01	-9.680761e-01	-8.805164e-01	-8.755969e-02
1.220000e-01	-4.010840e-01	3.886721e-01	-9.790782e-01	-8.906231e-01	-8.845512e-02
1.230000e-01	-4.059593e-01	3.930067e-01	-9.904349e-01	-9.011767e-01	-8.925816e-02
1.240000e-01	-4.110673e-01	3.975977e-01	-1.002124e+00	-9.121294e-01	-8.999488e-02
1.250000e-01	-4.160238e-01	4.020283e-01	-1.013554e+00	-9.228010e-01	-9.075332e-02
1.260000e-01	-4.206271e-01	4.060859e-01	-1.024473e+00	-9.328636e-01	-9.160929e-02
1.270000e-01	-4.248216e-01	4.097139e-01	-1.034710e+00	-9.421768e-01	-9.253360e-02
1.280000e-01	-4.289472e-01	4.133092e-01	-1.044773e+00	-9.513336e-01	-9.343918e-02
1.290000e-01	-4.331570e-01	4.170601e-01	-1.054776e+00	-9.605451e-01	-9.423105e-02
1.300000e-01	-4.375172e-01	4.210510e-01	-1.064848e+00	-9.699414e-01	-9.490698e-02
1.310000e-01	-4.421340e-01	4.253753e-01	-1.075121e+00	-9.796946e-01	-9.542660e-02
1.320000e-01	-4.470038e-01	4.300143e-01	-1.085653e+00	-9.898301e-01	-9.582248e-02
1.330000e-01	-4.520502e-01	4.348387e-01	-1.096370e+00	-1.000235e+00	-9.613463e-02
1.340000e-01	-4.571207e-01	4.396642e-01	-1.107145e+00	-1.010693e+00	-9.645158e-02
1.350000e-01	-4.620540e-01	4.443053e-01	-1.117720e+00	-1.020914e+00	-9.680617e-02
1.360000e-01	-4.667638e-01	4.486630e-01	-1.128040e+00	-1.030784e+00	-9.725609e-02
1.370000e-01	-4.712355e-01	4.527351e-01	-1.138021e+00	-1.040246e+00	-9.777478e-02
1.380000e-01	-4.755292e-01	4.566018e-01	-1.147747e+00	-1.049402e+00	-9.834410e-02
1.390000e-01	-4.796514e-01	4.602826e-01	-1.157163e+00	-1.058233e+00	-9.893024e-02
1.400000e-01	-4.836670e-01	4.638426e-01	-1.166413e+00	-1.066874e+00	-9.953962e-02
1.410000e-01	-4.876453e-01	4.673704e-01	-1.175524e+00	-1.075407e+00	-1.001165e-01
1.420000e-01	-4.916675e-01	4.709577e-01	-1.184638e+00	-1.083987e+00	-1.006517e-01
1.430000e-01	-4.957506e-01	4.746216e-01	-1.193741e+00	-1.092621e+00	-1.011200e-01
1.440000e-01	-4.999323e-01	4.784006e-01	-1.202945e+00	-1.101405e+00	-1.015404e-01
1.450000e-01	-5.041061e-01	4.821739e-01	-1.212067e+00	-1.110140e+00	-1.019274e-01
1.460000e-01	-5.082896e-01	4.859517e-01	-1.221196e+00	-1.118888e+00	-1.023085e-01
1.470000e-01	-5.124577e-01	4.897185e-01	-1.230242e+00	-1.127579e+00	-1.026634e-01
1.480000e-01	-5.166097e-01	4.934687e-01	-1.239264e+00	-1.136242e+00	-1.030221e-01
1.490000e-01	-5.206451e-01	4.970973e-01	-1.248073e+00	-1.144682e+00	-1.033917e-01
1.500000e-01	-5.245316e-01	5.005608e-01	-1.256690e+00	-1.152877e+00	-1.038135e-01
1.510000e-01	-5.282455e-01	5.038438e-01	-1.265010e+00	-1.160750e+00	-1.042594e-01
1.520000e-01	-5.318338e-01	5.069928e-01	-1.273148e+00	-1.168408e+00	-1.047400e-01
1.530000e-01	-5.353262e-01	5.100517e-01	-1.281063e+00	-1.175858e+00	-1.052054e-01
1.540000e-01	-5.388090e-01	5.131153e-01	-1.288924e+00	-1.183271e+00	-1.056529e-01
1.550000e-01	-5.422543e-01	5.161599e-01	-1.296624e+00	-1.190567e+00	-1.060579e-01
1.560000e-01	-5.456946e-01	5.192039e-01	-1.304272e+00	-1.197831e+00	-1.064415e-01
1.570000e-01	-5.491249e-01	5.222542e-01	-1.311797e+00	-1.205023e+00	-1.067734e-01
1.580000e-01	-5.525932e-01	5.253489e-01	-1.319341e+00	-1.212264e+00	-1.070771e-01
1.590000e-01	-5.560276e-01	5.284200e-01	-1.326748e+00	-1.219402e+00	-1.073466e-01
1.600000e-01	-5.594591e-01	5.314829e-01	-1.334144e+00	-1.226531e+00	-1.076129e-01
1.610000e-01	-5.628055e-01	5.344498e-01	-1.341375e+00	-1.233493e+00	-1.078818e-01
1.620000e-01	-5.661126e-01	5.373544e-01	-1.348563e+00	-1.240394e+00	-1.081691e-01
1.630000e-01	-5.693449e-01	5.401710e-01	-1.355586e+00	-1.247138e+00	-1.084481e-01
1.640000e-01	-5.725885e-01	5.429934e-01	-1.362613e+00	-1.253895e+00	-1.087179e-01
1.650000e-01	-5.758024e-01	5.457907e-01	-1.369522e+00	-1.260563e+00	-1.089584e-01
1.660000e-01	-5.790582e-01	5.486399e-01	-1.376465e+00	-1.267291e+00	-1.091744e-01
1.670000e-01	-5.822726e-01	5.514592e-01	-1.383277e+00	-1.273911e+00	-1.093660e-01
1.680000e-01	-5.854977e-01	5.542915e-01	-1.390098e+00	-1.280546e+00	-1.095512e-01
1.690000e-01	-5.886677e-01	5.570762e-01	-1.396774e+00	-1.287055e+00	-1.097192e-01
1.700000e-01	-5.918344e-01	5.598601e-01	-1.403434e+00	-1.293552e+00	-1.098828e-01
1.710000e-01	-5.949130e-01	5.625639e-01	-1.409901e+00	-1.299864e+00	-1.100377e-01
1.720000e-01	-5.979570e-01	5.652310e-01	-1.416315e+00	-1.306115e+00	-1.102007e-01
1.730000e-01	-6.009121e-01	5.678164e-01	-1.422537e+00	-1.312181e+00	-1.103564e-01
1.740000e-01	-6.038391e-01	5.703745e-01	-1.428712e+00	-1.318195e+00	-1.105170e-01
1.750000e-01	-6.067124e-01	5.728935e-01	-1.434744e+00	-1.324084e+00	-1.106597e-01
1.760000e-01	-6.095686e-01	5.754020e-01	-1.440736e+00	-1.329937e+00	-1.107995e-01
1.770000e-01	-6.123629e-01	5.778646e-01	-1.446565e+00	-1.335645e+00	-1.109196e-01
1.780000e-01	-6.151466e-01	5.803241e-01	-1.452363e+00	-1.341328e+00	-1.110349e-01
1.790000e-01	-6.178846e-01	5.827559e-01	-1.458027e+00	-1.346898e+00	-1.111287e-01
1.800000e-01	-6.205960e-01	5.851669e-01	-1.463640e+00	-1.352416e+00	-1.112242e-01
1.810000e-01	-6.232401e-01	5.875238e-01	-1.469098e+00	-1.357789e+00	-1.113088e-01
1.820000e-01	-6.258630e-01	5.898593e-01	-1.474524e+00	-1.363125e+00	-1.113991e-01
1.830000e-01	-6.284208e-01	5.921382e-01	-1.479800e+00	-1.368321e+00	-1.114793e-01
1.840000e-01	-6.309634e-01	5.944013e-01	-1.485053e+00	-1.373490e+00	-1.115630e-01
1.850000e-01	-6.334368e-01	5.966036e-01	-1.490147e+00	-1.378510e+00	-1.116367e-01
1.860000e-01	-6.358696e-01	5.987633e-01	-1.495179e+00	-1.383459e+00	-1.117200e-01
1.870000e-01	-6.382356e-01	6.008659e-01	-1.500057e+00	-1.388264e+00	-1.117931e-01
1.880000e-01	-6.405771e-01	6.029430e-01	-1.504898e+00	-1.393026e+00	-1.118722e-01
1.890000e-01	-6.428645e-01	6.049764e-01	-1.509606e+00	-1.397667e+00	-1.119383e-01
1.900000e-01	-6.451480e-01	6.070073e-01	-1.514305e+00	-1.402300e+00	-1.120043e-01
1.910000e-01	-6.473818e-01	6.090007e-01	-1.518872e+00	-1.406818e+00	-1.120544e-01
1.920000e-01	-6.496029e-01	6.109824e-01	-1.523421e+00	-1.411314e+00	-1.121079e-01
1.930000e-01	-6.517658e-01	6.129160e-01	-1.527831e+00	-1.415681e+00	-1.121497e-01
1.940000e-01	-6.539170e-01	6.148368e-01	-1.532226e+00	-1.420030e+00	-1.121958e-01
1.950000e-01	-6.560100e-01	6.167074e-01	-1.536484e+00	-1.424252e+00	-1.122319e-01
1.960000e-01	-6.581011e-01	6.185753e-01	-1.540747e+00	-1.428475e+00	-1.122726e-01
1.970000e-01	-6.601372e-01	6.203978e-01	-1.544883e+00	-1.432579e+00	-1.123045e-01
1.980000e-01	-6.621640e-01	6.222125e-01	-1.549006e+00	-1.436667e+00	-1.123389e-01
1.990000e-01	-6.641266e-01	6.239745e-01	-1.552984e+00	-1.440619e+00	-1.123656e-01
2.000000e-01	-6.660818e-01	6.257293e-01	-1.556952e+00	-1.444558e+00	-1.123943e-01
2.010000e-01	-6.679717e-01	6.274278e-01	-1.560776e+00	-1.448360e+00	-1.124165e-01
2.020000e-01	-6.698537e-01	6.291175e-01	-1.564593e+00	-1.452150e+00	-1.124429e-01
2.030000e-01	-6.716660e-01	6.307470e-01	-1.568258e+00	-1.455795e+00	-1.124630e-01
2.040000e-01	-6.734701e-01	6.323656e-01	-1.571918e+00	-1.459429e+00	-1.124887e-01
2.050000e-01	-6.752077e-01	6.339259e-01	-1.575437e+00	-1.462926e+00	-1.125107e-01
2.060000e-01	-6.769411e-01	6.354793e-01	-1.578953e+00	-1.466418e+00	-1.125353e-01
2.070000e-01	-6.786083e-01	6.369762e-01	-1.582333e+00	-1.469775e+00	-1.125579e-01
2.080000e-01	-6.802765e-01	6.384713e-01	-1.585712e+00	-1.473132e+00	-1.125794e-01
2.090000e-01	-6.818837e-01	6.399142e-01	-1.588962e+00	-1.476365e+00	-1.125974e-01
2.100000e-01	-6.835051e-01	6.413692e-01	-1.592233e+00	-1.479622e+00	-1.126116e-01
2.110000e-01	-6.850709e-01	6.427794e-01	-1.595388e+00	-1.482765e+00	-1.126230e-01
2.120000e-01	-6.866447e-01	6.441951e-01	-1.598551e+00	-1.485920e+00	-1.126309e-01
2.130000e-01	-6.881465e-01	6.455493e-01	-1.601572e+00	-1.488933e+00	-1.126397e-01
2.140000e-01	-6.896553e-01	6.469073e-01	-1.604609e+00	-1.491960e+00	-1.126490e-01
2.150000e-01	-6.911001e-01	6.482117e-01	-1.607512e+00	-1.494856e+00	-1.126561e-01
2.160000e-01	-6.925604e-01	6.495264e-01	-1.610449e+00	-1.497785e+00	-1.126641e-01
2.170000e-01	-6.939540e-01	6.507850e-01	-1.613247e+00	-1.500578e+00	-1.126696e-01
2.180000e-01	-6.953651e-01	6.520575e-01	-1.616074e+00	-1.503402e+00	-1.126720e-01
2.190000e-01	-6.967069e-01	6.532723e-01	-1.618759e+00	-1.506086e+00	-1.126726e-01
2.200000e-01	-6.980674e-01	6.545020e-01	-1.621477e+00	-1.508806e+00	-1.126712e-01
2.210000e-01	-6.993601e-01	6.556739e-01	-1.624054e+00	-1.511387e+00	-1.126669e-01
2.220000e-01	-7.006709e-01	6.568578e-01	-1.626674e+00	-1.514008e+00	-1.126661e-01
2.230000e-01	-7.019091e-01	6.579788e-01	-1.629154e+00	-1.516486e+00	-1.126680e-01
2.240000e-01	-7.031652e-01	6.591137e-01	-1.631669e+00	-1.519000e+00	-1.126693e-01
2.250000e-01	-7.043621e-01	6.601995e-01	-1.634053e+00	-1.521389e+00	-1.126647e-01
2.260000e-01	-7.055797e-01	6.613006e-01	-1.636478e+00	-1.523819e+00	-1.126595e-01
2.270000e-01	-7.067275e-01	6.623412e-01	-1.638769e+00	-1.526112e+00	-1.126568e-01
2.280000e-01	-7.078892e-01	6.633914e-01	-1.641093e+00	-1.528436e+00	-1.126572e-01
2.290000e-01	-7.089829e-01	6.643834e-01	-1.643274e+00	-1.530620e+00	-1.126540e-01
2.300000e-01	-7.101002e-01	6.653940e-01	-1.645504e+00	-1.532852e+00	-1.126515e-01
2.310000e-01	-7.111544e-01	6.663509e-01	-1.647607e+00	-1.534958e+00	-1.126490e-01
2.320000e-01	-7.122347e-01	6.673298e-01	-1.649758e+00	-1.537114e+00	-1.126444e-01
2.330000e-01	-7.132484e-01	6.682510e-01	-1.651780e+00	-1.539139e+00	-1.126416e-01
2.340000e-01	-7.142875e-01	6.691920e-01	-1.653851e+00	-1.541213e+00	-1.126380e-01
2.350000e-01	-7.152539e-01	6.700689e-01	-1.655773e+00	-1.543141e+00	-1.126328e-01
2.360000e-01	-7.162459e-01	6.709672e-01	-1.657752e+00	-1.545122e+00	-1.126299e-01
2.370000e-01	-7.171757e-01	6.718118e-01	-1.659602e+00	-1.546977e+00	-1.126254e-01
2.380000e-01	-7.181341e-01	6.726815e-01	-1.661509e+00	-1.548889e+00	-1.126205e-01
2.390000e-01	-7.190174e-01	6.734837e-01	-1.663269e+00	-1.550652e+00	-1.126172e-01
2.400000e-01	-7.199277e-01	6.743086e-01	-1.665088e+00	-1.552472e+00	-1.126162e-01
2.410000e-01	-7.207781e-01	6.750815e-01	-1.666782e+00	-1.554169e+00	-1.126127e-01
2.420000e-01	-7.216618e-01	6.758841e-01	-1.668540e+00	-1.555932e+00	-1.126080e-01
2.430000e-01	-7.224756e-01	6.766246e-01	-1.670161e+00	-1.557556e+00	-1.126048e-01
2.440000e-01	-7.233231e-01	6.773960e-01	-1.671843e+00	-1.559245e+00	-1.125985e-01
2.450000e-01	-7.241030e-01	6.781060e-01	-1.673395e+00	-1.560800e+00	-1.125944e-01
2.460000e-01	-7.249140e-01	6.788422e-01	-1.675014e+00	-1.562421e+00	-1.125928e-01
2.470000e-01	-7.256581e-01	6.795184e-01	-1.676497e+00	-1.563906e+00	-1.125901e-01
2.480000e-01	-7.264300e-01	6.802190e-01	-1.678035e+00	-1.565448e+00	-1.125875e-01
2.490000e-01	-7.271445e-01	6.808695e-01	-1.679454e+00	-1.566871e+00	-1.125824e-01
2.500000e-01	-7.278901e-01	6.815484e-01	-1.680936e+00	-1.568358e+00	-1.125779e-01
2.510000e-01	-7.285749e-01	6.821742e-01	-1.682293e+00	-1.569721e+00	-1.125713e-01
2.520000e-01	-7.292846e-01	6.828210e-01	-1.683696e+00	-1.571133e+00	-1.125635e-01
2.530000e-01	-7.299388e-01	6.834178e-01	-1.685000e+00	-1.572439e+00	-1.125610e-01
2.540000e-01	-7.306207e-01	6.840377e-01	-1.686353e+00	-1.573797e+00	-1.125560e-01
2.550000e-01	-7.312407e-01	6.846013e-01	-1.687590e+00	-1.575036e+00	-1.125543e-01
2.560000e-01	-7.318934e-01	6.851955e-01	-1.688883e+00	-1.576335e+00	-1.125480e-01
2.570000e-01	-7.324853e-01	6.857343e-01	-1.690062e+00	-1.577516e+00	-1.125457e-01
2.580000e-01	-7.331121e-01	6.863050e-01	-1.691314e+00	-1.578769e+00	-1.125449e-01
2.590000e-01	-7.336849e-01	6.868281e-01	-1.692451e+00	-1.579910e+00	-1.125406e-01
2.600000e-01	-7.342813e-01	6.873707e-01	-1.693631e+00	-1.581097e+00	-1.125343e-01
2.610000e-01	-7.348192e-01	6.878603e-01	-1.694704e+00	-1.582171e+00	-1.125326e-01
2.620000e-01	-7.353911e-01	6.883818e-01	-1.695838e+00	-1.583310e+00	-1.125280e-01
2.630000e-01	-7.359151e-01	6.888629e-01	-1.696873e+00	-1.584352e+00	-1.125213e-01
2.640000e-01	-7.364729e-01	6.893749e-01	-1.697971e+00	-1.585459e+00	-1.125127e-01
2.650000e-01	-7.369838e-01	6.898452e-01	-1.698974e+00	-1.586471e+00	-1.125030e-01
2.660000e-01	-7.375180e-01	6.903334e-01	-1.700026e+00	-1.587531e+00	-1.124949e-01
2.670000e-01	-7.379918e-01	6.907661e-01	-1.700965e+00	-1.588474e+00	-1.124906e-01
2.680000e-01	-7.384834e-01	6.912141e-01	-1.701948e+00	-1.589457e+00	-1.124905e-01
2.690000e-01	-7.389219e-01	6.916151e-01	-1.702825e+00	-1.590334e+00	-1.124904e-01
2.700000e-01	-7.394001e-01	6.920525e-01	-1.703780e+00	-1.591290e+00	-1.124899e-01
2.710000e-01	-7.398333e-01	6.924508e-01	-1.704634e+00	-1.592150e+00	-1.124836e-01
2.720000e-01	-7.403086e-01	6.928876e-01	-1.705561e+00	-1.593089e+00	-1.124718e-01
2.730000e-01	-7.407318e-01	6.932767e-01	-1.706396e+00	-1.593930e+00	-1.124661e-01
2.740000e-01	-7.411725e-01	6.936784e-01	-1.707274e+00	-1.594810e+00	-1.124645e-01
2.750000e-01	-7.415525e-01	6.940248e-01	-1.708038e+00	-1.595571e+00	-1.124665e-01
2.760000e-01	-7.419626e-01	6.943988e-01	-1.708858e+00	-1.596392e+00	-1.124666e-01
2.770000e-01	-7.423298e-01	6.947359e-01	-1.709586e+00	-1.597123e+00	-1.124630e-01
2.780000e-01	-7.427376e-01	6.951102e-01	-1.710384e+00	-1.597930e+00	-1.124545e-01
2.790000e-01	-7.431052e-01	6.954510e-01	-1.711098e+00	-1.598654e+00	-1.124439e-01
2.800000e-01	-7.435073e-01	6.958226e-01	-1.711885e+00	-1.599450e+00	-1.124350e-01
2.810000e-01	-7.438480e-01	6.961370e-01	-1.712557e+00	-1.600127e+00	-1.124306e-01
2.820000e-01	-7.442158e-01	6.964733e-01	-1.713292e+00	-1.600862e+00	-1.124302e-01
2.830000e-01	-7.445336e-01	6.967646e-01	-1.713924e+00	-1.601496e+00	-1.124285e-01
2.840000e-01	-7.448850e-01	6.970861e-01	-1.714616e+00	-1.602193e+00	-1.124231e-01
2.850000e-01	-7.451855e-01	6.973614e-01	-1.715210e+00	-1.602790e+00	-1.124194e-01
2.860000e-01	-7.455312e-01	6.976787e-01	-1.715895e+00	-1.603479e+00	-1.124164e-01
2.870000e-01	-7.458237e-01	6.979487e-01	-1.716466e+00	-1.604057e+00	-1.124095e-01
2.880000e-01	-7.461502e-01	6.982494e-01	-1.717111e+00	-1.604706e+00	-1.124054e-01
2.890000e-01	-7.464314e-01	6.985090e-01	-1.717662e+00	-1.605262e+00	-1.123995e-01
2.900000e-01	-7.467467e-01	6.987986e-01	-1.718280e+00	-1.605887e+00	-1.123934e-01
2.910000e-01	-7.470076e-01	6.990387e-01	-1.718789e+00	-1.606402e+00	-1.123867e-01
2.920000e-01	-7.473071e-01	6.993134e-01	-1.719383e+00	-1.606999e+00	-1.123845e-01
2.930000e-01	-7.475520e-01	6.995394e-01	-1.719861e+00	-1.607482e+00	-1.123785e-01
2.940000e-01	-7.478407e-01	6.998054e-01	-1.720438e+00	-1.608060e+00	-1.123784e-01
2.950000e-01	-7.480768e-01	7.000239e-01	-1.720907e+00	-1.608530e+00	-1.123765e-01
2.960000e-01	-7.483548e-01	7.002809e-01	-1.721456e+00	-1.609083e+00	-1.123730e-01
2.970000e-01	-7.485826e-01	7.004924e-01	-1.721896e+00	-1.609531e+00	-1.123652e-01
2.980000e-01	-7.488564e-01	7.007457e-01	-1.722437e+00	-1.610075e+00	-1.123623e-01
2.990000e-01	-7.490838e-01	7.009589e-01	-1.722869e+00	-1.610518e+00	-1.123507e-01
3.000000e-01	-7.493465e-01	7.012029e-01	-1.723367e+00	-1.611030e+00	-1.123372e-01
3.010000e-01	-7.495565e-01	7.013964e-01	-1.723777e+00	-1.611445e+00	-1.123318e-01
3.020000e-01	-7.497951e-01	7.016128e-01	-1.724261e+00	-1.611926e+00	-1.123354e-01
3.030000e-01	-7.499797e-01	7.017798e-01	-1.724628e+00	-1.612294e+00	-1.123342e-01
3.040000e-01	-7.502106e-01	7.019919e-01	-1.725086e+00	-1.612754e+00	-1.123326e-01
3.050000e-01	-7.503940e-01	7.021621e-01	-1.725448e+00	-1.613118e+00	-1.123302e-01
3.060000e-01	-7.506237e-01	7.023770e-01	-1.725903e+00	-1.613575e+00	-1.123277e-01
3.070000e-01	-7.508070e-01	7.025494e-01	-1.726252e+00	-1.613933e+00	-1.123189e-01
3.080000e-01	-7.510273e-01	7.027551e-01	-1.726674e+00	-1.614364e+00	-1.123097e-01
3.090000e-01	-7.511931e-01	7.029078e-01	-1.726998e+00	-1.614692e+00	-1.123058e-01
3.100000e-01	-7.513976e-01	7.030957e-01	-1.727410e+00	-1.615102e+00	-1.123071e-01
3.110000e-01	-7.515510e-01	7.032362e-01	-1.727712e+00	-1.615407e+00	-1.123050e-01
3.120000e-01	-7.517542e-01	7.034243e-01	-1.728114e+00	-1.615811e+00	-1.123027e-01
3.130000e-01	-7.519063e-01	7.035647e-01	-1.728413e+00	-1.616113e+00	-1.123004e-01
3.140000e-01	-7.521012e-01	7.037454e-01	-1.728788e+00	-1.616495e+00	-1.122928e-01
3.150000e-01	-7.522406e-01	7.038741e-01	-1.729060e+00	-1.616771e+00	-1.122895e-01
3.160000e-01	-7.524257e-01	7.040466e-01	-1.729424e+00	-1.617138e+00	-1.122863e-01
3.170000e-01	-7.525543e-01	7.041638e-01	-1.729685e+00	-1.617397e+00	-1.122880e-01
3.180000e-01	-7.527277e-01	7.043242e-01	-1.730027e+00	-1.617741e+00	-1.122856e-01
3.190000e-01	-7.528602e-01	7.044467e-01	-1.730290e+00	-1.618005e+00	-1.122849e-01
3.200000e-01	-7.530359e-01	7.046121e-01	-1.730628e+00	-1.618350e+00	-1.122783e-01
3.210000e-01	-7.531580e-01	7.047257e-01	-1.730864e+00	-1.618590e+00	-1.122741e-01
3.220000e-01	-7.533213e-01	7.048784e-01	-1.731188e+00	-1.618915e+00	-1.122729e-01
3.230000e-01	-7.534307e-01	7.049776e-01	-1.731411e+00	-1.619136e+00	-1.122745e-01
3.240000e-01	-7.535793e-01	7.051154e-01	-1.731704e+00	-1.619431e+00	-1.122728e-01
3.250000e-01	-7.536808e-01	7.052062e-01	-1.731904e+00	-1.619633e+00	-1.122710e-01
3.260000e-01	-7.538359e-01	7.053503e-01	-1.732207e+00	-1.619940e+00	-1.122678e-01
3.270000e-01	-7.539418e-01	7.054481e-01	-1.732412e+00	-1.620148e+00	-1.122643e-01
3.280000e-01	-7.540897e-01	7.055893e-01	-1.732696e+00	-1.620438e+00	-1.122584e-01
3.290000e-01	-7.541829e-01	7.056750e-01	-1.732882e+00	-1.620624e+00	-1.122581e-01
3.300000e-01	-7.543184e-01	7.058014e-01	-1.733154e+00	-1.620896e+00	-1.122588e-01
3.310000e-01	-7.544109e-01	7.058845e-01	-1.733340e+00	-1.621081e+00	-1.122593e-01
3.320000e-01	-7.545458e-01	7.060103e-01	-1.733597e+00	-1.621344e+00	-1.122525e-01
3.330000e-01	-7.546321e-01	7.060888e-01	-1.733766e+00	-1.621515e+00	-1.122510e-01
3.340000e-01	-7.547574e-01	7.062069e-01	-1.734015e+00	-1.621765e+00	-1.122503e-01
3.350000e-01	-7.548334e-01	7.062768e-01	-1.734167e+00	-1.621917e+00	-1.122500e-01
3.360000e-01	-7.549589e-01	7.063953e-01	-1.734412e+00	-1.622165e+00	-1.122473e-01
3.370000e-01	-7.550395e-01	7.064691e-01	-1.734571e+00	-1.622325e+00	-1.122462e-01
3.380000e-01	-7.551621e-01	7.065844e-01	-1.734804e+00	-1.622564e+00	-1.122396e-01
3.390000e-01	-7.552346e-01	7.066495e-01	-1.734950e+00	-1.622710e+00	-1.122402e-01
3.400000e-01	-7.553462e-01	7.067540e-01	-1.735168e+00	-1.622930e+00	-1.122379e-01
3.410000e-01	-7.554169e-01	7.068187e-01	-1.735304e+00	-1.623069e+00	-1.122352e-01
3.420000e-01	-7.555288e-01	7.069242e-01	-1.735527e+00	-1.623292e+00	-1.122346e-01
3.430000e-01	-7.555928e-01	7.069818e-01	-1.735658e+00	-1.623422e+00	-1.122363e-01
3.440000e-01	-7.556962e-01	7.070792e-01	-1.735856e+00	-1.623624e+00	-1.122321e-01
3.450000e-01	-7.557488e-01	7.071262e-01	-1.735966e+00	-1.623732e+00	-1.122339e-01
3.460000e-01	-7.558498e-01	7.072220e-01	-1.736163e+00	-1.623932e+00	-1.122320e-01
3.470000e-01	-7.559088e-01	7.072767e-01	-1.736276e+00	-1.624047e+00	-1.122292e-01
3.480000e-01	-7.560071e-01	7.073701e-01	-1.736465e+00	-1.624240e+00	-1.122255e-01
3.490000e-01	-7.560639e-01	7.074224e-01	-1.736572e+00	-1.624350e+00	-1.122220e-01
3.500000e-01	-7.561637e-01	7.075161e-01	-1.736761e+00	-1.624544e+00	-1.122168e-01
3.510000e-01	-7.562180e-01	7.075653e-01	-1.736871e+00	-1.624654e+00	-1.122176e-01
3.520000e-01	-7.563009e-01	7.076422e-01	-1.737039e+00	-1.624821e+00	-1.122187e-01
3.530000e-01	-7.563369e-01	7.076736e-01	-1.737115e+00	-1.624895e+00	-1.122207e-01
3.540000e-01	-7.564269e-01	7.077581e-01	-1.737293e+00	-1.625073e+00	-1.122195e-01
3.550000e-01	-7.564797e-01	7.078073e-01	-1.737391e+00	-1.625175e+00	-1.122159e-01
3.560000e-01	-7.565720e-01	7.078961e-01	-1.737557e+00	-1.625350e+00	-1.122065e-01
3.570000e-01	-7.566115e-01	7.079325e-01	-1.737633e+00	-1.625428e+00	-1.122051e-01
3.580000e-01	-7.566934e-01	7.080089e-01	-1.737798e+00	-1.625593e+00	-1.122057e-01
3.590000e-01	-7.567238e-01	7.080350e-01	-1.737867e+00	-1.625657e+00	-1.122096e-01
3.600000e-01	-7.568018e-01	7.081072e-01	-1.738022e+00	-1.625813e+00	-1.122094e-01
3.610000e-01	-7.568313e-01	7.081337e-01	-1.738086e+00	-1.625875e+00	-1.122119e-01
3.620000e-01	-7.569067e-01	7.082050e-01	-1.738230e+00	-1.626022e+00	-1.122085e-01
3.630000e-01	-7.569454e-01	7.082420e-01	-1.738300e+00	-1.626096e+00	-1.122048e-01
3.640000e-01	-7.570230e-01	7.083160e-01	-1.738446e+00	-1.626246e+00	-1.122000e-01
3.650000e-01	-7.570536e-01	7.083429e-01	-1.738502e+00	-1.626305e+00	-1.121975e-01
3.660000e-01	-7.571215e-01	7.084057e-01	-1.738635e+00	-1.626439e+00	-1.121960e-01
3.670000e-01	-7.571417e-01	7.084216e-01	-1.738683e+00	-1.626483e+00	-1.122000e-01
3.680000e-01	-7.572024e-01	7.084781e-01	-1.738805e+00	-1.626605e+00	-1.121998e-01
3.690000e-01	-7.572270e-01	7.085013e-01	-1.738852e+00	-1.626653e+00	-1.121992e-01
3.700000e-01	-7.573030e-01	7.085751e-01	-1.738994e+00	-1.626800e+00	-1.121940e-01
3.710000e-01	-7.573268e-01	7.085975e-01	-1.739040e+00	-1.626847e+00	-1.121931e-01
3.720000e-01	-7.573929e-01	7.086608e-01	-1.739163e+00	-1.626974e+00	-1.121885e-01
3.730000e-01	-7.574102e-01	7.086754e-01	-1.739197e+00	-1.627008e+00	-1.121881e-01
3.740000e-01	-7.574695e-01	7.087307e-01	-1.739314e+00	-1.627126e+00	-1.121873e-01
3.750000e-01	-7.574904e-01	7.087485e-01	-1.739357e+00	-1.627169e+00	-1.121880e-01
3.760000e-01	-7.575471e-01	7.088019e-01	-1.739470e+00	-1.627282e+00	-1.121881e-01
3.770000e-01	-7.575623e-01	7.088152e-01	-1.739504e+00	-1.627314e+00	-1.121897e-01
3.780000e-01	-7.576237e-01	7.088739e-01	-1.739619e+00	-1.627433e+00	-1.121857e-01
3.790000e-01	-7.576438e-01	7.088933e-01	-1.739656e+00	-1.627472e+00	-1.121841e-01
3.800000e-01	-7.577029e-01	7.089500e-01	-1.739763e+00	-1.627585e+00	-1.121787e-01
3.810000e-01	-7.577119e-01	7.089570e-01	-1.739782e+00	-1.627603e+00	-1.121793e-01
3.820000e-01	-7.577657e-01	7.090066e-01	-1.739892e+00	-1.627712e+00	-1.121805e-01
3.830000e-01	-7.577759e-01	7.090138e-01	-1.739916e+00	-1.627734e+00	-1.121819e-01
3.840000e-01	-7.578315e-01	7.090670e-01	-1.740022e+00	-1.627842e+00	-1.121794e-01
3.850000e-01	-7.578400e-01	7.090753e-01	-1.740040e+00	-1.627860e+00	-1.121801e-01
3.860000e-01	-7.578988e-01	7.091337e-01	-1.740148e+00	-1.627973e+00	-1.121753e-01
3.870000e-01	-7.579086e-01	7.091425e-01	-1.740163e+00	-1.627990e+00	-1.121729e-01
3.880000e-01	-7.579633e-01	7.091940e-01	-1.740268e+00	-1.628098e+00	-1.121709e-01
3.890000e-01	-7.579678e-01	7.091966e-01	-1.740276e+00	-1.628106e+00	-1.121704e-01
3.900000e-01	-7.580157e-01	7.092416e-01	-1.740373e+00	-1.628202e+00	-1.121706e-01
3.910000e-01	-7.580168e-01	7.092410e-01	-1.740383e+00	-1.628209e+00	-1.121748e-01
3.920000e-01	-7.580618e-01	7.092833e-01	-1.740469e+00	-1.628296e+00	-1.121725e-01
3.930000e-01	-7.580664e-01	7.092874e-01	-1.740472e+00	-1.628303e+00	-1.121697e-01
3.940000e-01	-7.581157e-01	7.093358e-01	-1.740567e+00	-1.628399e+00	-1.121678e-01
3.950000e-01	-7.581251e-01	7.093456e-01	-1.740580e+00	-1.628415e+00	-1.121647e-01
3.960000e-01	-7.581716e-01	7.093895e-01	-1.740672e+00	-1.628507e+00	-1.121643e-01
3.970000e-01	-7.581656e-01	7.093815e-01	-1.740667e+00	-1.628499e+00	-1.121678e-01
3.980000e-01	-7.582052e-01	7.094185e-01	-1.740747e+00	-1.628579e+00	-1.121683e-01
3.990000e-01	-7.582107e-01	7.094244e-01	-1.740753e+00	-1.628587e+00	-1.121656e-01
4.000000e-01	-7.582622e-01	7.094738e-01	-1.740848e+00	-1.628686e+00	-1.121619e-01
4.010000e-01	-7.582676e-01	7.094788e-01	-1.740855e+00	-1.628695e+00	-1.121601e-01
4.020000e-01	-7.583087e-01	7.095169e-01	-1.740940e+00	-1.628778e+00	-1.121611e-01
4.030000e-01	-7.583014e-01	7.095081e-01	-1.740938e+00	-1.628770e+00	-1.121675e-01
4.040000e-01	-7.583399e-01	7.095444e-01	-1.741008e+00	-1.628844e+00	-1.121641e-01
4.050000e-01	-7.583405e-01	7.095454e-01	-1.741002e+00	-1.628841e+00	-1.121605e-01
4.060000e-01	-7.583875e-01	7.095905e-01	-1.741095e+00	-1.628935e+00	-1.121601e-01
4.070000e-01	-7.583935e-01	7.095952e-01	-1.741107e+00	-1.628947e+00	-1.121598e-01
4.080000e-01	-7.584363e-01	7.096359e-01	-1.741185e+00	-1.629029e+00	-1.121560e-01
4.090000e-01	-7.584229e-01	7.096217e-01	-1.741167e+00	-1.629006e+00	-1.121607e-01
4.100000e-01	-7.584520e-01	7.096491e-01	-1.741230e+00	-1.629067e+00	-1.121628e-01
4.110000e-01	-7.584450e-01	7.096430e-01	-1.741213e+00	-1.629051e+00	-1.121613e-01
4.120000e-01	-7.584865e-01	7.096831e-01	-1.741291e+00	-1.629132e+00	-1.121589e-01
4.130000e-01	-7.584836e-01	7.096806e-01	-1.741284e+00	-1.629126e+00	-1.121585e-01
4.140000e-01	-7.585236e-01	7.097181e-01	-1.741360e+00	-1.629204e+00	-1.121564e-01
4.150000e-01	-7.585178e-01	7.097111e-01	-1.741346e+00	-1.629191e+00	-1.121553e-01
4.160000e-01	-7.585558e-01	7.097475e-01	-1.741420e+00	-1.629266e+00	-1.121540e-01
4.170000e-01	-7.585514e-01	7.097431e-01	-1.741417e+00	-1.629260e+00	-1.121570e-01
4.180000e-01	-7.585878e-01	7.097778e-01	-1.741490e+00	-1.629333e+00	-1.121574e-01
4.190000e-01	-7.585755e-01	7.097650e-01	-1.741468e+00	-1.629310e+00	-1.121587e-01
4.200000e-01	-7.586035e-01	7.097910e-01	-1.741523e+00	-1.629365e+00	-1.121581e-01
4.210000e-01	-7.585934e-01	7.097809e-01	-1.741502e+00	-1.629344e+00	-1.121575e-01
4.220000e-01	-7.586324e-01	7.098175e-01	-1.741579e+00	-1.629422e+00	-1.121570e-01
4.230000e-01	-7.586326e-01	7.098184e-01	-1.741577e+00	-1.629421e+00	-1.121556e-01
4.240000e-01	-7.586676e-01	7.098525e-01	-1.741641e+00	-1.629488e+00	-1.121529e-01
4.250000e-01	-7.586580e-01	7.098434e-01	-1.741621e+00	-1.629468e+00	-1.121524e-01
4.260000e-01	-7.586854e-01	7.098691e-01	-1.741679e+00	-1.629525e+00	-1.121541e-01
4.270000e-01	-7.586733e-01	7.098563e-01	-1.741658e+00	-1.629502e+00	-1.121558e-01
4.280000e-01	-7.587089e-01	7.098898e-01	-1.741727e+00	-1.629572e+00	-1.121545e-01
4.290000e-01	-7.586947e-01	7.098749e-01	-1.741698e+00	-1.629543e+00	-1.121541e-01
4.300000e-01	-7.587305e-01	7.099086e-01	-1.741768e+00	-1.629615e+00	-1.121536e-01
4.310000e-01	-7.587248e-01	7.099044e-01	-1.741754e+00	-1.629602e+00	-1.121521e-01
4.320000e-01	-7.587591e-01	7.099380e-01	-1.741823e+00	-1.629670e+00	-1.121523e-01
4.330000e-01	-7.587416e-01	7.099214e-01	-1.741794e+00	-1.629639e+00	-1.121553e-01
4.340000e-01	-7.587703e-01	7.099484e-01	-1.741850e+00	-1.629695e+00	-1.121547e-01
4.350000e-01	-7.587614e-01	7.099401e-01	-1.741826e+00	-1.629674e+00	-1.121515e-01
4.360000e-01	-7.587973e-01	7.099754e-01	-1.741889e+00	-1.629742e+00	-1.121470e-01
4.370000e-01	-7.587860e-01	7.099640e-01	-1.741867e+00	-1.629720e+00	-1.121476e-01
4.380000e-01	-7.588141e-01	7.099902e-01	-1.741923e+00	-1.629775e+00	-1.121473e-01
4.390000e-01	-7.588005e-01	7.099767e-01	-1.741899e+00	-1.629750e+00	-1.121488e-01
4.400000e-01	-7.588311e-01	7.100049e-01	-1.741959e+00	-1.629811e+00	-1.121485e-01
4.410000e-01	-7.588184e-01	7.099929e-01	-1.741932e+00	-1.629784e+00	-1.121474e-01
4.420000e-01	-7.588526e-01	7.100258e-01	-1.741996e+00	-1.629851e+00	-1.121453e-01
4.430000e-01	-7.588356e-01	7.100091e-01	-1.741967e+00	-1.629819e+00	-1.121480e-01
4.440000e-01	-7.588612e-01	7.100327e-01	-1.742024e+00	-1.629873e+00	-1.121509e-01
4.450000e-01	-7.588393e-01	7.100112e-01	-1.741989e+00	-1.629834e+00	-1.121554e-01
4.460000e-01	-7.588660e-01	7.100364e-01	-1.742040e+00	-1.629886e+00	-1.121542e-01
4.470000e-01	-7.588586e-01	7.100301e-01	-1.742021e+00	-1.629869e+00	-1.121517e-01
4.480000e-01	-7.588952e-01	7.100660e-01	-1.742087e+00	-1.629939e+00	-1.121484e-01
4.490000e-01	-7.588804e-01	7.100519e-01	-1.742061e+00	-1.629911e+00	-1.121502e-01
4.500000e-01	-7.589117e-01	7.100812e-01	-1.742122e+00	-1.629973e+00	-1.121493e-01
4.510000e-01	-7.588989e-01	7.100689e-01	-1.742093e+00	-1.629946e+00	-1.121478e-01
4.520000e-01	-7.589252e-01	7.100926e-01	-1.742143e+00	-1.629997e+00	-1.121464e-01
4.530000e-01	-7.589012e-01	7.100691e-01	-1.742100e+00	-1.629951e+00	-1.121486e-01
4.540000e-01	-7.589277e-01	7.100947e-01	-1.742153e+00	-1.630004e+00	-1.121488e-01
4.550000e-01	-7.589169e-01	7.100848e-01	-1.742131e+00	-1.629982e+00	-1.121486e-01
4.560000e-01	-7.589462e-01	7.101139e-01	-1.742186e+00	-1.630039e+00	-1.121468e-01
4.570000e-01	-7.589291e-01	7.100980e-01	-1.742153e+00	-1.630005e+00	-1.121474e-01
4.580000e-01	-7.589510e-01	7.101179e-01	-1.742199e+00	-1.630051e+00	-1.121486e-01
4.590000e-01	-7.589333e-01	7.101018e-01	-1.742166e+00	-1.630016e+00	-1.121497e-01
4.600000e-01	-7.589622e-01	7.101304e-01	-1.742216e+00	-1.630070e+00	-1.121456e-01
4.610000e-01	-7.589401e-01	7.101085e-01	-1.742173e+00	-1.630027e+00	-1.121463e-01
4.620000e-01	-7.589665e-01	7.101311e-01	-1.742231e+00	-1.630082e+00	-1.121488e-01
4.630000e-01	-7.589554e-01	7.101213e-01	-1.742204e+00	-1.630057e+00	-1.121466e-01
4.640000e-01	-7.589893e-01	7.101552e-01	-1.742262e+00	-1.630120e+00	-1.121416e-01
4.650000e-01	-7.589743e-01	7.101420e-01	-1.742231e+00	-1.630090e+00	-1.121411e-01
4.660000e-01	-7.589967e-01	7.101629e-01	-1.742282e+00	-1.630138e+00	-1.121442e-01
4.670000e-01	-7.589732e-01	7.101395e-01	-1.742241e+00	-1.630094e+00	-1.121475e-01
4.680000e-01	-7.590035e-01	7.101693e-01	-1.742291e+00	-1.630149e+00	-1.121420e-01
4.690000e-01	-7.589878e-01	7.101548e-01	-1.742258e+00	-1.630117e+00	-1.121412e-01
4.700000e-01	-7.590089e-01	7.101736e-01	-1.742303e+00	-1.630160e+00	-1.121424e-01
4.710000e-01	-7.589927e-01	7.101585e-01	-1.742271e+00	-1.630128e+00	-1.121428e-01
4.720000e-01	-7.590212e-01	7.101851e-01	-1.742326e+00	-1.630184e+00	-1.121418e-01
4.730000e-01	-7.590020e-01	7.101667e-01	-1.742291e+00	-1.630147e+00	-1.121435e-01
4.740000e-01	-7.590280e-01	7.101913e-01	-1.742347e+00	-1.630201e+00	-1.121454e-01
4.750000e-01	-7.590084e-01	7.101723e-01	-1.742310e+00	-1.630163e+00	-1.121465e-01
4.760000e-01	-7.590365e-01	7.101991e-01	-1.742361e+00	-1.630217e+00	-1.121439e-01
4.770000e-01	-7.590207e-01	7.101839e-01	-1.742330e+00	-1.630186e+00	-1.121442e-01
4.780000e-01	-7.590515e-01	7.102135e-01	-1.742388e+00	-1.630245e+00	-1.121423e-01
4.790000e-01	-7.590299e-01	7.101919e-01	-1.742350e+00	-1.630205e+00	-1.121452e-01
4.800000e-01	-7.590587e-01	7.102195e-01	-1.742400e+00	-1.630259e+00	-1.121415e-01
4.810000e-01	-7.590377e-01	7.102007e-01	-1.742362e+00	-1.630219e+00	-1.121434e-01
4.820000e-01	-7.590624e-01	7.102237e-01	-1.742411e+00	-1.630268e+00	-1.121432e-01
4.830000e-01	-7.590428e-01	7.102049e-01	-1.742376e+00	-1.630231e+00	-1.121452e-01
4.840000e-01	-7.590707e-01	7.102323e-01	-1.742426e+00	-1.630284e+00	-1.121422e-01
4.850000e-01	-7.590471e-01	7.102085e-01	-1.742383e+00	-1.630239e+00	-1.121445e-01
4.860000e-01	-7.590709e-01	7.102295e-01	-1.742433e+00	-1.630288e+00	-1.121458e-01
4.870000e-01	-7.590539e-01	7.102127e-01	-1.742400e+00	-1.630254e+00	-1.121459e-01
4.880000e-01	-7.590776e-01	7.102362e-01	-1.742446e+00	-1.630301e+00	-1.121453e-01
4.890000e-01	-7.590583e-01	7.102190e-01	-1.742409e+00	-1.630263e+00	-1.121462e-01
4.900000e-01	-7.590926e-01	7.102535e-01	-1.742473e+00	-1.630329e+00	-1.121438e-01
4.910000e-01	-7.590757e-01	7.102374e-01	-1.742436e+00	-1.630294e+00	-1.121424e-01
4.920000e-01	-7.590970e-01	7.102558e-01	-1.742480e+00	-1.630337e+00	-1.121433e-01
4.930000e-01	-7.590724e-01	7.102313e-01	-1.742429e+00	-1.630287e+00	-1.121422e-01
4.940000e-01	-7.590957e-01	7.102531e-01	-1.742477e+00	-1.630334e+00	-1.121427e-01
4.950000e-01	-7.590819e-01	7.102406e-01	-1.742448e+00	-1.630306e+00	-1.121420e-01
4.960000e-01	-7.591071e-01	7.102659e-01	-1.742496e+00	-1.630355e+00	-1.121408e-01
4.970000e-01	-7.590811e-01	7.102398e-01	-1.742453e+00	-1.630308e+00	-1.121455e-01
4.980000e-01	-7.591112e-01	7.102686e-01	-1.742516e+00	-1.630369e+00	-1.121469e-01
4.990000e-01	-7.590965e-01	7.102543e-01	-1.742486e+00	-1.630339e+00	-1.121463e-01
5.000000e-01	-7.591150e-01	7.102709e-01	-1.742520e+00	-1.630375e+00	-1.121450e-01
5.010000e-01	-7.590911e-01	7.102488e-01	-1.742476e+00	-1.630329e+00	-1.121467e-01
5.020000e-01	-7.591143e-01	7.102709e-01	-1.742521e+00	-1.630375e+00	-1.121462e-01
5.030000e-01	-7.590957e-01	7.102536e-01	-1.742482e+00	-1.630337e+00	-1.121452e-01
5.040000e-01	-7.591273e-01	7.102852e-01	-1.742538e+00	-1.630396e+00	-1.121415e-01
5.050000e-01	-7.591097e-01	7.102686e-01	-1.742503e+00	-1.630361e+00	-1.121418e-01
5.060000e-01	-7.591313e-01	7.102892e-01	-1.742548e+00	-1.630406e+00	-1.121429e-01
5.070000e-01	-7.591145e-01	7.102724e-01	-1.742516e+00	-1.630372e+00	-1.121434e-01
5.080000e-01	-7.591357e-01	7.102923e-01	-1.742553e+00	-1.630412e+00	-1.121405e-01
5.090000e-01	-7.591078e-01	7.102643e-01	-1.742502e+00	-1.630359e+00	-1.121432e-01
5.100000e-01	-7.591287e-01	7.102843e-01	-1.742544e+00	-1.630401e+00	-1.121433e-01
5.110000e-01	-7.591171e-01	7.102745e-01	-1.742518e+00	-1.630376e+00	-1.121421e-01
5.120000e-01	-7.591394e-01	7.102963e-01	-1.742559e+00	-1.630419e+00	-1.121402e-01
5.130000e-01	-7.591157e-01	7.102738e-01	-1.742516e+00	-1.630374e+00	-1.121425e-01
5.140000e-01	-7.591380e-01	7.102947e-01	-1.742564e+00	-1.630420e+00	-1.121443e-01
5.150000e-01	-7.591210e-01	7.102782e-01	-1.742535e+00	-1.630388e+00	-1.121463e-01
5.160000e-01	-7.591464e-01	7.103036e-01	-1.742575e+00	-1.630434e+00	-1.121410e-01
5.170000e-01	-7.591244e-01	7.102827e-01	-1.742529e+00	-1.630389e+00	-1.121399e-01
5.180000e-01	-7.591497e-01	7.103064e-01	-1.742572e+00	-1.630436e+00	-1.121364e-01
5.190000e-01	-7.591343e-01	7.102912e-01	-1.742546e+00	-1.630407e+00	-1.121387e-01
5.200000e-01	-7.591592e-01	7.103154e-01	-1.742598e+00	-1.630458e+00	-1.121397e-01
5.210000e-01	-7.591342e-01	7.102911e-01	-1.742550e+00	-1.630409e+00	-1.121408e-01
5.220000e-01	-7.591605e-01	7.103153e-01	-1.742600e+00	-1.630461e+00	-1.121395e-01
5.230000e-01	-7.591444e-01	7.103005e-01	-1.742571e+00	-1.630430e+00	-1.121411e-01
5.240000e-01	-7.591694e-01	7.103253e-01	-1.742615e+00	-1.630477e+00	-1.121381e-01
5.250000e-01	-7.591367e-01	7.102928e-01	-1.742557e+00	-1.630415e+00	-1.121419e-01
5.260000e-01	-7.591530e-01	7.103078e-01	-1.742594e+00	-1.630450e+00	-1.121441e-01
5.270000e-01	-7.591286e-01	7.102833e-01	-1.742548e+00	-1.630403e+00	-1.121454e-01
5.280000e-01	-7.591611e-01	7.103158e-01	-1.742601e+00	-1.630462e+00	-1.121395e-01
5.290000e-01	-7.591411e-01	7.102976e-01	-1.742565e+00	-1.630424e+00	-1.121415e-01
5.300000e-01	-7.591673e-01	7.103230e-01	-1.742621e+00	-1.630478e+00	-1.121430e-01
5.310000e-01	-7.591473e-01	7.103040e-01	-1.742581e+00	-1.630438e+00	-1.121431e-01
5.320000e-01	-7.591747e-01	7.103308e-01	-1.742624e+00	-1.630487e+00	-1.121374e-01
5.330000e-01	-7.591484e-01	7.103050e-01	-1.742572e+00	-1.630434e+00	-1.121375e-01
5.340000e-01	-7.591683e-01	7.103229e-01	-1.742616e+00	-1.630476e+00	-1.121400e-01
5.350000e-01	-7.591420e-01	7.102954e-01	-1.742575e+00	-1.630429e+00	-1.121454e-01
5.360000e-01	-7.591669e-01	7.103201e-01	-1.742624e+00	-1.630479e+00	-1.121449e-01
5.370000e-01	-7.591525e-01	7.103082e-01	-1.742587e+00	-1.630446e+00	-1.121410e-01
5.380000e-01	-7.591805e-01	7.103367e-01	-1.742634e+00	-1.630498e+00	-1.121366e-01
5.390000e-01	-7.591587e-01	7.103156e-01	-1.742592e+00	-1.630455e+00	-1.121374e-01
5.400000e-01	-7.591809e-01	7.103364e-01	-1.742634e+00	-1.630498e+00	-1.121363e-01
5.410000e-01	-7.591546e-01	7.103106e-01	-1.742589e+00	-1.630449e+00	-1.121401e-01
5.420000e-01	-7.591757e-01	7.103294e-01	-1.742634e+00	-1.630493e+00	-1.121410e-01
5.430000e-01	-7.591557e-01	7.103105e-01	-1.742596e+00	-1.630454e+00	-1.121422e-01
5.440000e-01	-7.591768e-01	7.103309e-01	-1.742636e+00	-1.630495e+00	-1.121412e-01
5.450000e-01	-7.591510e-01	7.103056e-01	-1.742588e+00	-1.630445e+00	-1.121431e-01
5.460000e-01	-7.591774e-01	7.103311e-01	-1.742639e+00	-1.630497e+00	-1.121421e-01
5.470000e-01	-7.591678e-01	7.103226e-01	-1.742618e+00	-1.630477e+00	-1.121413e-01
5.480000e-01	-7.591897e-01	7.103444e-01	-1.742653e+00	-1.630516e+00	-1.121370e-01
5.490000e-01	-7.591594e-01	7.103151e-01	-1.742596e+00	-1.630457e+00	-1.121386e-01
5.500000e-01	-7.591796e-01	7.103343e-01	-1.742634e+00	-1.630496e+00	-1.121372e-01
5.510000e-01	-7.591592e-01	7.103146e-01	-1.742600e+00	-1.630459e+00	-1.121408e-01
5.520000e-01	-7.591861e-01	7.103408e-01	-1.742645e+00	-1.630508e+00	-1.121363e-01
5.530000e-01	-7.591651e-01	7.103200e-01	-1.742609e+00	-1.630470e+00	-1.121394e-01
5.540000e-01	-7.591898e-01	7.103436e-01	-1.742653e+00	-1.630516e+00	-1.121367e-01
5.550000e-01	-7.591681e-01	7.103228e-01	-1.742614e+00	-1.630475e+00	-1.121390e-01
5.560000e-01	-7.591849e-01	7.103388e-01	-1.742652e+00	-1.630511e+00	-1.121411e-01
5.570000e-01	-7.591616e-01	7.103166e-01	-1.742610e+00	-1.630467e+00	-1.121434e-01
5.580000e-01	-7.591795e-01	7.103331e-01	-1.742644e+00	-1.630502e+00	-1.121426e-01
5.590000e-01	-7.591615e-01	7.103163e-01	-1.742607e+00	-1.630465e+00	-1.121421e-01
5.600000e-01	-7.591886e-01	7.103423e-01	-1.742653e+00	-1.630515e+00	-1.121377e-01
5.610000e-01	-7.591705e-01	7.103256e-01	-1.742618e+00	-1.630480e+00	-1.121386e-01
5.620000e-01	-7.591950e-01	7.103489e-01	-1.742670e+00	-1.630530e+00	-1.121398e-01
5.630000e-01	-7.591781e-01	7.103333e-01	-1.742635e+00	-1.630496e+00	-1.121395e-01
5.640000e-01	-7.591963e-01	7.103505e-01	-1.742666e+00	-1.630529e+00	-1.121369e-01
5.650000e-01	-7.591687e-01	7.103232e-01	-1.742621e+00	-1.630479e+00	-1.121420e-01
5.660000e-01	-7.591889e-01	7.103422e-01	-1.742659e+00	-1.630518e+00	-1.121406e-01
5.670000e-01	-7.591751e-01	7.103300e-01	-1.742628e+00	-1.630489e+00	-1.121388e-01
5.680000e-01	-7.591955e-01	7.103487e-01	-1.742669e+00	-1.630530e+00	-1.121390e-01
5.690000e-01	-7.591749e-01	7.103298e-01	-1.742628e+00	-1.630489e+00	-1.121392e-01
5.700000e-01	-7.592001e-01	7.103529e-01	-1.742677e+00	-1.630539e+00	-1.121384e-01
5.710000e-01	-7.591781e-01	7.103325e-01	-1.742638e+00	-1.630497e+00	-1.121412e-01
5.720000e-01	-7.592014e-01	7.103559e-01	-1.742676e+00	-1.630539e+00	-1.121366e-01
5.730000e-01	-7.591745e-01	7.103304e-01	-1.742621e+00	-1.630485e+00	-1.121361e-01
5.740000e-01	-7.591906e-01	7.103448e-01	-1.742656e+00	-1.630519e+00	-1.121376e-01
5.750000e-01	-7.591789e-01	7.103340e-01	-1.742634e+00	-1.630496e+00	-1.121380e-01
5.760000e-01	-7.592013e-01	7.103546e-01	-1.742681e+00	-1.630542e+00	-1.121393e-01
5.770000e-01	-7.591776e-01	7.103308e-01	-1.742639e+00	-1.630497e+00	-1.121418e-01
5.780000e-01	-7.592002e-01	7.103524e-01	-1.742683e+00	-1.630542e+00	-1.121415e-01
5.790000e-01	-7.591851e-01	7.103398e-01	-1.742651e+00	-1.630511e+00	-1.121404e-01
5.800000e-01	-7.592125e-01	7.103676e-01	-1.742693e+00	-1.630559e+00	-1.121340e-01
5.810000e-01	-7.591856e-01	7.103416e-01	-1.742639e+00	-1.630505e+00	-1.121336e-01
5.820000e-01	-7.592005e-01	7.103537e-01	-1.742677e+00	-1.630539e+00	-1.121382e-01
5.830000e-01	-7.591819e-01	7.103366e-01	-1.742642e+00	-1.630503e+00	-1.121392e-01
5.840000e-01	-7.592031e-01	7.103562e-01	-1.742684e+00	-1.630545e+00	-1.121388e-01
5.850000e-01	-7.591757e-01	7.103287e-01	-1.742640e+00	-1.630495e+00	-1.121441e-01
5.860000e-01	-7.591951e-01	7.103479e-01	-1.742678e+00	-1.630534e+00	-1.121438e-01
5.870000e-01	-7.591787e-01	7.103333e-01	-1.742640e+00	-1.630499e+00	-1.121414e-01
5.880000e-01	-7.591993e-01	7.103523e-01	-1.742677e+00	-1.630538e+00	-1.121390e-01
5.890000e-01	-7.591850e-01	7.103400e-01	-1.742645e+00	-1.630508e+00	-1.121378e-01
5.900000e-01	-7.592094e-01	7.103637e-01	-1.742689e+00	-1.630554e+00	-1.121352e-01
5.910000e-01	-7.591939e-01	7.103493e-01	-1.742658e+00	-1.630523e+00	-1.121351e-01
5.920000e-01	-7.592119e-01	7.103650e-01	-1.742694e+00	-1.630559e+00	-1.121353e-01
5.930000e-01	-7.591882e-01	7.103424e-01	-1.742653e+00	-1.630515e+00	-1.121381e-01
5.940000e-01	-7.592072e-01	7.103598e-01	-1.742695e+00	-1.630555e+00	-1.121402e-01
5.950000e-01	-7.591896e-01	7.103432e-01	-1.742658e+00	-1.630519e+00	-1.121396e-01
5.960000e-01	-7.592078e-01	7.103606e-01	-1.742692e+00	-1.630554e+00	-1.121380e-01
5.970000e-01	-7.591857e-01	7.103395e-01	-1.742651e+00	-1.630511e+00	-1.121399e-01
5.980000e-01	-7.591989e-01	7.103513e-01	-1.742682e+00	-1.630540e+00	-1.121420e-01
5.990000e-01	-7.591773e-01	7.103313e-01	-1.742638e+00	-1.630496e+00	-1.121418e-01
6.000000e-01	-7.591969e-01	7.103497e-01	-1.742675e+00	-1.630534e+00	-1.121405e-01
6.010000e-01	-7.591801e-01	7.103338e-01	-1.742644e+00	-1.630502e+00	-1.121417e-01
6.020000e-01	-7.592113e-01	7.103639e-01	-1.742701e+00	-1.630562e+00	-1.121390e-01
6.030000e-01	-7.591959e-01	7.103496e-01	-1.742666e+00	-1.630529e+00	-1.121371e-01
6.040000e-01	-7.592141e-01	7.103668e-01	-1.742702e+00	-1.630565e+00	-1.121372e-01
6.050000e-01	-7.591858e-01	7.103384e-01	-1.742649e+00	-1.630510e+00	-1.121388e-01
6.060000e-01	-7.592053e-01	7.103571e-01	-1.742687e+00	-1.630549e+00	-1.121383e-01
6.070000e-01	-7.591890e-01	7.103427e-01	-1.742657e+00	-1.630517e+00	-1.121393e-01
6.080000e-01	-7.592137e-01	7.103672e-01	-1.742699e+00	-1.630563e+00	-1.121360e-01
6.090000e-01	-7.591918e-01	7.103457e-01	-1.742659e+00	-1.630521e+00	-1.121376e-01
6.100000e-01	-7.592096e-01	7.103611e-01	-1.742699e+00	-1.630559e+00	-1.121400e-01
6.110000e-01	-7.591956e-01	7.103485e-01	-1.742675e+00	-1.630533e+00	-1.121422e-01
6.120000e-01	-7.592171e-01	7.103691e-01	-1.742707e+00	-1.630571e+00	-1.121363e-01
6.130000e-01	-7.591891e-01	7.103425e-01	-1.742654e+00	-1.630516e+00	-1.121378e-01
6.140000e-01	-7.592052e-01	7.103572e-01	-1.742691e+00	-1.630550e+00	-1.121400e-01
6.150000e-01	-7.591938e-01	7.103472e-01	-1.742666e+00	-1.630527e+00	-1.121392e-01
6.160000e-01	-7.592180e-01	7.103717e-01	-1.742706e+00	-1.630571e+00	-1.121349e-01
6.170000e-01	-7.591941e-01	7.103480e-01	-1.742661e+00	-1.630524e+00	-1.121363e-01
6.180000e-01	-7.592114e-01	7.103635e-01	-1.742703e+00	-1.630563e+00	-1.121400e-01
6.190000e-01	-7.591913e-01	7.103441e-01	-1.742668e+00	-1.630525e+00	-1.121426e-01
6.200000e-01	-7.592067e-01	7.103583e-01	-1.742696e+00	-1.630555e+00	-1.121415e-01
6.210000e-01	-7.591876e-01	7.103413e-01	-1.742657e+00	-1.630516e+00	-1.121410e-01
6.220000e-01	-7.592136e-01	7.103668e-01	-1.742698e+00	-1.630563e+00	-1.121353e-01
6.230000e-01	-7.592020e-01	7.103563e-01	-1.742672e+00	-1.630538e+00	-1.121338e-01
6.240000e-01	-7.592241e-01	7.103775e-01	-1.742714e+00	-1.630581e+00	-1.121328e-01
6.250000e-01	-7.592035e-01	7.103585e-01	-1.742677e+00	-1.630542e+00	-1.121348e-01
6.260000e-01	-7.592164e-01	7.103694e-01	-1.742706e+00	-1.630569e+00	-1.121367e-01
6.270000e-01	-7.591870e-01	7.103395e-01	-1.742660e+00	-1.630517e+00	-1.121431e-01
6.280000e-01	-7.592045e-01	7.103571e-01	-1.742689e+00	-1.630549e+00	-1.121399e-01
6.290000e-01	-7.591849e-01	7.103390e-01	-1.742652e+00	-1.630511e+00	-1.121413e-01
6.300000e-01	-7.592109e-01	7.103644e-01	-1.742694e+00	-1.630558e+00	-1.121359e-01
6.310000e-01	-7.591954e-01	7.103497e-01	-1.742668e+00	-1.630530e+00	-1.121389e-01
6.320000e-01	-7.592189e-01	7.103720e-01	-1.742711e+00	-1.630575e+00	-1.121368e-01
6.330000e-01	-7.592018e-01	7.103559e-01	-1.742677e+00	-1.630540e+00	-1.121367e-01
6.340000e-01	-7.592166e-01	7.103694e-01	-1.742709e+00	-1.630571e+00	-1.121380e-01
6.350000e-01	-7.591952e-01	7.103484e-01	-1.742675e+00	-1.630533e+00	-1.121422e-01
6.360000e-01	-7.592074e-01	7.103598e-01	-1.742695e+00	-1.630555e+00	-1.121402e-01
6.370000e-01	-7.591954e-01	7.103502e-01	-1.742663e+00	-1.630527e+00	-1.121361e-01
6.380000e-01	-7.592135e-01	7.103682e-01	-1.742694e+00	-1.630561e+00	-1.121336e-01
6.390000e-01	-7.592004e-01	7.103571e-01	-1.742666e+00	-1.630533e+00	-1.121325e-01
6.400000e-01	-7.592146e-01	7.103688e-01	-1.742701e+00	-1.630565e+00	-1.121358e-01
6.410000e-01	-7.591868e-01	7.103404e-01	-1.742657e+00	-1.630515e+00	-1.121417e-01
6.420000e-01	-7.592099e-01	7.103619e-01	-1.742704e+00	-1.630562e+00	-1.121422e-01
6.430000e-01	-7.591961e-01	7.103502e-01	-1.742675e+00	-1.630534e+00	-1.121415e-01
6.440000e-01	-7.592170e-01	7.103704e-01	-1.742708e+00	-1.630571e+00	-1.121371e-01
6.450000e-01	-7.591990e-01	7.103542e-01	-1.742668e+00	-1.630533e+00	-1.121348e-01
6.460000e-01	-7.592176e-01	7.103719e-01	-1.742704e+00	-1.630569e+00	-1.121343e-01
6.470000e-01	-7.592044e-01	7.103599e-01	-1.742675e+00	-1.630542e+00	-1.121332e-01
6.480000e-01	-7.592220e-01	7.103767e-01	-1.742705e+00	-1.630575e+00	-1.121307e-01
6.490000e-01	-7.591901e-01	7.103453e-01	-1.742652e+00	-1.630516e+00	-1.121361e-01
6.500000e-01	-7.592062e-01	7.103596e-01	-1.742689e+00	-1.630551e+00	-1.121383e-01
6.510000e-01	-7.591900e-01	7.103450e-01	-1.742654e+00	-1.630517e+00	-1.121371e-01
6.520000e-01	-7.592179e-01	7.103734e-01	-1.742700e+00	-1.630568e+00	-1.121320e-01
6.530000e-01	-7.591901e-01	7.103467e-01	-1.742647e+00	-1.630514e+00	-1.121334e-01
6.540000e-01	-7.592116e-01	7.103673e-01	-1.742688e+00	-1.630556e+00	-1.121325e-01
6.550000e-01	-7.591887e-01	7.103447e-01	-1.742650e+00	-1.630514e+00	-1.121364e-01
6.560000e-01	-7.592177e-01	7.103744e-01	-1.742700e+00	-1.630568e+00	-1.121322e-01
6.570000e-01	-7.591919e-01	7.103489e-01	-1.742652e+00	-1.630518e+00	-1.121341e-01
6.580000e-01	-7.592148e-01	7.103707e-01	-1.742696e+00	-1.630563e+00	-1.121335e-01
6.590000e-01	-7.591921e-01	7.103474e-01	-1.742656e+00	-1.630520e+00	-1.121358e-01
6.600000e-01	-7.592185e-01	7.103732e-01	-1.742699e+00	-1.630568e+00	-1.121309e-01
6.610000e-01	-7.591971e-01	7.103530e-01	-1.742663e+00	-1.630528e+00	-1.121343e-01
6.620000e-01	-7.592166e-01	7.103720e-01	-1.742702e+00	-1.630567e+00	-1.121343e-01
6.630000e-01	-7.591931e-01	7.103492e-01	-1.742657e+00	-1.630522e+00	-1.121352e-01
6.640000e-01	-7.592221e-01	7.103787e-01	-1.742705e+00	-1.630575e+00	-1.121306e-01
6.650000e-01	-7.591970e-01	7.103527e-01	-1.742663e+00	-1.630529e+00	-1.121346e-01
6.660000e-01	-7.592140e-01	7.103679e-01	-1.742698e+00	-1.630563e+00	-1.121352e-01
6.670000e-01	-7.592006e-01	7.103553e-01	-1.742675e+00	-1.630538e+00	-1.121372e-01
6.680000e-01	-7.592257e-01	7.103814e-01	-1.742712e+00	-1.630582e+00	-1.121303e-01
6.690000e-01	-7.591964e-01	7.103522e-01	-1.742662e+00	-1.630527e+00	-1.121347e-01
6.700000e-01	-7.592177e-01	7.103730e-01	-1.742704e+00	-1.630570e+00	-1.121342e-01
6.710000e-01	-7.591998e-01	7.103555e-01	-1.742673e+00	-1.630536e+00	-1.121366e-01
6.720000e-01	-7.592211e-01	7.103763e-01	-1.742708e+00	-1.630575e+00	-1.121329e-01
6.730000e-01	-7.591952e-01	7.103508e-01	-1.742661e+00	-1.630526e+00	-1.121353e-01
6.740000e-01	-7.592123e-01	7.103664e-01	-1.742696e+00	-1.630560e+00	-1.121355e-01
6.750000e-01	-7.592000e-01	7.103544e-01	-1.742674e+00	-1.630537e+00	-1.121371e-01
6.760000e-01	-7.592248e-01	7.103798e-01	-1.742714e+00	-1.630582e+00	-1.121320e-01
6.770000e-01	-7.592025e-01	7.103579e-01	-1.742674e+00	-1.630540e+00	-1.121346e-01
6.780000e-01	-7.592225e-01	7.103771e-01	-1.742713e+00	-1.630579e+00	-1.121339e-01
6.790000e-01	-7.592115e-01	7.103672e-01	-1.742691e+00	-1.630557e+00	-1.121341e-01
6.800000e-01	-7.592320e-01	7.103878e-01	-1.742722e+00	-1.630593e+00	-1.121291e-01
6.810000e-01	-7.592029e-01	7.103588e-01	-1.742674e+00	-1.630540e+00	-1.121342e-01
6.820000e-01	-7.592198e-01	7.103738e-01	-1.742712e+00	-1.630576e+00	-1.121362e-01
6.830000e-01	-7.591937e-01	7.103474e-01	-1.742671e+00	-1.630529e+00	-1.121417e-01
6.840000e-01	-7.592131e-01	7.103672e-01	-1.742699e+00	-1.630563e+00	-1.121367e-01
6.850000e-01	-7.591948e-01	7.103502e-01	-1.742665e+00	-1.630527e+00	-1.121377e-01
6.860000e-01	-7.592159e-01	7.103709e-01	-1.742701e+00	-1.630567e+00	-1.121348e-01
6.870000e-01	-7.592003e-01	7.103552e-01	-1.742675e+00	-1.630538e+00	-1.121370e-01
6.880000e-01	-7.592304e-01	7.103857e-01	-1.742722e+00	-1.630591e+00	-1.121307e-01
6.890000e-01	-7.592043e-01	7.103592e-01	-1.742673e+00	-1.630541e+00	-1.121324e-01
6.900000e-01	-7.592226e-01	7.103758e-01	-1.742712e+00	-1.630578e+00	-1.121332e-01
6.910000e-01	-7.592034e-01	7.103580e-01	-1.742679e+00	-1.630543e+00	-1.121362e-01
6.920000e-01	-7.592277e-01	7.103826e-01	-1.742718e+00	-1.630587e+00	-1.121313e-01
6.930000e-01	-7.592049e-01	7.103609e-01	-1.742679e+00	-1.630545e+00	-1.121348e-01
6.940000e-01	-7.592268e-01	7.103828e-01	-1.742719e+00	-1.630586e+00	-1.121326e-01
6.950000e-01	-7.592023e-01	7.103589e-01	-1.742674e+00	-1.630539e+00	-1.121347e-01
6.960000e-01	-7.592199e-01	7.103759e-01	-1.742704e+00	-1.630572e+00	-1.121322e-01
6.970000e-01	-7.591882e-01	7.103437e-01	-1.742647e+00	-1.630512e+00	-1.121354e-01
6.980000e-01	-7.592107e-01	7.103652e-01	-1.742690e+00	-1.630556e+00	-1.121345e-01
6.990000e-01	-7.591948e-01	7.103502e-01	-1.742659e+00	-1.630525e+00	-1.121349e-01
7.000000e-01	-7.592188e-01	7.103748e-01	-1.742697e+00	-1.630567e+00	-1.121296e-01
7.010000e-01	-7.591949e-01	7.103516e-01	-1.742654e+00	-1.630522e+00	-1.121321e-01
7.020000e-01	-7.592295e-01	7.103865e-01	-1.742712e+00	-1.630586e+00	-1.121265e-01
7.030000e-01	-7.592192e-01	7.103767e-01	-1.742692e+00	-1.630565e+00	-1.121268e-01
7.040000e-01	-7.592331e-01	7.103892e-01	-1.742724e+00	-1.630595e+00	-1.121288e-01
7.050000e-01	-7.591956e-01	7.103504e-01	-1.742663e+00	-1.630527e+00	-1.121359e-01
7.060000e-01	-7.592189e-01	7.103736e-01	-1.742712e+00	-1.630575e+00	-1.121372e-01
7.070000e-01	-7.592012e-01	7.103555e-01	-1.742678e+00	-1.630540e+00	-1.121377e-01
7.080000e-01	-7.592238e-01	7.103786e-01	-1.742712e+00	-1.630580e+00	-1.121324e-01
7.090000e-01	-7.591962e-01	7.103514e-01	-1.742668e+00	-1.630530e+00	-1.121377e-01
7.100000e-01	-7.592200e-01	7.103749e-01	-1.742712e+00	-1.630576e+00	-1.121360e-01
7.110000e-01	-7.591999e-01	7.103553e-01	-1.742672e+00	-1.630536e+00	-1.121361e-01
7.120000e-01	-7.592306e-01	7.103860e-01	-1.742727e+00	-1.630594e+00	-1.121326e-01
7.130000e-01	-7.592068e-01	7.103614e-01	-1.742684e+00	-1.630549e+00	-1.121350e-01
7.140000e-01	-7.592264e-01	7.103802e-01	-1.742721e+00	-1.630587e+00	-1.121341e-01
7.150000e-01	-7.592011e-01	7.103547e-01	-1.742676e+00	-1.630539e+00	-1.121368e-01
7.160000e-01	-7.592202e-01	7.103747e-01	-1.742708e+00	-1.630574e+00	-1.121339e-01
7.170000e-01	-7.591961e-01	7.103507e-01	-1.742667e+00	-1.630530e+00	-1.121373e-01
7.180000e-01	-7.592178e-01	7.103720e-01	-1.742711e+00	-1.630573e+00	-1.121378e-01
7.190000e-01	-7.592019e-01	7.103560e-01	-1.742682e+00	-1.630543e+00	-1.121389e-01
7.200000e-01	-7.592341e-01	7.103884e-01	-1.742728e+00	-1.630598e+00	-1.121299e-01
7.210000e-01	-7.592139e-01	7.103685e-01	-1.742694e+00	-1.630561e+00	-1.121331e-01
7.220000e-01	-7.592304e-01	7.103834e-01	-1.742730e+00	-1.630595e+00	-1.121346e-01
7.230000e-01	-7.592080e-01	7.103620e-01	-1.742690e+00	-1.630553e+00	-1.121372e-01
7.240000e-01	-7.592274e-01	7.103814e-01	-1.742716e+00	-1.630585e+00	-1.121308e-01
7.250000e-01	-7.591989e-01	7.103523e-01	-1.742670e+00	-1.630534e+00	-1.121363e-01
7.260000e-01	-7.592210e-01	7.103743e-01	-1.742718e+00	-1.630580e+00	-1.121379e-01
7.270000e-01	-7.592064e-01	7.103602e-01	-1.742689e+00	-1.630551e+00	-1.121382e-01
7.280000e-01	-7.592321e-01	7.103860e-01	-1.742730e+00	-1.630597e+00	-1.121329e-01
7.290000e-01	-7.592103e-01	7.103649e-01	-1.742692e+00	-1.630556e+00	-1.121357e-01
7.300000e-01	-7.592233e-01	7.103772e-01	-1.742718e+00	-1.630582e+00	-1.121360e-01
7.310000e-01	-7.592014e-01	7.103551e-01	-1.742681e+00	-1.630542e+00	-1.121392e-01
7.320000e-01	-7.592210e-01	7.103736e-01	-1.742720e+00	-1.630581e+00	-1.121390e-01
7.330000e-01	-7.592010e-01	7.103542e-01	-1.742680e+00	-1.630541e+00	-1.121389e-01
7.340000e-01	-7.592291e-01	7.103829e-01	-1.742722e+00	-1.630590e+00	-1.121320e-01
7.350000e-01	-7.592164e-01	7.103712e-01	-1.742699e+00	-1.630566e+00	-1.121332e-01
7.360000e-01	-7.592374e-01	7.103927e-01	-1.742738e+00	-1.630606e+00	-1.121314e-01
7.370000e-01	-7.592072e-01	7.103616e-01	-1.742689e+00	-1.630552e+00	-1.121371e-01
7.380000e-01	-7.592311e-01	7.103844e-01	-1.742733e+00	-1.630598e+00	-1.121356e-01
7.390000e-01	-7.591995e-01	7.103519e-01	-1.742683e+00	-1.630541e+00	-1.121422e-01
7.400000e-01	-7.592212e-01	7.103739e-01	-1.742718e+00	-1.630580e+00	-1.121376e-01
7.410000e-01	-7.591982e-01	7.103526e-01	-1.742673e+00	-1.630535e+00	-1.121384e-01
7.420000e-01	-7.592258e-01	7.103807e-01	-1.742720e+00	-1.630586e+00	-1.121341e-01
7.430000e-01	-7.592053e-01	7.103607e-01	-1.742683e+00	-1.630547e+00	-1.121361e-01
7.440000e-01	-7.592276e-01	7.103818e-01	-1.742723e+00	-1.630589e+00	-1.121337e-01
7.450000e-01	-7.591971e-01	7.103501e-01	-1.742673e+00	-1.630534e+00	-1.121393e-01
7.460000e-01	-7.592214e-01	7.103746e-01	-1.742710e+00	-1.630577e+00	-1.121338e-01
7.470000e-01	-7.592053e-01	7.103589e-01	-1.742681e+00	-1.630546e+00	-1.121350e-01
7.480000e-01	-7.592330e-01	7.103872e-01	-1.742728e+00	-1.630597e+00	-1.121308e-01
7.490000e-01	-7.592063e-01	7.103606e-01	-1.742680e+00	-1.630546e+00	-1.121337e-01
7.500000e-01	-7.592296e-01	7.103832e-01	-1.742726e+00	-1.630592e+00	-1.121333e-01
7.510000e-01	-7.592074e-01	7.103615e-01	-1.742691e+00	-1.630553e+00	-1.121380e-01
7.520000e-01	-7.592352e-01	7.103895e-01	-1.742740e+00	-1.630605e+00	-1.121350e-01
7.530000e-01	-7.592049e-01	7.103590e-01	-1.742682e+00	-1.630546e+00	-1.121363e-01
7.540000e-01	-7.592242e-01	7.103779e-01	-1.742719e+00	-1.630583e+00	-1.121351e-01
7.550000e-01	-7.592062e-01	7.103606e-01	-1.742681e+00	-1.630547e+00	-1.121344e-01
7.560000e-01	-7.592328e-01	7.103869e-01	-1.742732e+00	-1.630599e+00	-1.121335e-01
7.570000e-01	-7.592023e-01	7.103553e-01	-1.742687e+00	-1.630546e+00	-1.121411e-01
7.580000e-01	-7.592160e-01	7.103674e-01	-1.742718e+00	-1.630575e+00	-1.121432e-01
7.590000e-01	-7.591940e-01	7.103459e-01	-1.742676e+00	-1.630532e+00	-1.121443e-01
7.600000e-01	-7.592254e-01	7.103781e-01	-1.742725e+00	-1.630588e+00	-1.121369e-01
7.610000e-01	-7.592026e-01	7.103565e-01	-1.742679e+00	-1.630542e+00	-1.121370e-01
7.620000e-01	-7.592336e-01	7.103876e-01	-1.742733e+00	-1.630600e+00	-1.121329e-01
7.630000e-01	-7.592123e-01	7.103671e-01	-1.742689e+00	-1.630557e+00	-1.121324e-01
7.640000e-01	-7.592323e-01	7.103868e-01	-1.742725e+00	-1.630595e+00	-1.121304e-01
7.650000e-01	-7.592015e-01	7.103555e-01	-1.742678e+00	-1.630540e+00	-1.121374e-01
7.660000e-01	-7.592237e-01	7.103778e-01	-1.742720e+00	-1.630584e+00	-1.121365e-01
7.670000e-01	-7.592020e-01	7.103562e-01	-1.742679e+00	-1.630542e+00	-1.121377e-01
7.680000e-01	-7.592292e-01	7.103827e-01	-1.742733e+00	-1.630596e+00	-1.121372e-01
7.690000e-01	-7.592035e-01	7.103569e-01	-1.742685e+00	-1.630546e+00	-1.121390e-01
7.700000e-01	-7.592302e-01	7.103827e-01	-1.742733e+00	-1.630597e+00	-1.121362e-01
7.710000e-01	-7.592047e-01	7.103575e-01	-1.742689e+00	-1.630549e+00	-1.121401e-01
7.720000e-01	-7.592304e-01	7.103837e-01	-1.742735e+00	-1.630598e+00	-1.121372e-01
7.730000e-01	-7.592011e-01	7.103547e-01	-1.742676e+00	-1.630539e+00	-1.121368e-01
7.740000e-01	-7.592258e-01	7.103793e-01	-1.742721e+00	-1.630586e+00	-1.121347e-01
7.750000e-01	-7.592083e-01	7.103626e-01	-1.742687e+00	-1.630552e+00	-1.121353e-01
7.760000e-01	-7.592355e-01	7.103905e-01	-1.742735e+00	-1.630603e+00	-1.121318e-01
7.770000e-01	-7.592121e-01	7.103667e-01	-1.742695e+00	-1.630559e+00	-1.121352e-01
7.780000e-01	-7.592309e-01	7.103847e-01	-1.742735e+00	-1.630599e+00	-1.121367e-01
7.790000e-01	-7.592040e-01	7.103571e-01	-1.742688e+00	-1.630548e+00	-1.121400e-01
7.800000e-01	-7.592236e-01	7.103754e-01	-1.742722e+00	-1.630585e+00	-1.121375e-01
7.810000e-01	-7.591967e-01	7.103488e-01	-1.742673e+00	-1.630533e+00	-1.121397e-01
7.820000e-01	-7.592232e-01	7.103752e-01	-1.742723e+00	-1.630584e+00	-1.121381e-01
7.830000e-01	-7.592142e-01	7.103688e-01	-1.742699e+00	-1.630564e+00	-1.121352e-01
7.840000e-01	-7.592423e-01	7.103977e-01	-1.742748e+00	-1.630616e+00	-1.121317e-01
7.850000e-01	-7.592121e-01	7.103671e-01	-1.742692e+00	-1.630558e+00	-1.121341e-01
7.860000e-01	-7.592310e-01	7.103851e-01	-1.742732e+00	-1.630597e+00	-1.121348e-01
7.870000e-01	-7.592034e-01	7.103564e-01	-1.742686e+00	-1.630546e+00	-1.121395e-01
7.880000e-01	-7.592217e-01	7.103742e-01	-1.742719e+00	-1.630581e+00	-1.121377e-01
7.890000e-01	-7.591955e-01	7.103487e-01	-1.742671e+00	-1.630531e+00	-1.121402e-01
7.900000e-01	-7.592202e-01	7.103732e-01	-1.742719e+00	-1.630580e+00	-1.121391e-01
7.910000e-01	-7.592050e-01	7.103584e-01	-1.742689e+00	-1.630550e+00	-1.121396e-01
7.920000e-01	-7.592372e-01	7.103910e-01	-1.742743e+00	-1.630609e+00	-1.121343e-01
7.930000e-01	-7.592117e-01	7.103657e-01	-1.742699e+00	-1.630561e+00	-1.121378e-01
7.940000e-01	-7.592324e-01	7.103861e-01	-1.742733e+00	-1.630599e+00	-1.121343e-01
7.950000e-01	-7.592035e-01	7.103566e-01	-1.742681e+00	-1.630544e+00	-1.121369e-01
7.960000e-01	-7.592216e-01	7.103749e-01	-1.742716e+00	-1.630580e+00	-1.121365e-01
7.970000e-01	-7.591986e-01	7.103520e-01	-1.742677e+00	-1.630537e+00	-1.121401e-01
7.980000e-01	-7.592308e-01	7.103850e-01	-1.742732e+00	-1.630597e+00	-1.121353e-01
7.990000e-01	-7.592085e-01	7.103627e-01	-1.742692e+00	-1.630554e+00	-1.121375e-01
8.000000e-01	-7.592271e-01	7.103815e-01	-1.742722e+00	-1.630588e+00	-1.121337e-01
8.010000e-01	-7.591994e-01	7.103535e-01	-1.742675e+00	-1.630537e+00	-1.121383e-01
8.020000e-01	-7.592250e-01	7.103784e-01	-1.742725e+00	-1.630587e+00	-1.121374e-01
8.030000e-01	-7.592074e-01	7.103612e-01	-1.742689e+00	-1.630552e+00	-1.121369e-01
8.040000e-01	-7.592340e-01	7.103879e-01	-1.742735e+00	-1.630602e+00	-1.121336e-01
8.050000e-01	-7.592117e-01	7.103650e-01	-1.742696e+00	-1.630560e+00	-1.121361e-01
8.060000e-01	-7.592373e-01	7.103910e-01	-1.742741e+00	-1.630608e+00	-1.121330e-01
8.070000e-01	-7.592175e-01	7.103715e-01	-1.742704e+00	-1.630569e+00	-1.121345e-01
8.080000e-01	-7.592332e-01	7.103868e-01	-1.742740e+00	-1.630603e+00	-1.121368e-01
8.090000e-01	-7.591975e-01	7.103501e-01	-1.742680e+00	-1.630537e+00	-1.121424e-01
8.100000e-01	-7.592238e-01	7.103765e-01	-1.742721e+00	-1.630584e+00	-1.121369e-01
8.110000e-01	-7.592075e-01	7.103616e-01	-1.742685e+00	-1.630550e+00	-1.121351e-01
8.120000e-01	-7.592333e-01	7.103877e-01	-1.742729e+00	-1.630598e+00	-1.121314e-01
8.130000e-01	-7.592033e-01	7.103572e-01	-1.742682e+00	-1.630544e+00	-1.121379e-01
8.140000e-01	-7.592207e-01	7.103738e-01	-1.742720e+00	-1.630581e+00	-1.121394e-01
8.150000e-01	-7.592016e-01	7.103544e-01	-1.742684e+00	-1.630544e+00	-1.121403e-01
8.160000e-01	-7.592315e-01	7.103848e-01	-1.742735e+00	-1.630599e+00	-1.121362e-01
8.170000e-01	-7.592040e-01	7.103569e-01	-1.742689e+00	-1.630549e+00	-1.121407e-01
8.180000e-01	-7.592296e-01	7.103824e-01	-1.742733e+00	-1.630596e+00	-1.121371e-01
8.190000e-01	-7.592143e-01	7.103684e-01	-1.742700e+00	-1.630564e+00	-1.121357e-01
8.200000e-01	-7.592403e-01	7.103951e-01	-1.742744e+00	-1.630612e+00	-1.121318e-01
8.210000e-01	-7.592048e-01	7.103594e-01	-1.742681e+00	-1.630546e+00	-1.121359e-01
8.220000e-01	-7.592194e-01	7.103720e-01	-1.742712e+00	-1.630576e+00	-1.121368e-01
8.230000e-01	-7.591972e-01	7.103495e-01	-1.742678e+00	-1.630536e+00	-1.121419e-01
8.240000e-01	-7.592259e-01	7.103789e-01	-1.742727e+00	-1.630590e+00	-1.121377e-01
8.250000e-01	-7.592115e-01	7.103660e-01	-1.742696e+00	-1.630559e+00	-1.121363e-01
8.260000e-01	-7.592339e-01	7.103886e-01	-1.742736e+00	-1.630602e+00	-1.121340e-01
8.270000e-01	-7.592064e-01	7.103599e-01	-1.742689e+00	-1.630551e+00	-1.121380e-01
8.280000e-01	-7.592283e-01	7.103814e-01	-1.742730e+00	-1.630593e+00	-1.121369e-01
8.290000e-01	-7.592043e-01	7.103571e-01	-1.742690e+00	-1.630549e+00	-1.121406e-01
8.300000e-01	-7.592309e-01	7.103834e-01	-1.742731e+00	-1.630596e+00	-1.121345e-01
8.310000e-01	-7.592085e-01	7.103616e-01	-1.742689e+00	-1.630553e+00	-1.121360e-01
8.320000e-01	-7.592301e-01	7.103835e-01	-1.742730e+00	-1.630595e+00	-1.121351e-01
8.330000e-01	-7.592033e-01	7.103569e-01	-1.742684e+00	-1.630546e+00	-1.121389e-01
8.340000e-01	-7.592280e-01	7.103814e-01	-1.742728e+00	-1.630592e+00	-1.121360e-01
8.350000e-01	-7.592005e-01	7.103531e-01	-1.742683e+00	-1.630542e+00	-1.121411e-01
8.360000e-01	-7.592225e-01	7.103752e-01	-1.742721e+00	-1.630583e+00	-1.121378e-01
8.370000e-01	-7.592006e-01	7.103535e-01	-1.742679e+00	-1.630540e+00	-1.121391e-01
8.380000e-01	-7.592261e-01	7.103798e-01	-1.742723e+00	-1.630588e+00	-1.121356e-01
8.390000e-01	-7.592137e-01	7.103681e-01	-1.742698e+00	-1.630563e+00	-1.121351e-01
8.400000e-01	-7.592451e-01	7.103994e-01	-1.742750e+00	-1.630620e+00	-1.121299e-01
8.410000e-01	-7.592113e-01	7.103649e-01	-1.742700e+00	-1.630561e+00	-1.121386e-01
8.420000e-01	-7.592261e-01	7.103776e-01	-1.742732e+00	-1.630592e+00	-1.121401e-01
8.430000e-01	-7.591964e-01	7.103471e-01	-1.742682e+00	-1.630537e+00	-1.121446e-01
8.440000e-01	-7.592199e-01	7.103717e-01	-1.742719e+00	-1.630579e+00	-1.121396e-01
8.450000e-01	-7.591950e-01	7.103481e-01	-1.742673e+00	-1.630531e+00	-1.121413e-01
8.460000e-01	-7.592273e-01	7.103822e-01	-1.742724e+00	-1.630590e+00	-1.121349e-01
8.470000e-01	-7.592090e-01	7.103641e-01	-1.742692e+00	-1.630555e+00	-1.121369e-01
8.480000e-01	-7.592384e-01	7.103931e-01	-1.742739e+00	-1.630608e+00	-1.121312e-01
8.490000e-01	-7.592126e-01	7.103664e-01	-1.742697e+00	-1.630561e+00	-1.121360e-01
8.500000e-01	-7.592303e-01	7.103829e-01	-1.742732e+00	-1.630596e+00	-1.121355e-01
8.510000e-01	-7.592030e-01	7.103553e-01	-1.742683e+00	-1.630545e+00	-1.121387e-01
8.520000e-01	-7.592255e-01	7.103773e-01	-1.742727e+00	-1.630589e+00	-1.121379e-01
8.530000e-01	-7.591999e-01	7.103521e-01	-1.742682e+00	-1.630541e+00	-1.121409e-01
8.540000e-01	-7.592274e-01	7.103794e-01	-1.742731e+00	-1.630593e+00	-1.121380e-01
8.550000e-01	-7.592112e-01	7.103641e-01	-1.742700e+00	-1.630561e+00	-1.121388e-01
8.560000e-01	-7.592339e-01	7.103885e-01	-1.742736e+00	-1.630602e+00	-1.121340e-01
8.570000e-01	-7.591995e-01	7.103535e-01	-1.742677e+00	-1.630538e+00	-1.121392e-01
8.580000e-01	-7.592210e-01	7.103743e-01	-1.742719e+00	-1.630580e+00	-1.121383e-01
8.590000e-01	-7.591941e-01	7.103470e-01	-1.742672e+00	-1.630530e+00	-1.121420e-01
8.600000e-01	-7.592194e-01	7.103723e-01	-1.742712e+00	-1.630575e+00	-1.121366e-01
8.610000e-01	-7.592058e-01	7.103598e-01	-1.742684e+00	-1.630548e+00	-1.121363e-01
8.620000e-01	-7.592308e-01	7.103841e-01	-1.742736e+00	-1.630599e+00	-1.121371e-01
8.630000e-01	-7.592116e-01	7.103649e-01	-1.742697e+00	-1.630560e+00	-1.121369e-01
8.640000e-01	-7.592343e-01	7.103870e-01	-1.742741e+00	-1.630605e+00	-1.121360e-01
8.650000e-01	-7.592118e-01	7.103644e-01	-1.742699e+00	-1.630561e+00	-1.121379e-01
8.660000e-01	-7.592312e-01	7.103840e-01	-1.742735e+00	-1.630599e+00	-1.121361e-01
8.670000e-01	-7.592101e-01	7.103632e-01	-1.742697e+00	-1.630559e+00	-1.121384e-01
8.680000e-01	-7.592266e-01	7.103800e-01	-1.742725e+00	-1.630589e+00	-1.121360e-01
8.690000e-01	-7.591963e-01	7.103492e-01	-1.742678e+00	-1.630535e+00	-1.121427e-01
8.700000e-01	-7.592223e-01	7.103750e-01	-1.742720e+00	-1.630582e+00	-1.121375e-01
8.710000e-01	-7.592050e-01	7.103587e-01	-1.742687e+00	-1.630548e+00	-1.121383e-01
8.720000e-01	-7.592278e-01	7.103817e-01	-1.742724e+00	-1.630590e+00	-1.121340e-01
8.730000e-01	-7.592031e-01	7.103574e-01	-1.742684e+00	-1.630545e+00	-1.121391e-01
8.740000e-01	-7.592303e-01	7.103840e-01	-1.742732e+00	-1.630596e+00	-1.121357e-01
8.750000e-01	-7.592087e-01	7.103618e-01	-1.742692e+00	-1.630555e+00	-1.121374e-01
8.760000e-01	-7.592291e-01	7.103813e-01	-1.742727e+00	-1.630593e+00	-1.121345e-01
8.770000e-01	-7.592056e-01	7.103577e-01	-1.742689e+00	-1.630550e+00	-1.121390e-01
8.780000e-01	-7.592241e-01	7.103757e-01	-1.742726e+00	-1.630587e+00	-1.121389e-01
8.790000e-01	-7.592100e-01	7.103638e-01	-1.742697e+00	-1.630558e+00	-1.121384e-01
8.800000e-01	-7.592318e-01	7.103861e-01	-1.742731e+00	-1.630597e+00	-1.121337e-01
8.810000e-01	-7.592070e-01	7.103621e-01	-1.742686e+00	-1.630550e+00	-1.121360e-01
8.820000e-01	-7.592276e-01	7.103812e-01	-1.742723e+00	-1.630589e+00	-1.121339e-01
8.830000e-01	-7.592081e-01	7.103626e-01	-1.742688e+00	-1.630552e+00	-1.121360e-01
8.840000e-01	-7.592302e-01	7.103848e-01	-1.742727e+00	-1.630594e+00	-1.121334e-01
8.850000e-01	-7.592013e-01	7.103550e-01	-1.742681e+00	-1.630542e+00	-1.121390e-01
8.860000e-01	-7.592162e-01	7.103686e-01	-1.742714e+00	-1.630573e+00	-1.121408e-01
8.870000e-01	-7.592025e-01	7.103563e-01	-1.742681e+00	-1.630543e+00	-1.121382e-01
8.880000e-01	-7.592350e-01	7.103891e-01	-1.742738e+00	-1.630604e+00	-1.121340e-01
8.890000e-01	-7.592111e-01	7.103658e-01	-1.742693e+00	-1.630558e+00	-1.121354e-01
8.900000e-01	-7.592328e-01	7.103867e-01	-1.742731e+00	-1.630599e+00	-1.121328e-01
8.910000e-01	-7.592035e-01	7.103577e-01	-1.742683e+00	-1.630545e+00	-1.121379e-01
8.920000e-01	-7.592214e-01	7.103752e-01	-1.742713e+00	-1.630578e+00	-1.121349e-01
8.930000e-01	-7.591976e-01	7.103523e-01	-1.742670e+00	-1.630532e+00	-1.121373e-01
8.940000e-01	-7.592217e-01	7.103762e-01	-1.742714e+00	-1.630579e+00	-1.121354e-01
8.950000e-01	-7.592042e-01	7.103596e-01	-1.742682e+00	-1.630545e+00	-1.121367e-01
8.960000e-01	-7.592336e-01	7.103897e-01	-1.742728e+00	-1.630598e+00	-1.121305e-01
8.970000e-01	-7.592063e-01	7.103628e-01	-1.742679e+00	-1.630546e+00	-1.121330e-01
8.980000e-01	-7.592203e-01	7.103758e-01	-1.742709e+00	-1.630575e+00	-1.121345e-01
8.990000e-01	-7.591862e-01	7.103401e-01	-1.742649e+00	-1.630511e+00	-1.121384e-01
9.000000e-01	-7.592167e-01	7.103698e-01	-1.742703e+00	-1.630568e+00	-1.121349e-01
9.010000e-01	-7.591999e-01	7.103549e-01	-1.742668e+00	-1.630534e+00	-1.121341e-01
9.020000e-01	-7.592347e-01	7.103911e-01	-1.742724e+00	-1.630597e+00	-1.121274e-01
9.030000e-01	-7.592147e-01	7.103718e-01	-1.742688e+00	-1.630559e+00	-1.121292e-01
9.040000e-01	-7.592317e-01	7.103879e-01	-1.742724e+00	-1.630594e+00	-1.121304e-01
9.050000e-01	-7.591977e-01	7.103522e-01	-1.742669e+00	-1.630532e+00	-1.121367e-01
9.060000e-01	-7.592189e-01	7.103720e-01	-1.742718e+00	-1.630578e+00	-1.121402e-01
9.070000e-01	-7.591995e-01	7.103528e-01	-1.742678e+00	-1.630539e+00	-1.121395e-01
9.080000e-01	-7.592275e-01	7.103816e-01	-1.742720e+00	-1.630588e+00	-1.121326e-01
9.090000e-01	-7.592052e-01	7.103600e-01	-1.742678e+00	-1.630544e+00	-1.121340e-01
9.100000e-01	-7.592290e-01	7.103841e-01	-1.742725e+00	-1.630591e+00	-1.121333e-01
9.110000e-01	-7.592048e-01	7.103606e-01	-1.742677e+00	-1.630543e+00	-1.121336e-01
9.120000e-01	-7.592263e-01	7.103813e-01	-1.742718e+00	-1.630585e+00	-1.121328e-01
9.130000e-01	-7.591965e-01	7.103502e-01	-1.742668e+00	-1.630531e+00	-1.121377e-01
9.140000e-01	-7.592219e-01	7.103750e-01	-1.742718e+00	-1.630581e+00	-1.121372e-01
9.150000e-01	-7.592076e-01	7.103615e-01	-1.742691e+00	-1.630553e+00	-1.121377e-01
9.160000e-01	-7.592295e-01	7.103844e-01	-1.742728e+00	-1.630593e+00	-1.121342e-01
9.170000e-01	-7.592082e-01	7.103637e-01	-1.742681e+00	-1.630549e+00	-1.121323e-01
9.180000e-01	-7.592334e-01	7.103887e-01	-1.742728e+00	-1.630597e+00	-1.121304e-01
9.190000e-01	-7.592070e-01	7.103618e-01	-1.742687e+00	-1.630550e+00	-1.121363e-01
9.200000e-01	-7.592243e-01	7.103773e-01	-1.742722e+00	-1.630585e+00	-1.121368e-01
9.210000e-01	-7.591909e-01	7.103430e-01	-1.742666e+00	-1.630524e+00	-1.121420e-01
9.220000e-01	-7.592209e-01	7.103734e-01	-1.742717e+00	-1.630579e+00	-1.121376e-01
9.230000e-01	-7.592074e-01	7.103619e-01	-1.742685e+00	-1.630550e+00	-1.121349e-01
9.240000e-01	-7.592323e-01	7.103878e-01	-1.742728e+00	-1.630596e+00	-1.121315e-01
9.250000e-01	-7.592055e-01	7.103610e-01	-1.742678e+00	-1.630545e+00	-1.121337e-01
9.260000e-01	-7.592209e-01	7.103752e-01	-1.742710e+00	-1.630576e+00	-1.121340e-01
9.270000e-01	-7.591967e-01	7.103499e-01	-1.742669e+00	-1.630531e+00	-1.121380e-01
9.280000e-01	-7.592265e-01	7.103801e-01	-1.742725e+00	-1.630589e+00	-1.121359e-01
9.290000e-01	-7.592048e-01	7.103592e-01	-1.742681e+00	-1.630545e+00	-1.121359e-01
9.300000e-01	-7.592307e-01	7.103845e-01	-1.742729e+00	-1.630595e+00	-1.121341e-01
9.310000e-01	-7.592147e-01	7.103689e-01	-1.742700e+00	-1.630565e+00	-1.121354e-01
9.320000e-01	-7.592356e-01	7.103895e-01	-1.742738e+00	-1.630605e+00	-1.121335e-01
9.330000e-01	-7.591995e-01	7.103525e-01	-1.742679e+00	-1.630539e+00	-1.121399e-01
9.340000e-01	-7.592210e-01	7.103738e-01	-1.742717e+00	-1.630580e+00	-1.121377e-01
9.350000e-01	-7.592069e-01	7.103601e-01	-1.742687e+00	-1.630550e+00	-1.121366e-01
9.360000e-01	-7.592384e-01	7.103925e-01	-1.742742e+00	-1.630610e+00	-1.121327e-01
9.370000e-01	-7.592173e-01	7.103717e-01	-1.742700e+00	-1.630567e+00	-1.121325e-01
9.380000e-01	-7.592316e-01	7.103847e-01	-1.742732e+00	-1.630598e+00	-1.121344e-01
9.390000e-01	-7.591963e-01	7.103487e-01	-1.742675e+00	-1.630534e+00	-1.121412e-01
9.400000e-01	-7.592138e-01	7.103657e-01	-1.742714e+00	-1.630571e+00	-1.121430e-01
9.410000e-01	-7.591969e-01	7.103493e-01	-1.742683e+00	-1.630538e+00	-1.121443e-01
9.420000e-01	-7.592283e-01	7.103814e-01	-1.742731e+00	-1.630594e+00	-1.121369e-01
9.430000e-01	-7.592109e-01	7.103650e-01	-1.742691e+00	-1.630557e+00	-1.121349e-01
9.440000e-01	-7.592379e-01	7.103925e-01	-1.742737e+00	-1.630606e+00	-1.121306e-01
9.450000e-01	-7.592142e-01	7.103684e-01	-1.742698e+00	-1.630563e+00	-1.121346e-01
9.460000e-01	-7.592363e-01	7.103905e-01	-1.742743e+00	-1.630608e+00	-1.121352e-01
9.470000e-01	-7.592057e-01	7.103585e-01	-1.742690e+00	-1.630551e+00	-1.121392e-01
9.480000e-01	-7.592253e-01	7.103771e-01	-1.742727e+00	-1.630589e+00	-1.121383e-01
9.490000e-01	-7.591957e-01	7.103470e-01	-1.742673e+00	-1.630532e+00	-1.121409e-01
9.500000e-01	-7.592258e-01	7.103773e-01	-1.742725e+00	-1.630588e+00	-1.121369e-01
9.510000e-01	-7.592102e-01	7.103635e-01	-1.742694e+00	-1.630557e+00	-1.121369e-01
9.520000e-01	-7.592322e-01	7.103860e-01	-1.742736e+00	-1.630600e+00	-1.121356e-01
9.530000e-01	-7.591972e-01	7.103505e-01	-1.742673e+00	-1.630534e+00	-1.121392e-01
9.540000e-01	-7.592201e-01	7.103730e-01	-1.742720e+00	-1.630580e+00	-1.121398e-01
9.550000e-01	-7.592058e-01	7.103595e-01	-1.742689e+00	-1.630550e+00	-1.121384e-01
9.560000e-01	-7.592316e-01	7.103860e-01	-1.742734e+00	-1.630599e+00	-1.121357e-01
9.570000e-01	-7.592078e-01	7.103621e-01	-1.742687e+00	-1.630551e+00	-1.121357e-01
9.580000e-01	-7.592274e-01	7.103809e-01	-1.742725e+00	-1.630590e+00	-1.121351e-01
9.590000e-01	-7.592051e-01	7.103579e-01	-1.742685e+00	-1.630548e+00	-1.121376e-01
9.600000e-01	-7.592340e-01	7.103866e-01	-1.742733e+00	-1.630601e+00	-1.121327e-01
9.610000e-01	-7.592042e-01	7.103573e-01	-1.742683e+00	-1.630546e+00	-1.121372e-01
9.620000e-01	-7.592299e-01	7.103832e-01	-1.742731e+00	-1.630595e+00	-1.121356e-01
9.630000e-01	-7.592062e-01	7.103596e-01	-1.742685e+00	-1.630549e+00	-1.121364e-01
9.640000e-01	-7.592286e-01	7.103818e-01	-1.742726e+00	-1.630592e+00	-1.121346e-01
9.650000e-01	-7.591993e-01	7.103519e-01	-1.742678e+00	-1.630538e+00	-1.121396e-01
9.660000e-01	-7.592257e-01	7.103787e-01	-1.742730e+00	-1.630591e+00	-1.121392e-01
9.670000e-01	-7.592081e-01	7.103615e-01	-1.742696e+00	-1.630556e+00	-1.121397e-01
9.680000e-01	-7.592319e-01	7.103857e-01	-1.742734e+00	-1.630599e+00	-1.121352e-01
9.690000e-01	-7.592033e-01	7.103569e-01	-1.742683e+00	-1.630545e+00	-1.121382e-01
9.700000e-01	-7.592237e-01	7.103767e-01	-1.742723e+00	-1.630585e+00	-1.121378e-01
9.710000e-01	-7.591963e-01	7.103491e-01	-1.742675e+00	-1.630534e+00	-1.121412e-01
9.720000e-01	-7.592271e-01	7.103797e-01	-1.742731e+00	-1.630593e+00	-1.121384e-01
9.730000e-01	-7.592052e-01	7.103586e-01	-1.742687e+00	-1.630549e+00	-1.121382e-01
9.740000e-01	-7.592310e-01	7.103845e-01	-1.742726e+00	-1.630594e+00	-1.121318e-01
9.750000e-01	-7.592114e-01	7.103649e-01	-1.742689e+00	-1.630556e+00	-1.121332e-01
9.760000e-01	-7.592304e-01	7.103837e-01	-1.742729e+00	-1.630595e+00	-1.121341e-01
9.770000e-01	-7.592046e-01	7.103574e-01	-1.742688e+00	-1.630549e+00	-1.121394e-01
9.780000e-01	-7.592275e-01	7.103794e-01	-1.742736e+00	-1.630596e+00	-1.121405e-01
9.790000e-01	-7.592057e-01	7.103589e-01	-1.742689e+00	-1.630550e+00	-1.121390e-01
9.800000e-01	-7.592265e-01	7.103803e-01	-1.742724e+00	-1.630588e+00	-1.121355e-01
9.810000e-01	-7.592011e-01	7.103562e-01	-1.742674e+00	-1.630538e+00	-1.121361e-01
9.820000e-01	-7.592250e-01	7.103799e-01	-1.742721e+00	-1.630586e+00	-1.121356e-01
9.830000e-01	-7.592064e-01	7.103616e-01	-1.742684e+00	-1.630548e+00	-1.121354e-01
9.840000e-01	-7.592312e-01	7.103855e-01	-1.742729e+00	-1.630596e+00	-1.121333e-01
9.850000e-01	-7.592076e-01	7.103618e-01	-1.742685e+00	-1.630550e+00	-1.121349e-01
9.860000e-01	-7.592296e-01	7.103830e-01	-1.742727e+00	-1.630593e+00	-1.121338e-01
9.870000e-01	-7.592051e-01	7.103579e-01	-1.742689e+00	-1.630549e+00	-1.121392e-01
9.880000e-01	-7.592222e-01	7.103748e-01	-1.742724e+00	-1.630584e+00	-1.121399e-01
9.890000e-01	-7.591973e-01	7.103509e-01	-1.742673e+00	-1.630534e+00	-1.121391e-01
9.900000e-01	-7.592243e-01	7.103784e-01	-1.742717e+00	-1.630583e+00	-1.121340e-01
9.910000e-01	-7.592133e-01	7.103703e-01	-1.742689e+00	-1.630558e+00	-1.121310e-01
9.920000e-01	-7.592365e-01	7.103931e-01	-1.742728e+00	-1.630600e+00	-1.121274e-01
9.930000e-01	-7.592039e-01	7.103596e-01	-1.742676e+00	-1.630542e+00	-1.121338e-01
9.940000e-01	-7.592156e-01	7.103689e-01	-1.742707e+00	-1.630569e+00	-1.121378e-01
9.950000e-01	-7.591983e-01	7.103524e-01	-1.742674e+00	-1.630535e+00	-1.121386e-01
9.960000e-01	-7.592239e-01	7.103789e-01	-1.742714e+00	-1.630581e+00	-1.121332e-01
9.970000e-01	-7.592031e-01	7.103589e-01	-1.742672e+00	-1.630539e+00	-1.121327e-01
9.980000e-01	-7.592219e-01	7.103761e-01	-1.742710e+00	-1.630577e+00	-1.121332e-01
9.990000e-01	-7.592022e-01	7.103568e-01	-1.742672e+00	-1.630538e+00	-1.121340e-01
1.000000e+00	-7.592261e-01	7.103807e-01	-1.742715e+00	-1.630584e+00	-1.121315e-01
