0.00125 	0.864339 	0.11584 	0
0.00175 	0.886152 	0.111391 	0
0.00225 	0.899849 	0.102429 	0
0.00275 	0.911689 	0.0953478 	0
0.00325 	0.922077 	0.0901775 	0
0.00375 	0.930792 	0.0859878 	0
0.00425 	0.937976 	0.0823097 	0
0.00475 	0.943948 	0.0789914 	0
0.00525 	0.949004 	0.075975 	0
0.00575 	0.953356 	0.0732216 	0
0.00625 	0.957155 	0.0706991 	0
0.00675 	0.960505 	0.0683807 	0
0.00725 	0.963486 	0.0662436 	0
0.00775 	0.96616 	0.0642677 	0
0.00825 	0.968573 	0.0624352 	0
0.00875 	0.970766 	0.0607304 	0
0.00925 	0.972769 	0.0591396 	0
0.00975 	0.974607 	0.0576508 	0
0.01025 	0.976302 	0.0562535 	0
0.01075 	0.977871 	0.0549387 	0
0.01125 	0.979329 	0.0536983 	0
0.01175 	0.980687 	0.0525252 	0
0.01225 	0.981957 	0.0514135 	0
0.01275 	0.983148 	0.0503576 	0
0.01325 	0.984268 	0.0493527 	0
0.01375 	0.985323 	0.0483947 	0
0.01425 	0.986319 	0.0474798 	0
0.01475 	0.987261 	0.0466045 	0
0.01525 	0.988155 	0.0457659 	0
0.01575 	0.989004 	0.0449612 	0
0.01625 	0.989812 	0.0441881 	0
0.01675 	0.990582 	0.0434443 	0
0.01725 	0.991316 	0.0427277 	0
0.01775 	0.992018 	0.0420367 	0
0.01825 	0.99269 	0.0413695 	0
0.01875 	0.993333 	0.0407246 	0
0.01925 	0.99395 	0.0401006 	0
0.01975 	0.994543 	0.0394964 	0
0.02025 	0.995112 	0.0389107 	0
0.02075 	0.99566 	0.0383424 	0
0.02125 	0.996188 	0.0377906 	0
0.02175 	0.996697 	0.0372544 	0
0.02225 	0.997188 	0.0367328 	0
0.02275 	0.997662 	0.0362253 	0
0.02325 	0.998119 	0.0357309 	0
0.02375 	0.998562 	0.035249 	0
0.02425 	0.99899 	0.0347791 	0
0.02475 	0.999405 	0.0343205 	0
0.02525 	0.999806 	0.0338727 	0
0.02575 	1.00019 	0.0334351 	0
0.02625 	1.00057 	0.0330074 	0
0.02675 	1.00094 	0.032589 	0
0.02725 	1.0013 	0.0321795 	0
0.02775 	1.00164 	0.0317785 	0
0.02825 	1.00198 	0.0313857 	0
0.02875 	1.00231 	0.0310007 	0
0.02925 	1.00263 	0.0306232 	0
0.02975 	1.00294 	0.0302529 	0
0.03025 	1.00324 	0.0298894 	0
0.03075 	1.00353 	0.0295326 	0
0.03125 	1.00382 	0.0291821 	0
0.03175 	1.0041 	0.0288376 	0
0.03225 	1.00437 	0.028499 	0
0.03275 	1.00464 	0.0281661 	0
0.03325 	1.0049 	0.0278385 	0
0.03375 	1.00515 	0.0275162 	0
0.03425 	1.0054 	0.0271989 	0
0.03475 	1.00564 	0.0268864 	0
0.03525 	1.00588 	0.0265786 	0
0.03575 	1.00611 	0.0262753 	0
0.03625 	1.00634 	0.0259763 	0
0.03675 	1.00656 	0.0256815 	0
0.03725 	1.00678 	0.0253908 	0
0.03775 	1.00699 	0.025104 	0
0.03825 	1.0072 	0.0248209 	0
0.03875 	1.0074 	0.0245415 	0
0.03925 	1.0076 	0.0242657 	0
0.03975 	1.0078 	0.0239932 	0
0.04025 	1.00799 	0.0237241 	0
0.04075 	1.00818 	0.0234581 	0
0.04125 	1.00836 	0.0231953 	0
0.04175 	1.00854 	0.0229354 	0
0.04225 	1.00872 	0.0226784 	0
0.04275 	1.00889 	0.0224243 	0
0.04325 	1.00906 	0.0221728 	0
0.04375 	1.00923 	0.021924 	0
0.04425 	1.00939 	0.0216778 	0
0.04475 	1.00955 	0.0214341 	0
0.04525 	1.00971 	0.0211927 	0
0.04575 	1.00987 	0.0209537 	0
0.04625 	1.01002 	0.0207169 	0
0.04675 	1.01017 	0.0204824 	0
0.04725 	1.01032 	0.02025 	0
0.04775 	1.01047 	0.0200196 	0
0.04825 	1.01061 	0.0197913 	0
0.04875 	1.01075 	0.0195649 	0
0.04925 	1.01088 	0.0193404 	0
0.04975 	1.01102 	0.0191177 	0
0.05025 	1.01116 	0.0188968 	0
0.05075 	1.01129 	0.0186776 	0
0.05125 	1.01142 	0.0184602 	0
0.05175 	1.01154 	0.0182443 	0
0.05225 	1.01167 	0.0180301 	0
0.05275 	1.01179 	0.0178173 	0
0.05325 	1.01191 	0.0176061 	0
0.05375 	1.01203 	0.0173964 	0
0.05425 	1.01215 	0.017188 	0
0.05475 	1.01226 	0.016981 	0
0.05525 	1.01238 	0.0167753 	0
0.05575 	1.01249 	0.0165709 	0
0.05625 	1.0126 	0.0163678 	0
0.05675 	1.01271 	0.0161659 	0
0.05725 	1.01282 	0.0159651 	0
0.05775 	1.01292 	0.0157655 	0
0.05825 	1.01302 	0.015567 	0
0.05875 	1.01313 	0.0153696 	0
0.05925 	1.01323 	0.0151733 	0
0.05975 	1.01333 	0.0149779 	0
0.06025 	1.01342 	0.0147835 	0
0.06075 	1.01352 	0.01459 	0
0.06125 	1.01362 	0.0143975 	0
0.06175 	1.01371 	0.0142059 	0
0.06225 	1.0138 	0.0140151 	0
0.06275 	1.01389 	0.0138251 	0
0.06325 	1.01398 	0.013636 	0
0.06375 	1.01407 	0.0134477 	0
0.06425 	1.01416 	0.0132601 	0
0.06475 	1.01425 	0.0130732 	0
0.06525 	1.01433 	0.012887 	0
0.06575 	1.01442 	0.0127014 	0
0.06625 	1.0145 	0.0125166 	0
0.06675 	1.01458 	0.0123323 	0
0.06725 	1.01466 	0.0121487 	0
0.06775 	1.01474 	0.0119656 	0
0.06825 	1.01482 	0.011783 	0
0.06875 	1.01489 	0.011601 	0
0.06925 	1.01497 	0.0114195 	0
0.06975 	1.01505 	0.0112385 	0
0.07025 	1.01512 	0.011058 	0
0.07075 	1.01519 	0.0108778 	0
0.07125 	1.01526 	0.0106981 	0
0.07175 	1.01533 	0.0105188 	0
0.07225 	1.01541 	0.0103398 	0
0.07275 	1.01547 	0.0101612 	0
0.07325 	1.01554 	0.00998289 	0
0.07375 	1.01561 	0.00980489 	0
0.07425 	1.01568 	0.00962718 	0
0.07475 	1.01574 	0.00944972 	0
0.07525 	1.01581 	0.00927249 	0
0.07575 	1.01587 	0.00909548 	0
0.07625 	1.01593 	0.00891866 	0
0.07675 	1.016 	0.008742 	0
0.07725 	1.01606 	0.0085655 	0
0.07775 	1.01612 	0.00838911 	0
0.07825 	1.01618 	0.00821283 	0
0.07875 	1.01624 	0.00803662 	0
0.07925 	1.01629 	0.00786047 	0
0.07975 	1.01635 	0.00768435 	0
0.08025 	1.01641 	0.00750824 	0
0.08075 	1.01646 	0.00733211 	0
0.08125 	1.01652 	0.00715594 	0
0.08175 	1.01657 	0.0069797 	0
0.08225 	1.01662 	0.00680337 	0
0.08275 	1.01668 	0.00662692 	0
0.08325 	1.01673 	0.00645033 	0
0.08375 	1.01678 	0.00627356 	0
0.08425 	1.01683 	0.00609659 	0
0.08475 	1.01688 	0.00591938 	0
0.08525 	1.01693 	0.00574192 	0
0.08575 	1.01698 	0.00556415 	0
0.08625 	1.01703 	0.00538606 	0
0.08675 	1.01708 	0.0052076 	0
0.08725 	1.01712 	0.00502874 	0
0.08775 	1.01717 	0.00484944 	0
0.08825 	1.01721 	0.00466966 	0
0.08875 	1.01726 	0.00448936 	0
0.08925 	1.0173 	0.00430848 	0
0.08975 	1.01735 	0.00412699 	0
0.09025 	1.01739 	0.00394481 	0
0.09075 	1.01743 	0.00376191 	0
0.09125 	1.01747 	0.0035782 	0
0.09175 	1.01752 	0.00339363 	0
0.09225 	1.01756 	0.00320812 	0
0.09275 	1.0176 	0.00302157 	0
0.09325 	1.01764 	0.00283389 	0
0.09375 	1.01768 	0.00264497 	0
0.09425 	1.01772 	0.00245468 	0
0.09475 	1.01776 	0.00226287 	0
0.09525 	1.01779 	0.00206935 	0
0.09575 	1.01783 	0.00187391 	0
0.09625 	1.01787 	0.00167628 	0
0.09675 	1.01791 	0.00147612 	0
0.09725 	1.01794 	0.0012731 	0
0.09775 	1.01798 	0.00106676 	0
0.09825 	1.01802 	0.000855829 	0
0.09875 	1.01806 	0.000636304 	0
0.09925 	1.0181 	0.000405879 	0
0.09975 	1.01813 	0.000144054 	0
