# Force coefficients
# liftDir    : (0.000000e+00 1.000000e+00 0.000000e+00)
# dragDir    : (1.000000e+00 0.000000e+00 0.000000e+00)
# pitchAxis  : (0.000000e+00 0.000000e+00 1.000000e+00)
# magUInf    : 5.148000e+01
# lRef       : 4.530000e-01
# Aref       : 4.348800e-01
# CofR       : (0.000000e+00 0.000000e+00 0.000000e+00)
# Time       	Cm           	Cd           	Cl           	Cl(f)        	Cl(r)        	Cm	Cd	Cl	Cl(f)	Cl(r)
1.000000e-03	-1.407713e-03	1.538022e-03	-2.372247e-03	-2.593837e-03	2.215901e-04
2.000000e-03	-5.362738e-03	6.041456e-03	-9.574766e-03	-1.015012e-02	5.753552e-04
3.000000e-03	-7.907254e-03	8.947863e-03	-1.485724e-02	-1.533588e-02	4.786319e-04
4.000000e-03	-8.351608e-03	9.446107e-03	-1.656577e-02	-1.663449e-02	6.872175e-05
5.000000e-03	-7.967407e-03	8.950811e-03	-1.689289e-02	-1.641385e-02	-4.790363e-04
6.000000e-03	-7.895798e-03	8.691135e-03	-1.785288e-02	-1.682224e-02	-1.030639e-03
7.000000e-03	-8.354656e-03	8.918838e-03	-1.969602e-02	-1.820267e-02	-1.493355e-03
8.000000e-03	-9.720761e-03	1.012758e-02	-2.314589e-02	-2.129370e-02	-1.852183e-03
9.000000e-03	-1.163342e-02	1.195814e-02	-2.757265e-02	-2.541975e-02	-2.152899e-03
1.000000e-02	-1.364500e-02	1.393910e-02	-3.215931e-02	-2.972465e-02	-2.434660e-03
1.100000e-02	-1.539039e-02	1.565539e-02	-3.627849e-02	-3.352963e-02	-2.748855e-03
1.200000e-02	-1.699249e-02	1.724452e-02	-4.015926e-02	-3.707212e-02	-3.087137e-03
1.300000e-02	-1.844967e-02	1.868089e-02	-4.383484e-02	-4.036709e-02	-3.467755e-03
1.400000e-02	-1.991157e-02	2.011781e-02	-4.755596e-02	-4.368955e-02	-3.866411e-03
1.500000e-02	-2.163805e-02	2.182887e-02	-5.183207e-02	-4.755409e-02	-4.277986e-03
1.600000e-02	-2.384969e-02	2.404935e-02	-5.712316e-02	-5.241127e-02	-4.711891e-03
1.700000e-02	-2.653816e-02	2.674377e-02	-6.347876e-02	-5.827754e-02	-5.201221e-03
1.800000e-02	-2.949946e-02	2.970225e-02	-7.052438e-02	-6.476165e-02	-5.762727e-03
1.900000e-02	-3.258330e-02	3.274028e-02	-7.802979e-02	-7.159819e-02	-6.431598e-03
2.000000e-02	-3.566681e-02	3.573105e-02	-8.569437e-02	-7.851399e-02	-7.180378e-03
2.100000e-02	-3.860838e-02	3.854002e-02	-9.319100e-02	-8.520388e-02	-7.987122e-03
2.200000e-02	-4.136566e-02	4.113265e-02	-1.003732e-01	-9.155226e-02	-8.820932e-03
2.300000e-02	-4.411616e-02	4.369661e-02	-1.075921e-01	-9.791220e-02	-9.679886e-03
2.400000e-02	-4.699864e-02	4.639540e-02	-1.150558e-01	-1.045265e-01	-1.052925e-02
2.500000e-02	-5.020857e-02	4.943940e-02	-1.231769e-01	-1.117970e-01	-1.137986e-02
2.600000e-02	-5.376888e-02	5.286307e-02	-1.319772e-01	-1.197575e-01	-1.221973e-02
2.700000e-02	-5.771802e-02	5.669885e-02	-1.416366e-01	-1.285363e-01	-1.310030e-02
2.800000e-02	-6.198136e-02	6.086586e-02	-1.520399e-01	-1.380013e-01	-1.403861e-02
2.900000e-02	-6.644458e-02	6.524062e-02	-1.629954e-01	-1.479423e-01	-1.505312e-02
3.000000e-02	-7.095802e-02	6.967516e-02	-1.741506e-01	-1.580333e-01	-1.611729e-02
3.100000e-02	-7.538981e-02	7.403526e-02	-1.852172e-01	-1.679984e-01	-1.721881e-02
3.200000e-02	-7.983914e-02	7.841876e-02	-1.963408e-01	-1.780095e-01	-1.833123e-02
3.300000e-02	-8.432372e-02	8.285269e-02	-2.075211e-01	-1.880843e-01	-1.943684e-02
3.400000e-02	-8.892381e-02	8.742157e-02	-2.189069e-01	-1.983773e-01	-2.052965e-02
3.500000e-02	-9.375522e-02	9.224268e-02	-2.307413e-01	-2.091259e-01	-2.161544e-02
3.600000e-02	-9.884186e-02	9.734655e-02	-2.430644e-01	-2.203741e-01	-2.269034e-02
3.700000e-02	-1.041517e-01	1.027024e-01	-2.558320e-01	-2.320677e-01	-2.376428e-02
3.800000e-02	-1.096973e-01	1.083155e-01	-2.690456e-01	-2.442201e-01	-2.482554e-02
3.900000e-02	-1.153237e-01	1.140276e-01	-2.824354e-01	-2.565414e-01	-2.589401e-02
4.000000e-02	-1.211237e-01	1.199147e-01	-2.962007e-01	-2.692241e-01	-2.697664e-02
4.100000e-02	-1.270585e-01	1.259267e-01	-3.102397e-01	-2.821783e-01	-2.806136e-02
4.200000e-02	-1.331194e-01	1.320511e-01	-3.245163e-01	-2.953776e-01	-2.913877e-02
4.300000e-02	-1.392536e-01	1.382414e-01	-3.389003e-01	-3.087037e-01	-3.019656e-02
4.400000e-02	-1.455211e-01	1.445575e-01	-3.534577e-01	-3.222500e-01	-3.120771e-02
4.500000e-02	-1.518756e-01	1.509648e-01	-3.680346e-01	-3.358929e-01	-3.214172e-02
4.600000e-02	-1.583335e-01	1.574795e-01	-3.826104e-01	-3.496387e-01	-3.297174e-02
4.700000e-02	-1.649073e-01	1.641100e-01	-3.972676e-01	-3.635411e-01	-3.372651e-02
4.800000e-02	-1.716959e-01	1.709513e-01	-4.121721e-01	-3.777819e-01	-3.439016e-02
4.900000e-02	-1.786668e-01	1.779584e-01	-4.273529e-01	-3.923433e-01	-3.500964e-02
5.000000e-02	-1.858185e-01	1.851165e-01	-4.428744e-01	-4.072557e-01	-3.561869e-02
5.100000e-02	-1.929548e-01	1.922294e-01	-4.584058e-01	-4.221577e-01	-3.624810e-02
5.200000e-02	-2.000341e-01	1.992494e-01	-4.738338e-01	-4.369510e-01	-3.688279e-02
5.300000e-02	-2.070106e-01	2.061342e-01	-4.890312e-01	-4.515262e-01	-3.750498e-02
5.400000e-02	-2.138574e-01	2.128507e-01	-5.039264e-01	-4.658206e-01	-3.810578e-02
5.500000e-02	-2.204760e-01	2.193045e-01	-5.183109e-01	-4.796314e-01	-3.867947e-02
5.600000e-02	-2.269255e-01	2.255551e-01	-5.322848e-01	-4.930680e-01	-3.921687e-02
5.700000e-02	-2.332399e-01	2.316401e-01	-5.459200e-01	-5.061999e-01	-3.972013e-02
5.800000e-02	-2.394933e-01	2.376310e-01	-5.593630e-01	-5.191747e-01	-4.018823e-02
5.900000e-02	-2.457932e-01	2.436282e-01	-5.728720e-01	-5.322292e-01	-4.064285e-02
6.000000e-02	-2.520549e-01	2.495374e-01	-5.863401e-01	-5.452250e-01	-4.111514e-02
6.100000e-02	-2.582299e-01	2.553054e-01	-5.997154e-01	-5.580876e-01	-4.162779e-02
6.200000e-02	-2.643191e-01	2.609339e-01	-6.130067e-01	-5.708224e-01	-4.218431e-02
6.300000e-02	-2.702924e-01	2.664002e-01	-6.261403e-01	-5.833626e-01	-4.277773e-02
6.400000e-02	-2.761617e-01	2.717236e-01	-6.391300e-01	-5.957267e-01	-4.340334e-02
6.500000e-02	-2.818885e-01	2.768738e-01	-6.518941e-01	-6.078356e-01	-4.405853e-02
6.600000e-02	-2.875472e-01	2.819340e-01	-6.645473e-01	-6.198209e-01	-4.472640e-02
6.700000e-02	-2.930419e-01	2.868175e-01	-6.768899e-01	-6.314869e-01	-4.540303e-02
6.800000e-02	-2.982996e-01	2.914643e-01	-6.887695e-01	-6.426844e-01	-4.608510e-02
6.900000e-02	-3.032999e-01	2.958670e-01	-7.001163e-01	-6.533580e-01	-4.675829e-02
7.000000e-02	-3.080135e-01	3.000079e-01	-7.108422e-01	-6.634346e-01	-4.740755e-02
7.100000e-02	-3.124894e-01	3.039408e-01	-7.210445e-01	-6.730116e-01	-4.803287e-02
7.200000e-02	-3.167601e-01	3.077003e-01	-7.307714e-01	-6.821458e-01	-4.862555e-02
7.300000e-02	-3.209045e-01	3.113600e-01	-7.402021e-01	-6.910056e-01	-4.919653e-02
7.400000e-02	-3.249558e-01	3.149457e-01	-7.494281e-01	-6.996698e-01	-4.975829e-02
7.500000e-02	-3.288895e-01	3.184481e-01	-7.583836e-01	-7.080813e-01	-5.030228e-02
7.600000e-02	-3.326761e-01	3.218488e-01	-7.669971e-01	-7.161747e-01	-5.082243e-02
7.700000e-02	-3.363094e-01	3.251352e-01	-7.752671e-01	-7.239430e-01	-5.132416e-02
7.800000e-02	-3.397999e-01	3.283219e-01	-7.832097e-01	-7.314048e-01	-5.180490e-02
7.900000e-02	-3.431952e-01	3.314573e-01	-7.908799e-01	-7.386352e-01	-5.224471e-02
8.000000e-02	-3.465124e-01	3.345657e-01	-7.982870e-01	-7.456559e-01	-5.263104e-02
8.100000e-02	-3.498025e-01	3.376984e-01	-8.055102e-01	-7.525576e-01	-5.295265e-02
8.200000e-02	-3.530824e-01	3.408742e-01	-8.125653e-01	-7.593650e-01	-5.320028e-02
8.300000e-02	-3.564024e-01	3.441465e-01	-8.195180e-01	-7.661614e-01	-5.335658e-02
8.400000e-02	-3.597419e-01	3.474965e-01	-8.263113e-01	-7.728976e-01	-5.341377e-02
8.500000e-02	-3.630461e-01	3.508621e-01	-8.328633e-01	-7.794777e-01	-5.338556e-02
8.600000e-02	-3.663811e-01	3.543067e-01	-8.393000e-01	-7.860311e-01	-5.326885e-02
8.700000e-02	-3.697132e-01	3.577944e-01	-8.455596e-01	-7.924930e-01	-5.306659e-02
8.800000e-02	-3.729765e-01	3.612502e-01	-8.515340e-01	-7.987435e-01	-5.279053e-02
8.900000e-02	-3.760743e-01	3.645831e-01	-8.570245e-01	-8.045865e-01	-5.243796e-02
9.000000e-02	-3.790560e-01	3.678532e-01	-8.620848e-01	-8.100984e-01	-5.198640e-02
9.100000e-02	-3.818989e-01	3.710421e-01	-8.666743e-01	-8.152361e-01	-5.143826e-02
9.200000e-02	-3.846539e-01	3.741975e-01	-8.708679e-01	-8.200878e-01	-5.078007e-02
9.300000e-02	-3.873212e-01	3.773174e-01	-8.746469e-01	-8.246447e-01	-5.000225e-02
9.400000e-02	-3.898135e-01	3.803146e-01	-8.778357e-01	-8.287313e-01	-4.910438e-02
9.500000e-02	-3.921641e-01	3.832287e-01	-8.804395e-01	-8.323838e-01	-4.805564e-02
9.600000e-02	-3.943269e-01	3.860295e-01	-8.823187e-01	-8.354863e-01	-4.683242e-02
9.700000e-02	-3.963198e-01	3.887202e-01	-8.835331e-01	-8.380863e-01	-4.544680e-02
9.800000e-02	-3.982907e-01	3.914132e-01	-8.845251e-01	-8.405533e-01	-4.397182e-02
9.900000e-02	-4.001980e-01	3.940341e-01	-8.853734e-01	-8.428847e-01	-4.248872e-02
1.000000e-01	-4.020209e-01	3.965433e-01	-8.861998e-01	-8.451207e-01	-4.107902e-02
1.010000e-01	-4.037227e-01	3.988983e-01	-8.869675e-01	-8.472065e-01	-3.976100e-02
1.020000e-01	-4.053503e-01	4.011556e-01	-8.877658e-01	-8.492332e-01	-3.853255e-02
1.030000e-01	-4.068624e-01	4.032745e-01	-8.884827e-01	-8.511038e-01	-3.737895e-02
1.040000e-01	-4.083149e-01	4.053174e-01	-8.892484e-01	-8.529391e-01	-3.630926e-02
1.050000e-01	-4.097114e-01	4.072805e-01	-8.900509e-01	-8.547369e-01	-3.531404e-02
1.060000e-01	-4.110412e-01	4.091503e-01	-8.908964e-01	-8.564894e-01	-3.440698e-02
1.070000e-01	-4.122613e-01	4.108870e-01	-8.917129e-01	-8.581177e-01	-3.359521e-02
1.080000e-01	-4.134088e-01	4.125273e-01	-8.925788e-01	-8.596982e-01	-3.288054e-02
1.090000e-01	-4.144498e-01	4.140320e-01	-8.933910e-01	-8.611453e-01	-3.224564e-02
1.100000e-01	-4.155237e-01	4.155265e-01	-8.944509e-01	-8.627491e-01	-3.170178e-02
1.110000e-01	-4.166547e-01	4.170428e-01	-8.957586e-01	-8.645340e-01	-3.122456e-02
1.120000e-01	-4.178223e-01	4.185577e-01	-8.973008e-01	-8.664727e-01	-3.082808e-02
1.130000e-01	-4.189537e-01	4.199944e-01	-8.989042e-01	-8.684057e-01	-3.049842e-02
1.140000e-01	-4.200925e-01	4.214066e-01	-9.006436e-01	-8.704143e-01	-3.022929e-02
1.150000e-01	-4.213225e-01	4.228695e-01	-9.026934e-01	-8.726692e-01	-3.002413e-02
1.160000e-01	-4.227223e-01	4.244711e-01	-9.051494e-01	-8.752970e-01	-2.985239e-02
1.170000e-01	-4.244312e-01	4.263341e-01	-9.083032e-01	-8.785828e-01	-2.972035e-02
1.180000e-01	-4.263942e-01	4.284080e-01	-9.120411e-01	-8.824147e-01	-2.962642e-02
1.190000e-01	-4.286001e-01	4.306682e-01	-9.163863e-01	-8.867932e-01	-2.959310e-02
1.200000e-01	-4.310396e-01	4.331034e-01	-9.213292e-01	-8.917042e-01	-2.962505e-02
1.210000e-01	-4.336262e-01	4.355971e-01	-9.267984e-01	-8.970254e-01	-2.977296e-02
1.220000e-01	-4.363191e-01	4.381250e-01	-9.327157e-01	-9.026770e-01	-3.003872e-02
1.230000e-01	-4.390214e-01	4.405703e-01	-9.389500e-01	-9.084964e-01	-3.045363e-02
1.240000e-01	-4.416204e-01	4.428383e-01	-9.452334e-01	-9.142371e-01	-3.099631e-02
1.250000e-01	-4.441335e-01	4.449277e-01	-9.516164e-01	-9.199417e-01	-3.167470e-02
1.260000e-01	-4.466446e-01	4.469538e-01	-9.581906e-01	-9.257399e-01	-3.245070e-02
1.270000e-01	-4.491948e-01	4.489529e-01	-9.649772e-01	-9.316834e-01	-3.329376e-02
1.280000e-01	-4.518999e-01	4.510630e-01	-9.721578e-01	-9.379788e-01	-3.417899e-02
1.290000e-01	-4.547980e-01	4.533040e-01	-9.798095e-01	-9.447028e-01	-3.510673e-02
1.300000e-01	-4.577792e-01	4.555682e-01	-9.877670e-01	-9.516627e-01	-3.610429e-02
1.310000e-01	-4.608381e-01	4.578539e-01	-9.959668e-01	-9.588215e-01	-3.714532e-02
1.320000e-01	-4.638460e-01	4.600586e-01	-1.004150e+00	-9.659209e-01	-3.822883e-02
1.330000e-01	-4.667994e-01	4.622160e-01	-1.012132e+00	-9.728653e-01	-3.926647e-02
1.340000e-01	-4.695817e-01	4.642455e-01	-1.019631e+00	-9.793972e-01	-4.023376e-02
1.350000e-01	-4.721686e-01	4.661425e-01	-1.026528e+00	-9.854325e-01	-4.109525e-02
1.360000e-01	-4.746101e-01	4.679870e-01	-1.032866e+00	-9.910434e-01	-4.182310e-02
1.370000e-01	-4.771020e-01	4.699883e-01	-1.038933e+00	-9.965686e-01	-4.236455e-02
1.380000e-01	-4.798453e-01	4.723491e-01	-1.045128e+00	-1.002409e+00	-4.271849e-02
1.390000e-01	-4.826910e-01	4.748843e-01	-1.051245e+00	-1.008314e+00	-4.293154e-02
1.400000e-01	-4.853985e-01	4.773315e-01	-1.056932e+00	-1.013865e+00	-4.306765e-02
1.410000e-01	-4.875856e-01	4.793203e-01	-1.061435e+00	-1.018303e+00	-4.313218e-02
1.420000e-01	-4.885462e-01	4.801831e-01	-1.063352e+00	-1.020222e+00	-4.312978e-02
1.430000e-01	-4.880910e-01	4.796908e-01	-1.062496e+00	-1.019339e+00	-4.315689e-02
1.440000e-01	-4.865667e-01	4.781838e-01	-1.059491e+00	-1.016312e+00	-4.317883e-02
1.450000e-01	-4.847924e-01	4.764998e-01	-1.055909e+00	-1.012747e+00	-4.316211e-02
1.460000e-01	-4.832534e-01	4.751338e-01	-1.052599e+00	-1.009553e+00	-4.304638e-02
1.470000e-01	-4.821693e-01	4.742978e-01	-1.050087e+00	-1.007213e+00	-4.287403e-02
1.480000e-01	-4.812436e-01	4.736718e-01	-1.047934e+00	-1.005211e+00	-4.272329e-02
1.490000e-01	-4.802379e-01	4.730154e-01	-1.045738e+00	-1.003107e+00	-4.263113e-02
1.500000e-01	-4.789258e-01	4.720826e-01	-1.043133e+00	-1.000492e+00	-4.264057e-02
1.510000e-01	-4.770620e-01	4.705740e-01	-1.039772e+00	-9.969481e-01	-4.282420e-02
1.520000e-01	-4.743171e-01	4.681089e-01	-1.035108e+00	-9.918713e-01	-4.323713e-02
1.530000e-01	-4.709841e-01	4.649819e-01	-1.029550e+00	-9.857591e-01	-4.379083e-02
1.540000e-01	-4.674378e-01	4.615655e-01	-1.023670e+00	-9.792728e-01	-4.439721e-02
1.550000e-01	-4.642931e-01	4.584976e-01	-1.018449e+00	-9.735174e-01	-4.493114e-02
1.560000e-01	-4.620181e-01	4.562694e-01	-1.014600e+00	-9.693183e-01	-4.528206e-02
1.570000e-01	-4.610281e-01	4.552957e-01	-1.012860e+00	-9.674583e-01	-4.540213e-02
1.580000e-01	-4.614079e-01	4.556369e-01	-1.013466e+00	-9.681411e-01	-4.532535e-02
1.590000e-01	-4.629353e-01	4.570412e-01	-1.016132e+00	-9.710012e-01	-4.513049e-02
1.600000e-01	-4.651060e-01	4.589954e-01	-1.020018e+00	-9.751151e-01	-4.490313e-02
1.610000e-01	-4.674146e-01	4.610350e-01	-1.024170e+00	-9.794994e-01	-4.467027e-02
1.620000e-01	-4.695365e-01	4.628973e-01	-1.027947e+00	-9.835099e-01	-4.443680e-02
1.630000e-01	-4.713991e-01	4.645919e-01	-1.031008e+00	-9.869032e-01	-4.410506e-02
1.640000e-01	-4.731115e-01	4.662500e-01	-1.033493e+00	-9.898580e-01	-4.363498e-02
1.650000e-01	-4.747877e-01	4.680007e-01	-1.035589e+00	-9.925820e-01	-4.300658e-02
1.660000e-01	-4.765132e-01	4.699102e-01	-1.037464e+00	-9.952449e-01	-4.221862e-02
1.670000e-01	-4.782708e-01	4.719269e-01	-1.039088e+00	-9.978147e-01	-4.127312e-02
1.680000e-01	-4.800823e-01	4.740612e-01	-1.040618e+00	-1.000391e+00	-4.022649e-02
1.690000e-01	-4.818472e-01	4.762287e-01	-1.041951e+00	-1.002823e+00	-3.912826e-02
1.700000e-01	-4.833734e-01	4.782179e-01	-1.042824e+00	-1.004786e+00	-3.803871e-02
1.710000e-01	-4.845262e-01	4.798861e-01	-1.043060e+00	-1.006056e+00	-3.700362e-02
1.720000e-01	-4.852145e-01	4.811267e-01	-1.042550e+00	-1.006489e+00	-3.606038e-02
1.730000e-01	-4.855029e-01	4.819887e-01	-1.041400e+00	-1.006203e+00	-3.519692e-02
1.740000e-01	-4.854839e-01	4.825400e-01	-1.039741e+00	-1.005354e+00	-3.438643e-02
1.750000e-01	-4.852701e-01	4.828798e-01	-1.037798e+00	-1.004169e+00	-3.362873e-02
1.760000e-01	-4.849461e-01	4.830933e-01	-1.035758e+00	-1.002825e+00	-3.293274e-02
1.770000e-01	-4.846906e-01	4.833691e-01	-1.033909e+00	-1.001645e+00	-3.226402e-02
1.780000e-01	-4.845343e-01	4.837258e-01	-1.032322e+00	-1.000695e+00	-3.162686e-02
1.790000e-01	-4.845396e-01	4.842328e-01	-1.031198e+00	-1.000139e+00	-3.105955e-02
1.800000e-01	-4.846211e-01	4.847814e-01	-1.030509e+00	-9.998756e-01	-3.063347e-02
1.810000e-01	-4.846603e-01	4.852215e-01	-1.030105e+00	-9.997126e-01	-3.039204e-02
1.820000e-01	-4.844694e-01	4.853204e-01	-1.029737e+00	-9.993377e-01	-3.039902e-02
1.830000e-01	-4.840281e-01	4.850468e-01	-1.029377e+00	-9.987167e-01	-3.066048e-02
1.840000e-01	-4.833866e-01	4.844653e-01	-1.029006e+00	-9.978898e-01	-3.111650e-02
1.850000e-01	-4.827883e-01	4.838601e-01	-1.028867e+00	-9.972220e-01	-3.164542e-02
1.860000e-01	-4.824033e-01	4.834207e-01	-1.029201e+00	-9.970038e-01	-3.219714e-02
1.870000e-01	-4.824274e-01	4.833507e-01	-1.030336e+00	-9.975953e-01	-3.274039e-02
1.880000e-01	-4.828024e-01	4.835584e-01	-1.032220e+00	-9.989123e-01	-3.330757e-02
1.890000e-01	-4.835243e-01	4.840298e-01	-1.034876e+00	-1.000962e+00	-3.391363e-02
1.900000e-01	-4.846017e-01	4.847720e-01	-1.038359e+00	-1.003781e+00	-3.457767e-02
1.910000e-01	-4.861574e-01	4.859176e-01	-1.042879e+00	-1.007597e+00	-3.528218e-02
1.920000e-01	-4.882248e-01	4.874995e-01	-1.048499e+00	-1.012474e+00	-3.602468e-02
1.930000e-01	-4.908647e-01	4.895753e-01	-1.055328e+00	-1.018529e+00	-3.679938e-02
1.940000e-01	-4.939922e-01	4.920459e-01	-1.063267e+00	-1.025626e+00	-3.764119e-02
1.950000e-01	-4.976118e-01	4.949118e-01	-1.072363e+00	-1.033793e+00	-3.856962e-02
1.960000e-01	-5.015990e-01	4.980397e-01	-1.082425e+00	-1.042812e+00	-3.961360e-02
1.970000e-01	-5.059428e-01	5.014400e-01	-1.093362e+00	-1.052624e+00	-4.073810e-02
1.980000e-01	-5.105467e-01	5.050376e-01	-1.104967e+00	-1.063030e+00	-4.193669e-02
1.990000e-01	-5.154167e-01	5.088676e-01	-1.117173e+00	-1.074003e+00	-4.316991e-02
2.000000e-01	-5.204440e-01	5.128327e-01	-1.129718e+00	-1.085303e+00	-4.441497e-02
2.010000e-01	-5.255598e-01	5.168948e-01	-1.142421e+00	-1.096771e+00	-4.565090e-02
2.020000e-01	-5.305408e-01	5.208497e-01	-1.154825e+00	-1.107953e+00	-4.687177e-02
2.030000e-01	-5.353231e-01	5.246724e-01	-1.166700e+00	-1.118673e+00	-4.802710e-02
2.040000e-01	-5.396791e-01	5.281656e-01	-1.177559e+00	-1.128459e+00	-4.910055e-02
2.050000e-01	-5.434805e-01	5.312268e-01	-1.187103e+00	-1.137032e+00	-5.007119e-02
2.060000e-01	-5.464756e-01	5.336097e-01	-1.194849e+00	-1.143900e+00	-5.094895e-02
2.070000e-01	-5.486152e-01	5.352725e-01	-1.200705e+00	-1.148968e+00	-5.173754e-02
2.080000e-01	-5.497602e-01	5.360493e-01	-1.204468e+00	-1.151994e+00	-5.247369e-02
2.090000e-01	-5.500266e-01	5.360431e-01	-1.206377e+00	-1.153215e+00	-5.316199e-02
2.100000e-01	-5.495731e-01	5.353755e-01	-1.206815e+00	-1.152980e+00	-5.383421e-02
2.110000e-01	-5.486836e-01	5.343021e-01	-1.206380e+00	-1.151873e+00	-5.450616e-02
2.120000e-01	-5.474520e-01	5.328774e-01	-1.205346e+00	-1.150125e+00	-5.522110e-02
2.130000e-01	-5.460370e-01	5.312463e-01	-1.204024e+00	-1.148049e+00	-5.597486e-02
2.140000e-01	-5.445926e-01	5.295548e-01	-1.202659e+00	-1.145922e+00	-5.673667e-02
2.150000e-01	-5.434349e-01	5.281419e-01	-1.201728e+00	-1.144299e+00	-5.742931e-02
2.160000e-01	-5.427392e-01	5.272035e-01	-1.201493e+00	-1.143486e+00	-5.800733e-02
2.170000e-01	-5.426532e-01	5.269040e-01	-1.202188e+00	-1.143747e+00	-5.844105e-02
2.180000e-01	-5.430937e-01	5.271553e-01	-1.203693e+00	-1.144940e+00	-5.875298e-02
2.190000e-01	-5.439642e-01	5.278529e-01	-1.205902e+00	-1.146915e+00	-5.898693e-02
2.200000e-01	-5.450778e-01	5.287929e-01	-1.208531e+00	-1.149343e+00	-5.918770e-02
2.210000e-01	-5.463598e-01	5.299072e-01	-1.211433e+00	-1.152076e+00	-5.935664e-02
2.220000e-01	-5.476963e-01	5.310854e-01	-1.214371e+00	-1.154882e+00	-5.948908e-02
2.230000e-01	-5.491111e-01	5.323678e-01	-1.217332e+00	-1.157777e+00	-5.955496e-02
2.240000e-01	-5.506054e-01	5.337676e-01	-1.220279e+00	-1.160745e+00	-5.953398e-02
2.250000e-01	-5.522171e-01	5.353342e-01	-1.223250e+00	-1.163842e+00	-5.940769e-02
2.260000e-01	-5.538963e-01	5.370167e-01	-1.226185e+00	-1.166989e+00	-5.919636e-02
2.270000e-01	-5.556044e-01	5.387769e-01	-1.229014e+00	-1.170111e+00	-5.890241e-02
2.280000e-01	-5.572172e-01	5.404809e-01	-1.231575e+00	-1.173005e+00	-5.857016e-02
2.290000e-01	-5.587054e-01	5.421022e-01	-1.233804e+00	-1.175608e+00	-5.819679e-02
2.300000e-01	-5.599946e-01	5.435592e-01	-1.235578e+00	-1.177784e+00	-5.779444e-02
2.310000e-01	-5.611040e-01	5.448728e-01	-1.236907e+00	-1.179558e+00	-5.734950e-02
2.320000e-01	-5.619912e-01	5.459928e-01	-1.237732e+00	-1.180857e+00	-5.687467e-02
2.330000e-01	-5.626885e-01	5.469543e-01	-1.238108e+00	-1.181743e+00	-5.636558e-02
2.340000e-01	-5.631810e-01	5.477314e-01	-1.238014e+00	-1.182188e+00	-5.582621e-02
2.350000e-01	-5.635049e-01	5.483678e-01	-1.237496e+00	-1.182253e+00	-5.524296e-02
2.360000e-01	-5.636549e-01	5.488528e-01	-1.236612e+00	-1.181961e+00	-5.465127e-02
2.370000e-01	-5.636618e-01	5.492181e-01	-1.235387e+00	-1.181355e+00	-5.403157e-02
2.380000e-01	-5.635142e-01	5.494432e-01	-1.233815e+00	-1.180421e+00	-5.339314e-02
2.390000e-01	-5.632599e-01	5.495823e-01	-1.232002e+00	-1.179261e+00	-5.274105e-02
2.400000e-01	-5.628795e-01	5.496031e-01	-1.229960e+00	-1.177860e+00	-5.210068e-02
2.410000e-01	-5.624063e-01	5.495392e-01	-1.227726e+00	-1.176269e+00	-5.145660e-02
2.420000e-01	-5.618197e-01	5.493629e-01	-1.225270e+00	-1.174455e+00	-5.081533e-02
2.430000e-01	-5.611859e-01	5.491465e-01	-1.222742e+00	-1.172557e+00	-5.018490e-02
2.440000e-01	-5.604866e-01	5.488605e-01	-1.220112e+00	-1.170543e+00	-4.956944e-02
2.450000e-01	-5.597735e-01	5.485586e-01	-1.217464e+00	-1.168506e+00	-4.895856e-02
2.460000e-01	-5.590078e-01	5.482003e-01	-1.214740e+00	-1.166378e+00	-4.836213e-02
2.470000e-01	-5.582467e-01	5.478436e-01	-1.212049e+00	-1.164271e+00	-4.777791e-02
2.480000e-01	-5.574567e-01	5.474488e-01	-1.209328e+00	-1.162121e+00	-4.720740e-02
2.490000e-01	-5.566804e-01	5.470590e-01	-1.206637e+00	-1.159999e+00	-4.663831e-02
2.500000e-01	-5.558715e-01	5.466254e-01	-1.203923e+00	-1.157833e+00	-4.609020e-02
2.510000e-01	-5.550751e-01	5.461933e-01	-1.201266e+00	-1.155708e+00	-4.555795e-02
2.520000e-01	-5.542622e-01	5.457324e-01	-1.198610e+00	-1.153567e+00	-4.504274e-02
2.530000e-01	-5.534830e-01	5.452903e-01	-1.196048e+00	-1.151507e+00	-4.454106e-02
2.540000e-01	-5.527141e-01	5.448406e-01	-1.193561e+00	-1.149494e+00	-4.406628e-02
2.550000e-01	-5.520041e-01	5.444320e-01	-1.191239e+00	-1.147624e+00	-4.361546e-02
2.560000e-01	-5.513000e-01	5.440078e-01	-1.188971e+00	-1.145786e+00	-4.318572e-02
2.570000e-01	-5.506542e-01	5.436192e-01	-1.186886e+00	-1.144097e+00	-4.278864e-02
2.580000e-01	-5.500072e-01	5.432068e-01	-1.184879e+00	-1.142447e+00	-4.243241e-02
2.590000e-01	-5.494110e-01	5.428218e-01	-1.183050e+00	-1.140936e+00	-4.211417e-02
2.600000e-01	-5.488158e-01	5.424098e-01	-1.181287e+00	-1.139459e+00	-4.182779e-02
2.610000e-01	-5.482874e-01	5.420418e-01	-1.179726e+00	-1.138151e+00	-4.157564e-02
2.620000e-01	-5.477775e-01	5.416663e-01	-1.178281e+00	-1.136918e+00	-4.136280e-02
2.630000e-01	-5.473300e-01	5.413269e-01	-1.177035e+00	-1.135847e+00	-4.118722e-02
2.640000e-01	-5.468786e-01	5.409521e-01	-1.175862e+00	-1.134810e+00	-4.105258e-02
2.650000e-01	-5.464779e-01	5.406030e-01	-1.174882e+00	-1.133919e+00	-4.096294e-02
2.660000e-01	-5.460829e-01	5.402295e-01	-1.174014e+00	-1.133090e+00	-4.092416e-02
2.670000e-01	-5.457539e-01	5.398993e-01	-1.173332e+00	-1.132420e+00	-4.091235e-02
2.680000e-01	-5.454485e-01	5.395669e-01	-1.172760e+00	-1.131829e+00	-4.093160e-02
2.690000e-01	-5.452341e-01	5.393065e-01	-1.172435e+00	-1.131451e+00	-4.098322e-02
2.700000e-01	-5.450555e-01	5.390577e-01	-1.172259e+00	-1.131185e+00	-4.107408e-02
2.710000e-01	-5.449552e-01	5.388683e-01	-1.172284e+00	-1.131097e+00	-4.118685e-02
2.720000e-01	-5.448781e-01	5.386791e-01	-1.172429e+00	-1.131093e+00	-4.133621e-02
2.730000e-01	-5.448763e-01	5.385510e-01	-1.172780e+00	-1.131266e+00	-4.151357e-02
2.740000e-01	-5.449001e-01	5.384312e-01	-1.173242e+00	-1.131521e+00	-4.172095e-02
2.750000e-01	-5.449993e-01	5.383774e-01	-1.173883e+00	-1.131941e+00	-4.194218e-02
2.760000e-01	-5.451200e-01	5.383316e-01	-1.174620e+00	-1.132430e+00	-4.219001e-02
2.770000e-01	-5.453023e-01	5.383405e-01	-1.175510e+00	-1.133058e+00	-4.245288e-02
2.780000e-01	-5.454886e-01	5.383406e-01	-1.176465e+00	-1.133721e+00	-4.274411e-02
2.790000e-01	-5.457199e-01	5.383811e-01	-1.177527e+00	-1.134483e+00	-4.304358e-02
2.800000e-01	-5.459507e-01	5.384121e-01	-1.178631e+00	-1.135266e+00	-4.336489e-02
2.810000e-01	-5.462293e-01	5.384896e-01	-1.179842e+00	-1.136150e+00	-4.369174e-02
2.820000e-01	-5.465057e-01	5.385602e-01	-1.181069e+00	-1.137040e+00	-4.402894e-02
2.830000e-01	-5.468256e-01	5.386771e-01	-1.182378e+00	-1.138014e+00	-4.436321e-02
2.840000e-01	-5.471358e-01	5.387792e-01	-1.183687e+00	-1.138979e+00	-4.470777e-02
2.850000e-01	-5.474770e-01	5.389139e-01	-1.185049e+00	-1.140001e+00	-4.504732e-02
2.860000e-01	-5.478010e-01	5.390289e-01	-1.186397e+00	-1.141000e+00	-4.539766e-02
2.870000e-01	-5.481563e-01	5.391794e-01	-1.187796e+00	-1.142054e+00	-4.574148e-02
2.880000e-01	-5.484832e-01	5.392980e-01	-1.189124e+00	-1.143045e+00	-4.607882e-02
2.890000e-01	-5.488483e-01	5.394609e-01	-1.190512e+00	-1.144104e+00	-4.640775e-02
2.900000e-01	-5.491965e-01	5.396082e-01	-1.191875e+00	-1.145134e+00	-4.674100e-02
2.910000e-01	-5.495767e-01	5.397925e-01	-1.193258e+00	-1.146206e+00	-4.705230e-02
2.920000e-01	-5.499275e-01	5.399473e-01	-1.194546e+00	-1.147201e+00	-4.734569e-02
2.930000e-01	-5.503149e-01	5.401499e-01	-1.195896e+00	-1.148263e+00	-4.763333e-02
2.940000e-01	-5.506823e-01	5.403361e-01	-1.197197e+00	-1.149281e+00	-4.791635e-02
2.950000e-01	-5.510774e-01	5.405574e-01	-1.198490e+00	-1.150323e+00	-4.816775e-02
2.960000e-01	-5.514421e-01	5.407532e-01	-1.199693e+00	-1.151289e+00	-4.840460e-02
2.970000e-01	-5.518402e-01	5.409966e-01	-1.200959e+00	-1.152320e+00	-4.863930e-02
2.980000e-01	-5.522082e-01	5.412164e-01	-1.202128e+00	-1.153272e+00	-4.885571e-02
2.990000e-01	-5.525978e-01	5.414699e-01	-1.203288e+00	-1.154242e+00	-4.904625e-02
3.000000e-01	-5.529493e-01	5.416955e-01	-1.204340e+00	-1.155119e+00	-4.922061e-02
3.010000e-01	-5.533232e-01	5.419605e-01	-1.205426e+00	-1.156036e+00	-4.938997e-02
3.020000e-01	-5.536580e-01	5.421958e-01	-1.206388e+00	-1.156852e+00	-4.953602e-02
3.030000e-01	-5.539891e-01	5.424409e-01	-1.207299e+00	-1.157638e+00	-4.966019e-02
3.040000e-01	-5.542701e-01	5.426481e-01	-1.208080e+00	-1.158310e+00	-4.976972e-02
3.050000e-01	-5.545466e-01	5.428672e-01	-1.208837e+00	-1.158965e+00	-4.987196e-02
3.060000e-01	-5.547757e-01	5.430482e-01	-1.209467e+00	-1.159509e+00	-4.995793e-02
3.070000e-01	-5.549986e-01	5.432380e-01	-1.210029e+00	-1.160013e+00	-5.001586e-02
3.080000e-01	-5.551803e-01	5.433991e-01	-1.210483e+00	-1.160422e+00	-5.006118e-02
3.090000e-01	-5.553538e-01	5.435677e-01	-1.210900e+00	-1.160804e+00	-5.009596e-02
3.100000e-01	-5.554775e-01	5.436947e-01	-1.211179e+00	-1.161067e+00	-5.011197e-02
3.110000e-01	-5.555882e-01	5.438218e-01	-1.211391e+00	-1.161284e+00	-5.010721e-02
3.120000e-01	-5.556480e-01	5.439064e-01	-1.211474e+00	-1.161385e+00	-5.008872e-02
3.130000e-01	-5.557054e-01	5.440008e-01	-1.211530e+00	-1.161470e+00	-5.005966e-02
3.140000e-01	-5.557215e-01	5.440611e-01	-1.211458e+00	-1.161450e+00	-5.000723e-02
3.150000e-01	-5.557418e-01	5.441346e-01	-1.211369e+00	-1.161426e+00	-4.994268e-02
3.160000e-01	-5.557239e-01	5.441764e-01	-1.211158e+00	-1.161303e+00	-4.985494e-02
3.170000e-01	-5.557164e-01	5.442367e-01	-1.210948e+00	-1.161190e+00	-4.975736e-02
3.180000e-01	-5.556882e-01	5.442808e-01	-1.210671e+00	-1.161024e+00	-4.964731e-02
3.190000e-01	-5.556754e-01	5.443464e-01	-1.210387e+00	-1.160869e+00	-4.951824e-02
3.200000e-01	-5.556359e-01	5.443890e-01	-1.210012e+00	-1.160642e+00	-4.937027e-02
3.210000e-01	-5.556111e-01	5.444521e-01	-1.209666e+00	-1.160444e+00	-4.922193e-02
3.220000e-01	-5.555675e-01	5.444995e-01	-1.209271e+00	-1.160203e+00	-4.906820e-02
3.230000e-01	-5.555314e-01	5.445581e-01	-1.208843e+00	-1.159953e+00	-4.889007e-02
3.240000e-01	-5.554722e-01	5.445948e-01	-1.208363e+00	-1.159654e+00	-4.870932e-02
3.250000e-01	-5.554325e-01	5.446573e-01	-1.207926e+00	-1.159396e+00	-4.853072e-02
3.260000e-01	-5.553712e-01	5.446986e-01	-1.207428e+00	-1.159085e+00	-4.834260e-02
3.270000e-01	-5.553126e-01	5.447448e-01	-1.206913e+00	-1.158769e+00	-4.814375e-02
3.280000e-01	-5.552225e-01	5.447593e-01	-1.206344e+00	-1.158395e+00	-4.794975e-02
3.290000e-01	-5.551439e-01	5.447909e-01	-1.205813e+00	-1.158050e+00	-4.776242e-02
3.300000e-01	-5.550321e-01	5.447863e-01	-1.205196e+00	-1.157630e+00	-4.756579e-02
3.310000e-01	-5.549257e-01	5.447881e-01	-1.204593e+00	-1.157222e+00	-4.737092e-02
3.320000e-01	-5.547859e-01	5.447566e-01	-1.203933e+00	-1.156752e+00	-4.718062e-02
3.330000e-01	-5.546496e-01	5.447303e-01	-1.203298e+00	-1.156299e+00	-4.699949e-02
3.340000e-01	-5.544762e-01	5.446628e-01	-1.202588e+00	-1.155770e+00	-4.681762e-02
3.350000e-01	-5.543046e-01	5.445978e-01	-1.201890e+00	-1.155250e+00	-4.664044e-02
3.360000e-01	-5.540979e-01	5.444953e-01	-1.201139e+00	-1.154667e+00	-4.647139e-02
3.370000e-01	-5.538996e-01	5.443995e-01	-1.200422e+00	-1.154111e+00	-4.631143e-02
3.380000e-01	-5.536707e-01	5.442698e-01	-1.199654e+00	-1.153498e+00	-4.615623e-02
3.390000e-01	-5.534491e-01	5.441455e-01	-1.198919e+00	-1.152908e+00	-4.601021e-02
3.400000e-01	-5.531955e-01	5.439836e-01	-1.198142e+00	-1.152266e+00	-4.587535e-02
3.410000e-01	-5.529567e-01	5.438333e-01	-1.197415e+00	-1.151664e+00	-4.575101e-02
3.420000e-01	-5.526908e-01	5.436503e-01	-1.196650e+00	-1.151016e+00	-4.563396e-02
3.430000e-01	-5.524491e-01	5.434870e-01	-1.195953e+00	-1.150426e+00	-4.552756e-02
3.440000e-01	-5.521845e-01	5.432941e-01	-1.195227e+00	-1.149798e+00	-4.542890e-02
3.450000e-01	-5.519489e-01	5.431266e-01	-1.194580e+00	-1.149239e+00	-4.534124e-02
3.460000e-01	-5.517018e-01	5.429394e-01	-1.193937e+00	-1.148670e+00	-4.526687e-02
3.470000e-01	-5.514914e-01	5.427841e-01	-1.193388e+00	-1.148185e+00	-4.520255e-02
3.480000e-01	-5.512596e-01	5.425984e-01	-1.192804e+00	-1.147662e+00	-4.514246e-02
3.490000e-01	-5.510709e-01	5.424495e-01	-1.192344e+00	-1.147243e+00	-4.510093e-02
3.500000e-01	-5.508732e-01	5.422832e-01	-1.191885e+00	-1.146816e+00	-4.506931e-02
3.510000e-01	-5.507181e-01	5.421543e-01	-1.191530e+00	-1.146483e+00	-4.504705e-02
3.520000e-01	-5.505531e-01	5.420060e-01	-1.191169e+00	-1.146138e+00	-4.503151e-02
3.530000e-01	-5.504384e-01	5.419028e-01	-1.190942e+00	-1.145909e+00	-4.503247e-02
3.540000e-01	-5.503176e-01	5.417851e-01	-1.190714e+00	-1.145674e+00	-4.503924e-02
3.550000e-01	-5.502468e-01	5.417118e-01	-1.190607e+00	-1.145550e+00	-4.505653e-02
3.560000e-01	-5.501674e-01	5.416204e-01	-1.190498e+00	-1.145416e+00	-4.508157e-02
3.570000e-01	-5.501359e-01	5.415728e-01	-1.190513e+00	-1.145392e+00	-4.512043e-02
3.580000e-01	-5.500979e-01	5.415104e-01	-1.190527e+00	-1.145361e+00	-4.516536e-02
3.590000e-01	-5.501091e-01	5.414935e-01	-1.190660e+00	-1.145439e+00	-4.522105e-02
3.600000e-01	-5.501066e-01	5.414557e-01	-1.190776e+00	-1.145494e+00	-4.528117e-02
3.610000e-01	-5.501502e-01	5.414606e-01	-1.190999e+00	-1.145650e+00	-4.534949e-02
3.620000e-01	-5.501821e-01	5.414474e-01	-1.191212e+00	-1.145788e+00	-4.542377e-02
3.630000e-01	-5.502566e-01	5.414758e-01	-1.191526e+00	-1.146020e+00	-4.550651e-02
3.640000e-01	-5.503122e-01	5.414787e-01	-1.191809e+00	-1.146217e+00	-4.559210e-02
3.650000e-01	-5.504089e-01	5.415199e-01	-1.192182e+00	-1.146500e+00	-4.568228e-02
3.660000e-01	-5.504869e-01	5.415396e-01	-1.192528e+00	-1.146751e+00	-4.577727e-02
3.670000e-01	-5.506057e-01	5.416002e-01	-1.192969e+00	-1.147090e+00	-4.587877e-02
3.680000e-01	-5.506988e-01	5.416299e-01	-1.193351e+00	-1.147374e+00	-4.597688e-02
3.690000e-01	-5.508256e-01	5.416948e-01	-1.193802e+00	-1.147727e+00	-4.607523e-02
3.700000e-01	-5.509297e-01	5.417351e-01	-1.194217e+00	-1.148038e+00	-4.617897e-02
3.710000e-01	-5.510700e-01	5.418134e-01	-1.194712e+00	-1.148426e+00	-4.628581e-02
3.720000e-01	-5.511767e-01	5.418557e-01	-1.195124e+00	-1.148739e+00	-4.638512e-02
3.730000e-01	-5.513125e-01	5.419294e-01	-1.195592e+00	-1.149108e+00	-4.648329e-02
3.740000e-01	-5.514221e-01	5.419770e-01	-1.196015e+00	-1.149430e+00	-4.658541e-02
3.750000e-01	-5.515602e-01	5.420572e-01	-1.196494e+00	-1.149807e+00	-4.668660e-02
3.760000e-01	-5.516610e-01	5.420985e-01	-1.196877e+00	-1.150100e+00	-4.677777e-02
3.770000e-01	-5.517888e-01	5.421702e-01	-1.197310e+00	-1.150444e+00	-4.686641e-02
3.780000e-01	-5.518869e-01	5.422153e-01	-1.197690e+00	-1.150732e+00	-4.695809e-02
3.790000e-01	-5.520120e-01	5.422909e-01	-1.198115e+00	-1.151070e+00	-4.704559e-02
3.800000e-01	-5.521021e-01	5.423309e-01	-1.198443e+00	-1.151323e+00	-4.711920e-02
3.810000e-01	-5.522167e-01	5.424007e-01	-1.198815e+00	-1.151624e+00	-4.719080e-02
3.820000e-01	-5.523072e-01	5.424495e-01	-1.199144e+00	-1.151879e+00	-4.726503e-02
3.830000e-01	-5.524204e-01	5.425244e-01	-1.199500e+00	-1.152171e+00	-4.732975e-02
3.840000e-01	-5.524984e-01	5.425659e-01	-1.199759e+00	-1.152378e+00	-4.738111e-02
3.850000e-01	-5.525990e-01	5.426341e-01	-1.200066e+00	-1.152632e+00	-4.743397e-02
3.860000e-01	-5.526748e-01	5.426806e-01	-1.200320e+00	-1.152835e+00	-4.748501e-02
3.870000e-01	-5.527689e-01	5.427503e-01	-1.200588e+00	-1.153063e+00	-4.752513e-02
3.880000e-01	-5.528325e-01	5.427905e-01	-1.200775e+00	-1.153220e+00	-4.755484e-02
3.890000e-01	-5.529164e-01	5.428558e-01	-1.201002e+00	-1.153417e+00	-4.758474e-02
3.900000e-01	-5.529748e-01	5.428998e-01	-1.201172e+00	-1.153561e+00	-4.761123e-02
3.910000e-01	-5.530507e-01	5.429644e-01	-1.201354e+00	-1.153728e+00	-4.762655e-02
3.920000e-01	-5.530980e-01	5.430024e-01	-1.201463e+00	-1.153830e+00	-4.763379e-02
3.930000e-01	-5.531611e-01	5.430618e-01	-1.201607e+00	-1.153964e+00	-4.764225e-02
3.940000e-01	-5.531987e-01	5.430980e-01	-1.201687e+00	-1.154042e+00	-4.764488e-02
3.950000e-01	-5.532533e-01	5.431550e-01	-1.201783e+00	-1.154145e+00	-4.763841e-02
3.960000e-01	-5.532760e-01	5.431832e-01	-1.201802e+00	-1.154177e+00	-4.762501e-02
3.970000e-01	-5.533137e-01	5.432294e-01	-1.201852e+00	-1.154240e+00	-4.761250e-02
3.980000e-01	-5.533260e-01	5.432532e-01	-1.201839e+00	-1.154245e+00	-4.759350e-02
3.990000e-01	-5.533508e-01	5.432937e-01	-1.201840e+00	-1.154271e+00	-4.756916e-02
4.000000e-01	-5.533458e-01	5.433058e-01	-1.201768e+00	-1.154230e+00	-4.753817e-02
4.010000e-01	-5.533538e-01	5.433335e-01	-1.201721e+00	-1.154214e+00	-4.750679e-02
4.020000e-01	-5.533355e-01	5.433371e-01	-1.201615e+00	-1.154143e+00	-4.747173e-02
4.030000e-01	-5.533330e-01	5.433604e-01	-1.201534e+00	-1.154100e+00	-4.743398e-02
4.040000e-01	-5.533008e-01	5.433557e-01	-1.201378e+00	-1.153990e+00	-4.738816e-02
4.050000e-01	-5.532813e-01	5.433648e-01	-1.201247e+00	-1.153905e+00	-4.734228e-02
4.060000e-01	-5.532403e-01	5.433538e-01	-1.201071e+00	-1.153776e+00	-4.729531e-02
4.070000e-01	-5.532159e-01	5.433630e-01	-1.200925e+00	-1.153679e+00	-4.724679e-02
4.080000e-01	-5.531600e-01	5.433412e-01	-1.200702e+00	-1.153511e+00	-4.719085e-02
4.090000e-01	-5.531189e-01	5.433334e-01	-1.200513e+00	-1.153375e+00	-4.713747e-02
4.100000e-01	-5.530566e-01	5.433055e-01	-1.200286e+00	-1.153200e+00	-4.708666e-02
4.110000e-01	-5.530110e-01	5.432966e-01	-1.200091e+00	-1.153057e+00	-4.703474e-02
4.120000e-01	-5.529394e-01	5.432601e-01	-1.199834e+00	-1.152856e+00	-4.697744e-02
4.130000e-01	-5.528860e-01	5.432421e-01	-1.199617e+00	-1.152695e+00	-4.692258e-02
4.140000e-01	-5.528123e-01	5.432042e-01	-1.199364e+00	-1.152494e+00	-4.686977e-02
4.150000e-01	-5.527584e-01	5.431852e-01	-1.199149e+00	-1.152333e+00	-4.681620e-02
4.160000e-01	-5.526820e-01	5.431433e-01	-1.198885e+00	-1.152125e+00	-4.676077e-02
4.170000e-01	-5.526263e-01	5.431225e-01	-1.198669e+00	-1.151961e+00	-4.670830e-02
4.180000e-01	-5.525536e-01	5.430816e-01	-1.198428e+00	-1.151767e+00	-4.666024e-02
4.190000e-01	-5.525036e-01	5.430634e-01	-1.198233e+00	-1.151620e+00	-4.661310e-02
4.200000e-01	-5.524273e-01	5.430182e-01	-1.197985e+00	-1.151420e+00	-4.656528e-02
4.210000e-01	-5.523762e-01	5.429957e-01	-1.197796e+00	-1.151274e+00	-4.652160e-02
4.220000e-01	-5.523064e-01	5.429523e-01	-1.197575e+00	-1.151094e+00	-4.648123e-02
4.230000e-01	-5.522608e-01	5.429333e-01	-1.197409e+00	-1.150966e+00	-4.644390e-02
4.240000e-01	-5.521935e-01	5.428901e-01	-1.197198e+00	-1.150792e+00	-4.640537e-02
4.250000e-01	-5.521495e-01	5.428676e-01	-1.197042e+00	-1.150670e+00	-4.637143e-02
4.260000e-01	-5.520862e-01	5.428238e-01	-1.196854e+00	-1.150513e+00	-4.634088e-02
4.270000e-01	-5.520514e-01	5.428076e-01	-1.196737e+00	-1.150420e+00	-4.631725e-02
4.280000e-01	-5.519947e-01	5.427676e-01	-1.196575e+00	-1.150282e+00	-4.629289e-02
4.290000e-01	-5.519592e-01	5.427460e-01	-1.196460e+00	-1.150189e+00	-4.627080e-02
4.300000e-01	-5.519075e-01	5.427054e-01	-1.196322e+00	-1.150069e+00	-4.625364e-02
4.310000e-01	-5.518831e-01	5.426912e-01	-1.196249e+00	-1.150007e+00	-4.624119e-02
4.320000e-01	-5.518381e-01	5.426557e-01	-1.196135e+00	-1.149906e+00	-4.622949e-02
4.330000e-01	-5.518170e-01	5.426407e-01	-1.196075e+00	-1.149854e+00	-4.622031e-02
4.340000e-01	-5.517788e-01	5.426061e-01	-1.195988e+00	-1.149773e+00	-4.621524e-02
4.350000e-01	-5.517657e-01	5.425961e-01	-1.195962e+00	-1.149747e+00	-4.621522e-02
4.360000e-01	-5.517333e-01	5.425641e-01	-1.195898e+00	-1.149682e+00	-4.621582e-02
4.370000e-01	-5.517248e-01	5.425543e-01	-1.195884e+00	-1.149667e+00	-4.621734e-02
4.380000e-01	-5.516989e-01	5.425237e-01	-1.195842e+00	-1.149620e+00	-4.622198e-02
4.390000e-01	-5.517013e-01	5.425210e-01	-1.195871e+00	-1.149637e+00	-4.623403e-02
4.400000e-01	-5.516832e-01	5.424967e-01	-1.195854e+00	-1.149610e+00	-4.624381e-02
4.410000e-01	-5.516883e-01	5.424938e-01	-1.195885e+00	-1.149631e+00	-4.625393e-02
4.420000e-01	-5.516749e-01	5.424671e-01	-1.195880e+00	-1.149615e+00	-4.626500e-02
4.430000e-01	-5.516906e-01	5.424718e-01	-1.195954e+00	-1.149668e+00	-4.628656e-02
4.440000e-01	-5.516846e-01	5.424547e-01	-1.195979e+00	-1.149674e+00	-4.630512e-02
4.450000e-01	-5.517013e-01	5.424571e-01	-1.196047e+00	-1.149725e+00	-4.632223e-02
4.460000e-01	-5.516987e-01	5.424377e-01	-1.196073e+00	-1.149735e+00	-4.633795e-02
4.470000e-01	-5.517273e-01	5.424520e-01	-1.196184e+00	-1.149819e+00	-4.636480e-02
4.480000e-01	-5.517363e-01	5.424457e-01	-1.196249e+00	-1.149861e+00	-4.638820e-02
4.490000e-01	-5.517643e-01	5.424565e-01	-1.196343e+00	-1.149936e+00	-4.640719e-02
4.500000e-01	-5.517707e-01	5.424444e-01	-1.196398e+00	-1.149970e+00	-4.642821e-02
4.510000e-01	-5.518074e-01	5.424640e-01	-1.196536e+00	-1.150076e+00	-4.646070e-02
4.520000e-01	-5.518215e-01	5.424614e-01	-1.196613e+00	-1.150128e+00	-4.648519e-02
4.530000e-01	-5.518518e-01	5.424742e-01	-1.196713e+00	-1.150208e+00	-4.650485e-02
4.540000e-01	-5.518636e-01	5.424664e-01	-1.196788e+00	-1.150258e+00	-4.653052e-02
4.550000e-01	-5.519017e-01	5.424879e-01	-1.196926e+00	-1.150365e+00	-4.656113e-02
4.560000e-01	-5.519131e-01	5.424837e-01	-1.196987e+00	-1.150407e+00	-4.658033e-02
4.570000e-01	-5.519427e-01	5.424967e-01	-1.197087e+00	-1.150486e+00	-4.660058e-02
4.580000e-01	-5.519533e-01	5.424893e-01	-1.197161e+00	-1.150534e+00	-4.662733e-02
4.590000e-01	-5.519885e-01	5.425100e-01	-1.197285e+00	-1.150631e+00	-4.665425e-02
4.600000e-01	-5.519983e-01	5.425051e-01	-1.197345e+00	-1.150671e+00	-4.667397e-02
4.610000e-01	-5.520272e-01	5.425200e-01	-1.197445e+00	-1.150750e+00	-4.669547e-02
4.620000e-01	-5.520364e-01	5.425154e-01	-1.197515e+00	-1.150794e+00	-4.672127e-02
4.630000e-01	-5.520692e-01	5.425356e-01	-1.197629e+00	-1.150884e+00	-4.674531e-02
4.640000e-01	-5.520748e-01	5.425287e-01	-1.197672e+00	-1.150911e+00	-4.676101e-02
4.650000e-01	-5.520987e-01	5.425419e-01	-1.197756e+00	-1.150977e+00	-4.677957e-02
4.660000e-01	-5.521061e-01	5.425385e-01	-1.197822e+00	-1.151017e+00	-4.680476e-02
4.670000e-01	-5.521349e-01	5.425585e-01	-1.197920e+00	-1.151095e+00	-4.682514e-02
4.680000e-01	-5.521346e-01	5.425481e-01	-1.197934e+00	-1.151102e+00	-4.683264e-02
4.690000e-01	-5.521572e-01	5.425626e-01	-1.198012e+00	-1.151163e+00	-4.684891e-02
4.700000e-01	-5.521649e-01	5.425636e-01	-1.198074e+00	-1.151202e+00	-4.687191e-02
4.710000e-01	-5.521919e-01	5.425852e-01	-1.198155e+00	-1.151269e+00	-4.688563e-02
4.720000e-01	-5.521909e-01	5.425765e-01	-1.198156e+00	-1.151269e+00	-4.688699e-02
4.730000e-01	-5.522132e-01	5.425947e-01	-1.198228e+00	-1.151327e+00	-4.690057e-02
4.740000e-01	-5.522194e-01	5.425982e-01	-1.198281e+00	-1.151360e+00	-4.692112e-02
4.750000e-01	-5.522432e-01	5.426189e-01	-1.198343e+00	-1.151415e+00	-4.692838e-02
4.760000e-01	-5.522410e-01	5.426126e-01	-1.198333e+00	-1.151408e+00	-4.692575e-02
4.770000e-01	-5.522626e-01	5.426333e-01	-1.198397e+00	-1.151461e+00	-4.693593e-02
4.780000e-01	-5.522714e-01	5.426416e-01	-1.198445e+00	-1.151494e+00	-4.695127e-02
4.790000e-01	-5.522961e-01	5.426663e-01	-1.198496e+00	-1.151544e+00	-4.695183e-02
4.800000e-01	-5.522932e-01	5.426619e-01	-1.198479e+00	-1.151533e+00	-4.694641e-02
4.810000e-01	-5.523146e-01	5.426843e-01	-1.198534e+00	-1.151582e+00	-4.695248e-02
4.820000e-01	-5.523209e-01	5.426935e-01	-1.198566e+00	-1.151604e+00	-4.696211e-02
4.830000e-01	-5.523412e-01	5.427160e-01	-1.198592e+00	-1.151637e+00	-4.695472e-02
4.840000e-01	-5.523380e-01	5.427117e-01	-1.198562e+00	-1.151619e+00	-4.694292e-02
4.850000e-01	-5.523609e-01	5.427386e-01	-1.198613e+00	-1.151668e+00	-4.694567e-02
4.860000e-01	-5.523675e-01	5.427513e-01	-1.198635e+00	-1.151685e+00	-4.694992e-02
4.870000e-01	-5.523885e-01	5.427754e-01	-1.198654e+00	-1.151716e+00	-4.693874e-02
4.880000e-01	-5.523840e-01	5.427726e-01	-1.198613e+00	-1.151691e+00	-4.692271e-02
4.890000e-01	-5.524043e-01	5.427985e-01	-1.198651e+00	-1.151730e+00	-4.692135e-02
4.900000e-01	-5.524081e-01	5.428093e-01	-1.198661e+00	-1.151739e+00	-4.692262e-02
4.910000e-01	-5.524267e-01	5.428337e-01	-1.198669e+00	-1.151761e+00	-4.690800e-02
4.920000e-01	-5.524186e-01	5.428298e-01	-1.198612e+00	-1.151725e+00	-4.688731e-02
4.930000e-01	-5.524362e-01	5.428537e-01	-1.198640e+00	-1.151756e+00	-4.688393e-02
4.940000e-01	-5.524368e-01	5.428641e-01	-1.198638e+00	-1.151756e+00	-4.688203e-02
4.950000e-01	-5.524495e-01	5.428835e-01	-1.198629e+00	-1.151764e+00	-4.686486e-02
4.960000e-01	-5.524363e-01	5.428746e-01	-1.198557e+00	-1.151715e+00	-4.684224e-02
4.970000e-01	-5.524490e-01	5.428954e-01	-1.198572e+00	-1.151735e+00	-4.683709e-02
4.980000e-01	-5.524427e-01	5.429002e-01	-1.198554e+00	-1.151720e+00	-4.683437e-02
4.990000e-01	-5.524498e-01	5.429141e-01	-1.198533e+00	-1.151716e+00	-4.681680e-02
5.000000e-01	-5.524279e-01	5.428974e-01	-1.198442e+00	-1.151649e+00	-4.679308e-02
5.010000e-01	-5.524335e-01	5.429126e-01	-1.198447e+00	-1.151657e+00	-4.678990e-02
5.020000e-01	-5.524206e-01	5.429108e-01	-1.198411e+00	-1.151626e+00	-4.678500e-02
5.030000e-01	-5.524215e-01	5.429201e-01	-1.198376e+00	-1.151609e+00	-4.676642e-02
5.040000e-01	-5.523913e-01	5.428964e-01	-1.198265e+00	-1.151524e+00	-4.674143e-02
5.050000e-01	-5.523900e-01	5.429039e-01	-1.198257e+00	-1.151519e+00	-4.673848e-02
5.060000e-01	-5.523685e-01	5.428944e-01	-1.198210e+00	-1.151473e+00	-4.673651e-02
5.070000e-01	-5.523614e-01	5.428965e-01	-1.198162e+00	-1.151442e+00	-4.671938e-02
5.080000e-01	-5.523258e-01	5.428668e-01	-1.198041e+00	-1.151346e+00	-4.669462e-02
5.090000e-01	-5.523185e-01	5.428689e-01	-1.198021e+00	-1.151329e+00	-4.669175e-02
5.100000e-01	-5.522938e-01	5.428562e-01	-1.197976e+00	-1.151282e+00	-4.669401e-02
5.110000e-01	-5.522850e-01	5.428550e-01	-1.197928e+00	-1.151249e+00	-4.667926e-02
5.120000e-01	-5.522473e-01	5.428229e-01	-1.197809e+00	-1.151152e+00	-4.665709e-02
5.130000e-01	-5.522383e-01	5.428232e-01	-1.197792e+00	-1.151134e+00	-4.665768e-02
5.140000e-01	-5.522134e-01	5.428084e-01	-1.197751e+00	-1.151089e+00	-4.666200e-02
5.150000e-01	-5.522049e-01	5.428065e-01	-1.197705e+00	-1.151057e+00	-4.664750e-02
5.160000e-01	-5.521700e-01	5.427761e-01	-1.197599e+00	-1.150970e+00	-4.662949e-02
5.170000e-01	-5.521664e-01	5.427787e-01	-1.197600e+00	-1.150966e+00	-4.663354e-02
5.180000e-01	-5.521475e-01	5.427673e-01	-1.197571e+00	-1.150933e+00	-4.663796e-02
5.190000e-01	-5.521448e-01	5.427688e-01	-1.197542e+00	-1.150916e+00	-4.662592e-02
5.200000e-01	-5.521191e-01	5.427440e-01	-1.197466e+00	-1.150852e+00	-4.661406e-02
5.210000e-01	-5.521227e-01	5.427517e-01	-1.197484e+00	-1.150865e+00	-4.661930e-02
5.220000e-01	-5.521093e-01	5.427431e-01	-1.197461e+00	-1.150840e+00	-4.662117e-02
5.230000e-01	-5.521166e-01	5.427521e-01	-1.197458e+00	-1.150846e+00	-4.661259e-02
5.240000e-01	-5.521009e-01	5.427354e-01	-1.197407e+00	-1.150804e+00	-4.660235e-02
5.250000e-01	-5.521139e-01	5.427508e-01	-1.197444e+00	-1.150836e+00	-4.660789e-02
5.260000e-01	-5.521115e-01	5.427488e-01	-1.197446e+00	-1.150834e+00	-4.661146e-02
5.270000e-01	-5.521299e-01	5.427673e-01	-1.197476e+00	-1.150868e+00	-4.660798e-02
5.280000e-01	-5.521214e-01	5.427560e-01	-1.197443e+00	-1.150843e+00	-4.660001e-02
5.290000e-01	-5.521404e-01	5.427736e-01	-1.197493e+00	-1.150887e+00	-4.660613e-02
5.300000e-01	-5.521399e-01	5.427717e-01	-1.197503e+00	-1.150891e+00	-4.661157e-02
5.310000e-01	-5.521602e-01	5.427918e-01	-1.197541e+00	-1.150930e+00	-4.661011e-02
5.320000e-01	-5.521543e-01	5.427810e-01	-1.197515e+00	-1.150912e+00	-4.660319e-02
5.330000e-01	-5.521742e-01	5.427994e-01	-1.197565e+00	-1.150957e+00	-4.660821e-02
5.340000e-01	-5.521749e-01	5.427987e-01	-1.197582e+00	-1.150966e+00	-4.661584e-02
5.350000e-01	-5.521957e-01	5.428183e-01	-1.197627e+00	-1.151009e+00	-4.661765e-02
5.360000e-01	-5.521880e-01	5.428058e-01	-1.197603e+00	-1.150989e+00	-4.661348e-02
5.370000e-01	-5.522026e-01	5.428199e-01	-1.197645e+00	-1.151025e+00	-4.662012e-02
5.380000e-01	-5.521985e-01	5.428133e-01	-1.197658e+00	-1.151027e+00	-4.663037e-02
5.390000e-01	-5.522136e-01	5.428291e-01	-1.197697e+00	-1.151062e+00	-4.663497e-02
5.400000e-01	-5.521993e-01	5.428117e-01	-1.197664e+00	-1.151031e+00	-4.663280e-02
5.410000e-01	-5.522076e-01	5.428191e-01	-1.197698e+00	-1.151057e+00	-4.664145e-02
5.420000e-01	-5.521975e-01	5.428075e-01	-1.197697e+00	-1.151046e+00	-4.665098e-02
5.430000e-01	-5.522055e-01	5.428172e-01	-1.197725e+00	-1.151068e+00	-4.665700e-02
5.440000e-01	-5.521881e-01	5.427968e-01	-1.197690e+00	-1.151033e+00	-4.665665e-02
5.450000e-01	-5.521920e-01	5.427998e-01	-1.197711e+00	-1.151047e+00	-4.666335e-02
5.460000e-01	-5.521777e-01	5.427847e-01	-1.197702e+00	-1.151029e+00	-4.667344e-02
5.470000e-01	-5.521849e-01	5.427937e-01	-1.197733e+00	-1.151051e+00	-4.668167e-02
5.480000e-01	-5.521660e-01	5.427730e-01	-1.197690e+00	-1.151011e+00	-4.667887e-02
5.490000e-01	-5.521675e-01	5.427743e-01	-1.197697e+00	-1.151016e+00	-4.668110e-02
5.500000e-01	-5.521560e-01	5.427614e-01	-1.197696e+00	-1.151004e+00	-4.669199e-02
5.510000e-01	-5.521664e-01	5.427742e-01	-1.197735e+00	-1.151034e+00	-4.670127e-02
5.520000e-01	-5.521498e-01	5.427562e-01	-1.197695e+00	-1.150997e+00	-4.669750e-02
5.530000e-01	-5.521557e-01	5.427599e-01	-1.197710e+00	-1.151011e+00	-4.669908e-02
5.540000e-01	-5.521498e-01	5.427532e-01	-1.197721e+00	-1.151010e+00	-4.671075e-02
5.550000e-01	-5.521653e-01	5.427713e-01	-1.197767e+00	-1.151049e+00	-4.671830e-02
5.560000e-01	-5.521543e-01	5.427567e-01	-1.197734e+00	-1.151021e+00	-4.671250e-02
5.570000e-01	-5.521660e-01	5.427659e-01	-1.197755e+00	-1.151043e+00	-4.671135e-02
5.580000e-01	-5.521652e-01	5.427644e-01	-1.197774e+00	-1.151052e+00	-4.672203e-02
5.590000e-01	-5.521890e-01	5.427891e-01	-1.197835e+00	-1.151107e+00	-4.672877e-02
5.600000e-01	-5.521831e-01	5.427805e-01	-1.197800e+00	-1.151083e+00	-4.671699e-02
5.610000e-01	-5.521992e-01	5.427949e-01	-1.197822e+00	-1.151110e+00	-4.671183e-02
5.620000e-01	-5.522046e-01	5.427993e-01	-1.197857e+00	-1.151133e+00	-4.672375e-02
5.630000e-01	-5.522326e-01	5.428296e-01	-1.197921e+00	-1.151193e+00	-4.672777e-02
5.640000e-01	-5.522263e-01	5.428214e-01	-1.197873e+00	-1.151163e+00	-4.671016e-02
5.650000e-01	-5.522440e-01	5.428373e-01	-1.197901e+00	-1.151195e+00	-4.670660e-02
5.660000e-01	-5.522500e-01	5.428429e-01	-1.197938e+00	-1.151219e+00	-4.671873e-02
5.670000e-01	-5.522760e-01	5.428720e-01	-1.197990e+00	-1.151271e+00	-4.671907e-02
5.680000e-01	-5.522698e-01	5.428622e-01	-1.197940e+00	-1.151240e+00	-4.670027e-02
5.690000e-01	-5.522866e-01	5.428785e-01	-1.197970e+00	-1.151272e+00	-4.669865e-02
5.700000e-01	-5.522889e-01	5.428813e-01	-1.197995e+00	-1.151287e+00	-4.670865e-02
5.710000e-01	-5.523093e-01	5.429036e-01	-1.198028e+00	-1.151323e+00	-4.670467e-02
5.720000e-01	-5.522987e-01	5.428903e-01	-1.197970e+00	-1.151284e+00	-4.668635e-02
5.730000e-01	-5.523096e-01	5.429020e-01	-1.197990e+00	-1.151305e+00	-4.668531e-02
5.740000e-01	-5.523054e-01	5.428976e-01	-1.197993e+00	-1.151302e+00	-4.669130e-02
5.750000e-01	-5.523186e-01	5.429137e-01	-1.198007e+00	-1.151322e+00	-4.668506e-02
5.760000e-01	-5.523003e-01	5.428948e-01	-1.197934e+00	-1.151268e+00	-4.666691e-02
5.770000e-01	-5.523048e-01	5.429004e-01	-1.197938e+00	-1.151274e+00	-4.666439e-02
5.780000e-01	-5.522938e-01	5.428915e-01	-1.197927e+00	-1.151257e+00	-4.666975e-02
5.790000e-01	-5.522994e-01	5.429026e-01	-1.197927e+00	-1.151263e+00	-4.666424e-02
5.800000e-01	-5.522735e-01	5.428763e-01	-1.197841e+00	-1.151194e+00	-4.664728e-02
5.810000e-01	-5.522708e-01	5.428763e-01	-1.197832e+00	-1.151187e+00	-4.664508e-02
5.820000e-01	-5.522506e-01	5.428589e-01	-1.197806e+00	-1.151153e+00	-4.665230e-02
5.830000e-01	-5.522492e-01	5.428621e-01	-1.197792e+00	-1.151145e+00	-4.664705e-02
5.840000e-01	-5.522158e-01	5.428293e-01	-1.197693e+00	-1.151062e+00	-4.663057e-02
5.850000e-01	-5.522076e-01	5.428246e-01	-1.197676e+00	-1.151045e+00	-4.663035e-02
5.860000e-01	-5.521839e-01	5.428024e-01	-1.197643e+00	-1.151006e+00	-4.663766e-02
5.870000e-01	-5.521807e-01	5.428035e-01	-1.197626e+00	-1.150994e+00	-4.663219e-02
5.880000e-01	-5.521454e-01	5.427681e-01	-1.197528e+00	-1.150909e+00	-4.661871e-02
5.890000e-01	-5.521392e-01	5.427637e-01	-1.197527e+00	-1.150903e+00	-4.662428e-02
5.900000e-01	-5.521156e-01	5.427409e-01	-1.197499e+00	-1.150865e+00	-4.663385e-02
5.910000e-01	-5.521115e-01	5.427403e-01	-1.197481e+00	-1.150852e+00	-4.662889e-02
5.920000e-01	-5.520805e-01	5.427082e-01	-1.197398e+00	-1.150780e+00	-4.661870e-02
5.930000e-01	-5.520785e-01	5.427086e-01	-1.197400e+00	-1.150779e+00	-4.662164e-02
5.940000e-01	-5.520598e-01	5.426910e-01	-1.197380e+00	-1.150750e+00	-4.662996e-02
5.950000e-01	-5.520628e-01	5.426959e-01	-1.197381e+00	-1.150753e+00	-4.662766e-02
5.960000e-01	-5.520400e-01	5.426725e-01	-1.197320e+00	-1.150700e+00	-4.662010e-02
5.970000e-01	-5.520425e-01	5.426764e-01	-1.197332e+00	-1.150709e+00	-4.662374e-02
5.980000e-01	-5.520305e-01	5.426628e-01	-1.197328e+00	-1.150695e+00	-4.663361e-02
5.990000e-01	-5.520409e-01	5.426751e-01	-1.197354e+00	-1.150718e+00	-4.663606e-02
6.000000e-01	-5.520256e-01	5.426577e-01	-1.197309e+00	-1.150680e+00	-4.662874e-02
6.010000e-01	-5.520359e-01	5.426662e-01	-1.197337e+00	-1.150704e+00	-4.663246e-02
6.020000e-01	-5.520336e-01	5.426617e-01	-1.197356e+00	-1.150712e+00	-4.664461e-02
6.030000e-01	-5.520538e-01	5.426822e-01	-1.197405e+00	-1.150756e+00	-4.664866e-02
6.040000e-01	-5.520443e-01	5.426683e-01	-1.197369e+00	-1.150729e+00	-4.664022e-02
6.050000e-01	-5.520591e-01	5.426806e-01	-1.197404e+00	-1.150761e+00	-4.664311e-02
6.060000e-01	-5.520585e-01	5.426775e-01	-1.197430e+00	-1.150773e+00	-4.665652e-02
6.070000e-01	-5.520820e-01	5.426985e-01	-1.197488e+00	-1.150826e+00	-4.666181e-02
6.080000e-01	-5.520752e-01	5.426865e-01	-1.197459e+00	-1.150805e+00	-4.665428e-02
6.090000e-01	-5.520926e-01	5.427008e-01	-1.197505e+00	-1.150845e+00	-4.665994e-02
6.100000e-01	-5.520959e-01	5.426991e-01	-1.197541e+00	-1.150866e+00	-4.667471e-02
6.110000e-01	-5.521200e-01	5.427204e-01	-1.197597e+00	-1.150919e+00	-4.667864e-02
6.120000e-01	-5.521116e-01	5.427071e-01	-1.197564e+00	-1.150893e+00	-4.667037e-02
6.130000e-01	-5.521278e-01	5.427199e-01	-1.197608e+00	-1.150932e+00	-4.667614e-02
6.140000e-01	-5.521282e-01	5.427158e-01	-1.197638e+00	-1.150947e+00	-4.669078e-02
6.150000e-01	-5.521486e-01	5.427341e-01	-1.197685e+00	-1.150991e+00	-4.669401e-02
6.160000e-01	-5.521392e-01	5.427192e-01	-1.197651e+00	-1.150965e+00	-4.668618e-02
6.170000e-01	-5.521527e-01	5.427302e-01	-1.197686e+00	-1.150996e+00	-4.669034e-02
6.180000e-01	-5.521505e-01	5.427244e-01	-1.197710e+00	-1.151006e+00	-4.670478e-02
6.190000e-01	-5.521695e-01	5.427413e-01	-1.197757e+00	-1.151048e+00	-4.670900e-02
6.200000e-01	-5.521572e-01	5.427245e-01	-1.197712e+00	-1.151013e+00	-4.669878e-02
6.210000e-01	-5.521667e-01	5.427322e-01	-1.197737e+00	-1.151035e+00	-4.670173e-02
6.220000e-01	-5.521630e-01	5.427241e-01	-1.197761e+00	-1.151043e+00	-4.671732e-02
6.230000e-01	-5.521802e-01	5.427397e-01	-1.197797e+00	-1.151079e+00	-4.671839e-02
6.240000e-01	-5.521664e-01	5.427225e-01	-1.197743e+00	-1.151038e+00	-4.670534e-02
6.250000e-01	-5.521765e-01	5.427303e-01	-1.197768e+00	-1.151061e+00	-4.670755e-02
6.260000e-01	-5.521734e-01	5.427234e-01	-1.197787e+00	-1.151067e+00	-4.672000e-02
6.270000e-01	-5.521902e-01	5.427396e-01	-1.197819e+00	-1.151100e+00	-4.671927e-02
6.280000e-01	-5.521774e-01	5.427227e-01	-1.197766e+00	-1.151060e+00	-4.670568e-02
6.290000e-01	-5.521872e-01	5.427309e-01	-1.197784e+00	-1.151079e+00	-4.670491e-02
6.300000e-01	-5.521821e-01	5.427223e-01	-1.197795e+00	-1.151079e+00	-4.671517e-02
6.310000e-01	-5.521984e-01	5.427383e-01	-1.197824e+00	-1.151110e+00	-4.671340e-02
6.320000e-01	-5.521845e-01	5.427225e-01	-1.197764e+00	-1.151066e+00	-4.669724e-02
6.330000e-01	-5.521918e-01	5.427292e-01	-1.197768e+00	-1.151076e+00	-4.669235e-02
6.340000e-01	-5.521870e-01	5.427214e-01	-1.197775e+00	-1.151075e+00	-4.670066e-02
6.350000e-01	-5.522011e-01	5.427373e-01	-1.197798e+00	-1.151100e+00	-4.669787e-02
6.360000e-01	-5.521822e-01	5.427175e-01	-1.197726e+00	-1.151045e+00	-4.668060e-02
6.370000e-01	-5.521863e-01	5.427203e-01	-1.197730e+00	-1.151051e+00	-4.667846e-02
6.380000e-01	-5.521773e-01	5.427093e-01	-1.197730e+00	-1.151042e+00	-4.668786e-02
6.390000e-01	-5.521837e-01	5.427185e-01	-1.197735e+00	-1.151051e+00	-4.668384e-02
6.400000e-01	-5.521594e-01	5.426934e-01	-1.197654e+00	-1.150986e+00	-4.666754e-02
6.410000e-01	-5.521580e-01	5.426927e-01	-1.197645e+00	-1.150981e+00	-4.666460e-02
6.420000e-01	-5.521418e-01	5.426767e-01	-1.197626e+00	-1.150955e+00	-4.667120e-02
6.430000e-01	-5.521459e-01	5.426840e-01	-1.197630e+00	-1.150961e+00	-4.666909e-02
6.440000e-01	-5.521189e-01	5.426575e-01	-1.197550e+00	-1.150894e+00	-4.665618e-02
6.450000e-01	-5.521119e-01	5.426521e-01	-1.197532e+00	-1.150878e+00	-4.665400e-02
6.460000e-01	-5.520909e-01	5.426308e-01	-1.197508e+00	-1.150845e+00	-4.666324e-02
6.470000e-01	-5.520914e-01	5.426362e-01	-1.197510e+00	-1.150846e+00	-4.666354e-02
6.480000e-01	-5.520607e-01	5.426074e-01	-1.197426e+00	-1.150774e+00	-4.665235e-02
6.490000e-01	-5.520521e-01	5.426003e-01	-1.197405e+00	-1.150754e+00	-4.665024e-02
6.500000e-01	-5.520292e-01	5.425781e-01	-1.197374e+00	-1.150716e+00	-4.665777e-02
6.510000e-01	-5.520284e-01	5.425818e-01	-1.197374e+00	-1.150715e+00	-4.665869e-02
6.520000e-01	-5.520012e-01	5.425548e-01	-1.197305e+00	-1.150653e+00	-4.665107e-02
6.530000e-01	-5.519962e-01	5.425514e-01	-1.197292e+00	-1.150642e+00	-4.664967e-02
6.540000e-01	-5.519760e-01	5.425317e-01	-1.197272e+00	-1.150612e+00	-4.665993e-02
6.550000e-01	-5.519789e-01	5.425371e-01	-1.197281e+00	-1.150619e+00	-4.666151e-02
6.560000e-01	-5.519564e-01	5.425145e-01	-1.197219e+00	-1.150566e+00	-4.665292e-02
6.570000e-01	-5.519572e-01	5.425168e-01	-1.197222e+00	-1.150568e+00	-4.665362e-02
6.580000e-01	-5.519459e-01	5.425043e-01	-1.197218e+00	-1.150555e+00	-4.666316e-02
6.590000e-01	-5.519530e-01	5.425139e-01	-1.197227e+00	-1.150567e+00	-4.666064e-02
6.600000e-01	-5.519382e-01	5.424987e-01	-1.197189e+00	-1.150533e+00	-4.665651e-02
6.610000e-01	-5.519465e-01	5.425065e-01	-1.197212e+00	-1.150553e+00	-4.665960e-02
6.620000e-01	-5.519412e-01	5.424987e-01	-1.197220e+00	-1.150551e+00	-4.666902e-02
6.630000e-01	-5.519536e-01	5.425121e-01	-1.197244e+00	-1.150576e+00	-4.666846e-02
6.640000e-01	-5.519471e-01	5.425032e-01	-1.197230e+00	-1.150562e+00	-4.666776e-02
6.650000e-01	-5.519637e-01	5.425194e-01	-1.197272e+00	-1.150600e+00	-4.667223e-02
6.660000e-01	-5.519629e-01	5.425158e-01	-1.197286e+00	-1.150606e+00	-4.668011e-02
6.670000e-01	-5.519836e-01	5.425357e-01	-1.197333e+00	-1.150650e+00	-4.668277e-02
6.680000e-01	-5.519790e-01	5.425290e-01	-1.197323e+00	-1.150640e+00	-4.668223e-02
6.690000e-01	-5.519978e-01	5.425470e-01	-1.197370e+00	-1.150683e+00	-4.668731e-02
6.700000e-01	-5.519997e-01	5.425447e-01	-1.197393e+00	-1.150696e+00	-4.669701e-02
6.710000e-01	-5.520224e-01	5.425667e-01	-1.197448e+00	-1.150746e+00	-4.670132e-02
6.720000e-01	-5.520194e-01	5.425613e-01	-1.197442e+00	-1.150740e+00	-4.670171e-02
6.730000e-01	-5.520391e-01	5.425790e-01	-1.197493e+00	-1.150786e+00	-4.670757e-02
6.740000e-01	-5.520428e-01	5.425797e-01	-1.197522e+00	-1.150804e+00	-4.671830e-02
6.750000e-01	-5.520656e-01	5.426020e-01	-1.197574e+00	-1.150852e+00	-4.672135e-02
6.760000e-01	-5.520640e-01	5.425971e-01	-1.197572e+00	-1.150850e+00	-4.672178e-02
6.770000e-01	-5.520846e-01	5.426166e-01	-1.197627e+00	-1.150898e+00	-4.672865e-02
6.780000e-01	-5.520875e-01	5.426176e-01	-1.197655e+00	-1.150915e+00	-4.673981e-02
6.790000e-01	-5.521092e-01	5.426379e-01	-1.197704e+00	-1.150961e+00	-4.674275e-02
6.800000e-01	-5.521064e-01	5.426328e-01	-1.197696e+00	-1.150954e+00	-4.674148e-02
6.810000e-01	-5.521249e-01	5.426514e-01	-1.197744e+00	-1.150997e+00	-4.674723e-02
6.820000e-01	-5.521267e-01	5.426499e-01	-1.197763e+00	-1.151008e+00	-4.675477e-02
6.830000e-01	-5.521485e-01	5.426703e-01	-1.197809e+00	-1.151053e+00	-4.675629e-02
6.840000e-01	-5.521463e-01	5.426663e-01	-1.197806e+00	-1.151049e+00	-4.675668e-02
6.850000e-01	-5.521671e-01	5.426876e-01	-1.197865e+00	-1.151100e+00	-4.676530e-02
6.860000e-01	-5.521660e-01	5.426848e-01	-1.197870e+00	-1.151101e+00	-4.676900e-02
6.870000e-01	-5.521846e-01	5.427026e-01	-1.197902e+00	-1.151136e+00	-4.676647e-02
6.880000e-01	-5.521832e-01	5.426986e-01	-1.197897e+00	-1.151132e+00	-4.676552e-02
6.890000e-01	-5.522037e-01	5.427199e-01	-1.197950e+00	-1.151179e+00	-4.677148e-02
6.900000e-01	-5.522031e-01	5.427181e-01	-1.197955e+00	-1.151181e+00	-4.677451e-02
6.910000e-01	-5.522243e-01	5.427376e-01	-1.197997e+00	-1.151223e+00	-4.677397e-02
6.920000e-01	-5.522250e-01	5.427375e-01	-1.197996e+00	-1.151223e+00	-4.677280e-02
6.930000e-01	-5.522431e-01	5.427570e-01	-1.198033e+00	-1.151260e+00	-4.677357e-02
6.940000e-01	-5.522413e-01	5.427525e-01	-1.198029e+00	-1.151256e+00	-4.677339e-02
6.950000e-01	-5.522613e-01	5.427725e-01	-1.198064e+00	-1.151294e+00	-4.677091e-02
6.960000e-01	-5.522587e-01	5.427710e-01	-1.198056e+00	-1.151287e+00	-4.676955e-02
6.970000e-01	-5.522765e-01	5.427907e-01	-1.198086e+00	-1.151320e+00	-4.676675e-02
6.980000e-01	-5.522749e-01	5.427877e-01	-1.198078e+00	-1.151314e+00	-4.676427e-02
6.990000e-01	-5.522935e-01	5.428081e-01	-1.198110e+00	-1.151348e+00	-4.676122e-02
7.000000e-01	-5.522921e-01	5.428078e-01	-1.198108e+00	-1.151346e+00	-4.676163e-02
7.010000e-01	-5.523050e-01	5.428239e-01	-1.198124e+00	-1.151367e+00	-4.675718e-02
7.020000e-01	-5.522967e-01	5.428153e-01	-1.198102e+00	-1.151348e+00	-4.675429e-02
7.030000e-01	-5.523095e-01	5.428303e-01	-1.198121e+00	-1.151370e+00	-4.675119e-02
7.040000e-01	-5.523014e-01	5.428249e-01	-1.198102e+00	-1.151352e+00	-4.674950e-02
7.050000e-01	-5.523098e-01	5.428381e-01	-1.198112e+00	-1.151366e+00	-4.674600e-02
7.060000e-01	-5.522985e-01	5.428282e-01	-1.198084e+00	-1.151341e+00	-4.674359e-02
7.070000e-01	-5.523074e-01	5.428402e-01	-1.198095e+00	-1.151355e+00	-4.673996e-02
7.080000e-01	-5.522934e-01	5.428300e-01	-1.198063e+00	-1.151325e+00	-4.673786e-02
7.090000e-01	-5.522974e-01	5.428394e-01	-1.198067e+00	-1.151331e+00	-4.673633e-02
7.100000e-01	-5.522783e-01	5.428230e-01	-1.198021e+00	-1.151289e+00	-4.673217e-02
7.110000e-01	-5.522794e-01	5.428280e-01	-1.198011e+00	-1.151285e+00	-4.672596e-02
7.120000e-01	-5.522613e-01	5.428137e-01	-1.197974e+00	-1.151248e+00	-4.672592e-02
7.130000e-01	-5.522625e-01	5.428214e-01	-1.197978e+00	-1.151251e+00	-4.672629e-02
7.140000e-01	-5.522406e-01	5.428028e-01	-1.197926e+00	-1.151204e+00	-4.672258e-02
7.150000e-01	-5.522403e-01	5.428062e-01	-1.197913e+00	-1.151197e+00	-4.671618e-02
7.160000e-01	-5.522200e-01	5.427901e-01	-1.197870e+00	-1.151155e+00	-4.671505e-02
7.170000e-01	-5.522207e-01	5.427971e-01	-1.197874e+00	-1.151158e+00	-4.671623e-02
7.180000e-01	-5.522003e-01	5.427790e-01	-1.197825e+00	-1.151113e+00	-4.671195e-02
7.190000e-01	-5.522023e-01	5.427849e-01	-1.197814e+00	-1.151109e+00	-4.670471e-02
7.200000e-01	-5.521825e-01	5.427679e-01	-1.197767e+00	-1.151066e+00	-4.670081e-02
7.210000e-01	-5.521867e-01	5.427767e-01	-1.197776e+00	-1.151075e+00	-4.670116e-02
7.220000e-01	-5.521727e-01	5.427646e-01	-1.197736e+00	-1.151041e+00	-4.669550e-02
7.230000e-01	-5.521787e-01	5.427737e-01	-1.197731e+00	-1.151044e+00	-4.668699e-02
7.240000e-01	-5.521662e-01	5.427613e-01	-1.197703e+00	-1.151018e+00	-4.668533e-02
7.250000e-01	-5.521761e-01	5.427738e-01	-1.197717e+00	-1.151035e+00	-4.668238e-02
7.260000e-01	-5.521655e-01	5.427629e-01	-1.197681e+00	-1.151006e+00	-4.667476e-02
7.270000e-01	-5.521787e-01	5.427767e-01	-1.197690e+00	-1.151024e+00	-4.666632e-02
7.280000e-01	-5.521720e-01	5.427695e-01	-1.197672e+00	-1.151008e+00	-4.666374e-02
7.290000e-01	-5.521866e-01	5.427855e-01	-1.197693e+00	-1.151033e+00	-4.665962e-02
7.300000e-01	-5.521817e-01	5.427778e-01	-1.197667e+00	-1.151015e+00	-4.665193e-02
7.310000e-01	-5.521988e-01	5.427957e-01	-1.197682e+00	-1.151040e+00	-4.664196e-02
7.320000e-01	-5.521932e-01	5.427892e-01	-1.197661e+00	-1.151024e+00	-4.663720e-02
7.330000e-01	-5.522105e-01	5.428074e-01	-1.197691e+00	-1.151056e+00	-4.663494e-02
7.340000e-01	-5.522055e-01	5.428009e-01	-1.197665e+00	-1.151038e+00	-4.662703e-02
7.350000e-01	-5.522195e-01	5.428157e-01	-1.197673e+00	-1.151056e+00	-4.661672e-02
7.360000e-01	-5.522115e-01	5.428063e-01	-1.197653e+00	-1.151038e+00	-4.661485e-02
7.370000e-01	-5.522246e-01	5.428215e-01	-1.197677e+00	-1.151063e+00	-4.661407e-02
7.380000e-01	-5.522137e-01	5.428102e-01	-1.197639e+00	-1.151033e+00	-4.660572e-02
7.390000e-01	-5.522192e-01	5.428168e-01	-1.197628e+00	-1.151033e+00	-4.659505e-02
7.400000e-01	-5.522029e-01	5.428019e-01	-1.197594e+00	-1.151000e+00	-4.659398e-02
7.410000e-01	-5.522071e-01	5.428097e-01	-1.197606e+00	-1.151010e+00	-4.659573e-02
7.420000e-01	-5.521839e-01	5.427862e-01	-1.197543e+00	-1.150955e+00	-4.658752e-02
7.430000e-01	-5.521842e-01	5.427896e-01	-1.197534e+00	-1.150951e+00	-4.658278e-02
7.440000e-01	-5.521577e-01	5.427661e-01	-1.197488e+00	-1.150902e+00	-4.658621e-02
7.450000e-01	-5.521516e-01	5.427644e-01	-1.197482e+00	-1.150893e+00	-4.658958e-02
7.460000e-01	-5.521189e-01	5.427322e-01	-1.197405e+00	-1.150821e+00	-4.658353e-02
7.470000e-01	-5.521129e-01	5.427299e-01	-1.197390e+00	-1.150808e+00	-4.658211e-02
7.480000e-01	-5.520795e-01	5.426988e-01	-1.197338e+00	-1.150749e+00	-4.658964e-02
7.490000e-01	-5.520681e-01	5.426923e-01	-1.197330e+00	-1.150733e+00	-4.659672e-02
7.500000e-01	-5.520310e-01	5.426572e-01	-1.197252e+00	-1.150657e+00	-4.659496e-02
7.510000e-01	-5.520187e-01	5.426477e-01	-1.197228e+00	-1.150633e+00	-4.659552e-02
7.520000e-01	-5.519865e-01	5.426184e-01	-1.197184e+00	-1.150578e+00	-4.660553e-02
7.530000e-01	-5.519770e-01	5.426134e-01	-1.197183e+00	-1.150569e+00	-4.661447e-02
7.540000e-01	-5.519456e-01	5.425820e-01	-1.197124e+00	-1.150508e+00	-4.661641e-02
7.550000e-01	-5.519399e-01	5.425792e-01	-1.197126e+00	-1.150503e+00	-4.662328e-02
7.560000e-01	-5.519147e-01	5.425551e-01	-1.197102e+00	-1.150466e+00	-4.663605e-02
7.570000e-01	-5.519123e-01	5.425544e-01	-1.197114e+00	-1.150469e+00	-4.664481e-02
7.580000e-01	-5.518907e-01	5.425310e-01	-1.197080e+00	-1.150431e+00	-4.664923e-02
7.590000e-01	-5.518980e-01	5.425396e-01	-1.197118e+00	-1.150457e+00	-4.666113e-02
7.600000e-01	-5.518861e-01	5.425254e-01	-1.197115e+00	-1.150443e+00	-4.667126e-02
7.610000e-01	-5.518984e-01	5.425367e-01	-1.197152e+00	-1.150474e+00	-4.667774e-02
7.620000e-01	-5.518946e-01	5.425301e-01	-1.197159e+00	-1.150474e+00	-4.668492e-02
7.630000e-01	-5.519212e-01	5.425553e-01	-1.197241e+00	-1.150542e+00	-4.669927e-02
7.640000e-01	-5.519264e-01	5.425567e-01	-1.197273e+00	-1.150563e+00	-4.670991e-02
7.650000e-01	-5.519539e-01	5.425816e-01	-1.197338e+00	-1.150623e+00	-4.671506e-02
7.660000e-01	-5.519640e-01	5.425857e-01	-1.197368e+00	-1.150648e+00	-4.672006e-02
7.670000e-01	-5.520034e-01	5.426220e-01	-1.197468e+00	-1.150737e+00	-4.673055e-02
7.680000e-01	-5.520222e-01	5.426356e-01	-1.197525e+00	-1.150785e+00	-4.674046e-02
7.690000e-01	-5.520629e-01	5.426711e-01	-1.197616e+00	-1.150871e+00	-4.674507e-02
7.700000e-01	-5.520850e-01	5.426869e-01	-1.197668e+00	-1.150919e+00	-4.674884e-02
7.710000e-01	-5.521320e-01	5.427308e-01	-1.197771e+00	-1.151018e+00	-4.675365e-02
7.720000e-01	-5.521557e-01	5.427477e-01	-1.197834e+00	-1.151072e+00	-4.676110e-02
7.730000e-01	-5.521997e-01	5.427874e-01	-1.197924e+00	-1.151162e+00	-4.676222e-02
7.740000e-01	-5.522214e-01	5.428040e-01	-1.197969e+00	-1.151206e+00	-4.676321e-02
7.750000e-01	-5.522689e-01	5.428498e-01	-1.198078e+00	-1.151308e+00	-4.676990e-02
7.760000e-01	-5.522877e-01	5.428632e-01	-1.198117e+00	-1.151346e+00	-4.677106e-02
7.770000e-01	-5.523252e-01	5.428978e-01	-1.198188e+00	-1.151419e+00	-4.676901e-02
7.780000e-01	-5.523415e-01	5.429100e-01	-1.198226e+00	-1.151455e+00	-4.677160e-02
7.790000e-01	-5.523789e-01	5.429482e-01	-1.198310e+00	-1.151534e+00	-4.677615e-02
7.800000e-01	-5.523841e-01	5.429507e-01	-1.198309e+00	-1.151539e+00	-4.677062e-02
7.810000e-01	-5.524074e-01	5.429729e-01	-1.198352e+00	-1.151583e+00	-4.676838e-02
7.820000e-01	-5.524112e-01	5.429762e-01	-1.198368e+00	-1.151595e+00	-4.677295e-02
7.830000e-01	-5.524324e-01	5.430006e-01	-1.198410e+00	-1.151638e+00	-4.677278e-02
7.840000e-01	-5.524242e-01	5.429909e-01	-1.198379e+00	-1.151613e+00	-4.676502e-02
7.850000e-01	-5.524338e-01	5.430020e-01	-1.198396e+00	-1.151632e+00	-4.676415e-02
7.860000e-01	-5.524245e-01	5.429956e-01	-1.198390e+00	-1.151619e+00	-4.677033e-02
7.870000e-01	-5.524295e-01	5.430039e-01	-1.198392e+00	-1.151625e+00	-4.676630e-02
7.880000e-01	-5.524073e-01	5.429823e-01	-1.198326e+00	-1.151570e+00	-4.675577e-02
7.890000e-01	-5.524055e-01	5.429848e-01	-1.198319e+00	-1.151565e+00	-4.675397e-02
7.900000e-01	-5.523871e-01	5.429699e-01	-1.198295e+00	-1.151535e+00	-4.676048e-02
7.910000e-01	-5.523856e-01	5.429733e-01	-1.198280e+00	-1.151526e+00	-4.675451e-02
7.920000e-01	-5.523571e-01	5.429478e-01	-1.198196e+00	-1.151455e+00	-4.674107e-02
7.930000e-01	-5.523524e-01	5.429479e-01	-1.198184e+00	-1.151445e+00	-4.673971e-02
7.940000e-01	-5.523320e-01	5.429316e-01	-1.198154e+00	-1.151409e+00	-4.674493e-02
7.950000e-01	-5.523294e-01	5.429343e-01	-1.198129e+00	-1.151394e+00	-4.673492e-02
7.960000e-01	-5.523027e-01	5.429093e-01	-1.198050e+00	-1.151328e+00	-4.672242e-02
7.970000e-01	-5.523024e-01	5.429137e-01	-1.198051e+00	-1.151328e+00	-4.672324e-02
7.980000e-01	-5.522852e-01	5.429004e-01	-1.198023e+00	-1.151297e+00	-4.672633e-02
7.990000e-01	-5.522873e-01	5.429058e-01	-1.198004e+00	-1.151289e+00	-4.671477e-02
8.000000e-01	-5.522653e-01	5.428851e-01	-1.197933e+00	-1.151232e+00	-4.670106e-02
8.010000e-01	-5.522699e-01	5.428936e-01	-1.197943e+00	-1.151241e+00	-4.670159e-02
8.020000e-01	-5.522601e-01	5.428859e-01	-1.197927e+00	-1.151223e+00	-4.670317e-02
8.030000e-01	-5.522689e-01	5.428972e-01	-1.197917e+00	-1.151228e+00	-4.668981e-02
8.040000e-01	-5.522533e-01	5.428830e-01	-1.197856e+00	-1.151181e+00	-4.667492e-02
8.050000e-01	-5.522643e-01	5.428971e-01	-1.197879e+00	-1.151204e+00	-4.667518e-02
8.060000e-01	-5.522574e-01	5.428922e-01	-1.197867e+00	-1.151191e+00	-4.667590e-02
8.070000e-01	-5.522686e-01	5.429060e-01	-1.197860e+00	-1.151199e+00	-4.666153e-02
8.080000e-01	-5.522545e-01	5.428925e-01	-1.197800e+00	-1.151154e+00	-4.664540e-02
8.090000e-01	-5.522657e-01	5.429062e-01	-1.197823e+00	-1.151177e+00	-4.664594e-02
8.100000e-01	-5.522588e-01	5.429009e-01	-1.197811e+00	-1.151165e+00	-4.664694e-02
8.110000e-01	-5.522694e-01	5.429127e-01	-1.197810e+00	-1.151174e+00	-4.663538e-02
8.120000e-01	-5.522534e-01	5.428967e-01	-1.197752e+00	-1.151129e+00	-4.662256e-02
8.130000e-01	-5.522610e-01	5.429065e-01	-1.197768e+00	-1.151145e+00	-4.662314e-02
8.140000e-01	-5.522496e-01	5.428956e-01	-1.197750e+00	-1.151125e+00	-4.662541e-02
8.150000e-01	-5.522553e-01	5.429024e-01	-1.197740e+00	-1.151125e+00	-4.661490e-02
8.160000e-01	-5.522328e-01	5.428802e-01	-1.197669e+00	-1.151067e+00	-4.660178e-02
8.170000e-01	-5.522353e-01	5.428844e-01	-1.197678e+00	-1.151074e+00	-4.660359e-02
8.180000e-01	-5.522177e-01	5.428677e-01	-1.197647e+00	-1.151041e+00	-4.660558e-02
8.190000e-01	-5.522178e-01	5.428695e-01	-1.197626e+00	-1.151031e+00	-4.659524e-02
8.200000e-01	-5.521906e-01	5.428420e-01	-1.197553e+00	-1.150967e+00	-4.658599e-02
8.210000e-01	-5.521881e-01	5.428412e-01	-1.197555e+00	-1.150966e+00	-4.658950e-02
8.220000e-01	-5.521647e-01	5.428186e-01	-1.197517e+00	-1.150923e+00	-4.659404e-02
8.230000e-01	-5.521618e-01	5.428159e-01	-1.197500e+00	-1.150912e+00	-4.658798e-02
8.240000e-01	-5.521309e-01	5.427842e-01	-1.197424e+00	-1.150843e+00	-4.658109e-02
8.250000e-01	-5.521255e-01	5.427801e-01	-1.197421e+00	-1.150836e+00	-4.658483e-02
8.260000e-01	-5.521019e-01	5.427554e-01	-1.197386e+00	-1.150795e+00	-4.659107e-02
8.270000e-01	-5.520994e-01	5.427531e-01	-1.197371e+00	-1.150785e+00	-4.658617e-02
8.280000e-01	-5.520682e-01	5.427206e-01	-1.197295e+00	-1.150716e+00	-4.657952e-02
8.290000e-01	-5.520649e-01	5.427168e-01	-1.197301e+00	-1.150715e+00	-4.658564e-02
8.300000e-01	-5.520434e-01	5.426933e-01	-1.197274e+00	-1.150680e+00	-4.659366e-02
8.310000e-01	-5.520426e-01	5.426918e-01	-1.197264e+00	-1.150674e+00	-4.658919e-02
8.320000e-01	-5.520171e-01	5.426626e-01	-1.197204e+00	-1.150619e+00	-4.658481e-02
8.330000e-01	-5.520190e-01	5.426638e-01	-1.197221e+00	-1.150629e+00	-4.659134e-02
8.340000e-01	-5.520027e-01	5.426455e-01	-1.197203e+00	-1.150604e+00	-4.659901e-02
8.350000e-01	-5.520076e-01	5.426480e-01	-1.197207e+00	-1.150611e+00	-4.659607e-02
8.360000e-01	-5.519869e-01	5.426237e-01	-1.197160e+00	-1.150567e+00	-4.659334e-02
8.370000e-01	-5.519928e-01	5.426279e-01	-1.197183e+00	-1.150584e+00	-4.659879e-02
8.380000e-01	-5.519840e-01	5.426150e-01	-1.197189e+00	-1.150578e+00	-4.661058e-02
8.390000e-01	-5.519961e-01	5.426238e-01	-1.197214e+00	-1.150603e+00	-4.661078e-02
8.400000e-01	-5.519820e-01	5.426056e-01	-1.197180e+00	-1.150572e+00	-4.660789e-02
8.410000e-01	-5.519950e-01	5.426145e-01	-1.197225e+00	-1.150607e+00	-4.661736e-02
8.420000e-01	-5.519913e-01	5.426064e-01	-1.197244e+00	-1.150613e+00	-4.663067e-02
8.430000e-01	-5.520073e-01	5.426179e-01	-1.197276e+00	-1.150645e+00	-4.663086e-02
8.440000e-01	-5.519974e-01	5.426020e-01	-1.197252e+00	-1.150623e+00	-4.662860e-02
8.450000e-01	-5.520140e-01	5.426135e-01	-1.197304e+00	-1.150666e+00	-4.663812e-02
8.460000e-01	-5.520126e-01	5.426069e-01	-1.197325e+00	-1.150675e+00	-4.664993e-02
8.470000e-01	-5.520332e-01	5.426209e-01	-1.197368e+00	-1.150717e+00	-4.665067e-02
8.480000e-01	-5.520268e-01	5.426083e-01	-1.197351e+00	-1.150702e+00	-4.664859e-02
8.490000e-01	-5.520461e-01	5.426226e-01	-1.197410e+00	-1.150751e+00	-4.665886e-02
8.500000e-01	-5.520482e-01	5.426180e-01	-1.197437e+00	-1.150767e+00	-4.667022e-02
8.510000e-01	-5.520694e-01	5.426337e-01	-1.197478e+00	-1.150808e+00	-4.666952e-02
8.520000e-01	-5.520621e-01	5.426214e-01	-1.197457e+00	-1.150791e+00	-4.666629e-02
8.530000e-01	-5.520806e-01	5.426342e-01	-1.197516e+00	-1.150839e+00	-4.667738e-02
8.540000e-01	-5.520800e-01	5.426277e-01	-1.197535e+00	-1.150848e+00	-4.668748e-02
8.550000e-01	-5.520984e-01	5.426416e-01	-1.197567e+00	-1.150882e+00	-4.668525e-02
8.560000e-01	-5.520911e-01	5.426283e-01	-1.197549e+00	-1.150866e+00	-4.668348e-02
8.570000e-01	-5.521085e-01	5.426413e-01	-1.197607e+00	-1.150912e+00	-4.669496e-02
8.580000e-01	-5.521057e-01	5.426341e-01	-1.197616e+00	-1.150914e+00	-4.670230e-02
8.590000e-01	-5.521214e-01	5.426457e-01	-1.197643e+00	-1.150943e+00	-4.669996e-02
8.600000e-01	-5.521102e-01	5.426304e-01	-1.197614e+00	-1.150917e+00	-4.669698e-02
8.610000e-01	-5.521224e-01	5.426404e-01	-1.197657e+00	-1.150951e+00	-4.670604e-02
8.620000e-01	-5.521159e-01	5.426300e-01	-1.197656e+00	-1.150944e+00	-4.671188e-02
8.630000e-01	-5.521265e-01	5.426387e-01	-1.197668e+00	-1.150961e+00	-4.670766e-02
8.640000e-01	-5.521109e-01	5.426213e-01	-1.197633e+00	-1.150927e+00	-4.670551e-02
8.650000e-01	-5.521200e-01	5.426290e-01	-1.197667e+00	-1.150953e+00	-4.671343e-02
8.660000e-01	-5.521082e-01	5.426154e-01	-1.197648e+00	-1.150932e+00	-4.671593e-02
8.670000e-01	-5.521142e-01	5.426217e-01	-1.197649e+00	-1.150939e+00	-4.671033e-02
8.680000e-01	-5.520964e-01	5.426023e-01	-1.197609e+00	-1.150901e+00	-4.670784e-02
8.690000e-01	-5.521027e-01	5.426092e-01	-1.197632e+00	-1.150919e+00	-4.671329e-02
8.700000e-01	-5.520865e-01	5.425927e-01	-1.197602e+00	-1.150888e+00	-4.671459e-02
8.710000e-01	-5.520908e-01	5.425973e-01	-1.197602e+00	-1.150892e+00	-4.671040e-02
8.720000e-01	-5.520698e-01	5.425761e-01	-1.197556e+00	-1.150848e+00	-4.670848e-02
8.730000e-01	-5.520728e-01	5.425809e-01	-1.197571e+00	-1.150858e+00	-4.671254e-02
8.740000e-01	-5.520545e-01	5.425619e-01	-1.197532e+00	-1.150820e+00	-4.671154e-02
8.750000e-01	-5.520578e-01	5.425666e-01	-1.197528e+00	-1.150822e+00	-4.670642e-02
8.760000e-01	-5.520360e-01	5.425463e-01	-1.197480e+00	-1.150776e+00	-4.670404e-02
8.770000e-01	-5.520390e-01	5.425504e-01	-1.197490e+00	-1.150784e+00	-4.670619e-02
8.780000e-01	-5.520195e-01	5.425309e-01	-1.197447e+00	-1.150743e+00	-4.670381e-02
8.790000e-01	-5.520230e-01	5.425371e-01	-1.197447e+00	-1.150747e+00	-4.670061e-02
8.800000e-01	-5.520036e-01	5.425183e-01	-1.197407e+00	-1.150707e+00	-4.670010e-02
8.810000e-01	-5.520068e-01	5.425230e-01	-1.197413e+00	-1.150713e+00	-4.669952e-02
8.820000e-01	-5.519889e-01	5.425054e-01	-1.197370e+00	-1.150674e+00	-4.669623e-02
8.830000e-01	-5.519956e-01	5.425138e-01	-1.197382e+00	-1.150687e+00	-4.669529e-02
8.840000e-01	-5.519781e-01	5.424972e-01	-1.197344e+00	-1.150650e+00	-4.669404e-02
8.850000e-01	-5.519837e-01	5.425043e-01	-1.197353e+00	-1.150660e+00	-4.669280e-02
8.860000e-01	-5.519696e-01	5.424893e-01	-1.197323e+00	-1.150631e+00	-4.669200e-02
8.870000e-01	-5.519795e-01	5.425008e-01	-1.197340e+00	-1.150650e+00	-4.669058e-02
8.880000e-01	-5.519650e-01	5.424870e-01	-1.197305e+00	-1.150618e+00	-4.668768e-02
8.890000e-01	-5.519748e-01	5.424969e-01	-1.197324e+00	-1.150637e+00	-4.668730e-02
8.900000e-01	-5.519655e-01	5.424869e-01	-1.197308e+00	-1.150619e+00	-4.668836e-02
8.910000e-01	-5.519769e-01	5.425006e-01	-1.197327e+00	-1.150640e+00	-4.668649e-02
8.920000e-01	-5.519664e-01	5.424895e-01	-1.197301e+00	-1.150617e+00	-4.668395e-02
8.930000e-01	-5.519794e-01	5.425024e-01	-1.197324e+00	-1.150642e+00	-4.668280e-02
8.940000e-01	-5.519725e-01	5.424945e-01	-1.197319e+00	-1.150632e+00	-4.668693e-02
8.950000e-01	-5.519868e-01	5.425101e-01	-1.197347e+00	-1.150660e+00	-4.668685e-02
8.960000e-01	-5.519781e-01	5.424998e-01	-1.197325e+00	-1.150641e+00	-4.668455e-02
8.970000e-01	-5.519934e-01	5.425145e-01	-1.197358e+00	-1.150672e+00	-4.668541e-02
8.980000e-01	-5.519896e-01	5.425086e-01	-1.197359e+00	-1.150669e+00	-4.669004e-02
8.990000e-01	-5.520060e-01	5.425272e-01	-1.197394e+00	-1.150703e+00	-4.669122e-02
9.000000e-01	-5.519968e-01	5.425161e-01	-1.197370e+00	-1.150682e+00	-4.668794e-02
9.010000e-01	-5.520126e-01	5.425305e-01	-1.197407e+00	-1.150716e+00	-4.669082e-02
9.020000e-01	-5.520075e-01	5.425230e-01	-1.197408e+00	-1.150712e+00	-4.669662e-02
9.030000e-01	-5.520244e-01	5.425417e-01	-1.197450e+00	-1.150749e+00	-4.670059e-02
9.040000e-01	-5.520165e-01	5.425313e-01	-1.197432e+00	-1.150733e+00	-4.669950e-02
9.050000e-01	-5.520317e-01	5.425449e-01	-1.197467e+00	-1.150765e+00	-4.670197e-02
9.060000e-01	-5.520267e-01	5.425370e-01	-1.197469e+00	-1.150761e+00	-4.670803e-02
9.070000e-01	-5.520448e-01	5.425552e-01	-1.197518e+00	-1.150804e+00	-4.671401e-02
9.080000e-01	-5.520384e-01	5.425466e-01	-1.197510e+00	-1.150793e+00	-4.671661e-02
9.090000e-01	-5.520544e-01	5.425606e-01	-1.197548e+00	-1.150829e+00	-4.671976e-02
9.100000e-01	-5.520508e-01	5.425520e-01	-1.197554e+00	-1.150828e+00	-4.672644e-02
9.110000e-01	-5.520741e-01	5.425751e-01	-1.197619e+00	-1.150884e+00	-4.673538e-02
9.120000e-01	-5.520687e-01	5.425680e-01	-1.197618e+00	-1.150878e+00	-4.674039e-02
9.130000e-01	-5.520867e-01	5.425827e-01	-1.197660e+00	-1.150917e+00	-4.674326e-02
9.140000e-01	-5.520846e-01	5.425761e-01	-1.197666e+00	-1.150918e+00	-4.674851e-02
9.150000e-01	-5.521109e-01	5.426021e-01	-1.197736e+00	-1.150979e+00	-4.675695e-02
9.160000e-01	-5.521081e-01	5.425960e-01	-1.197740e+00	-1.150978e+00	-4.676195e-02
9.170000e-01	-5.521311e-01	5.426157e-01	-1.197791e+00	-1.151026e+00	-4.676416e-02
9.180000e-01	-5.521316e-01	5.426124e-01	-1.197800e+00	-1.151032e+00	-4.676846e-02
9.190000e-01	-5.521613e-01	5.426402e-01	-1.197874e+00	-1.151098e+00	-4.677566e-02
9.200000e-01	-5.521634e-01	5.426389e-01	-1.197888e+00	-1.151107e+00	-4.678057e-02
9.210000e-01	-5.521870e-01	5.426597e-01	-1.197934e+00	-1.151154e+00	-4.678000e-02
9.220000e-01	-5.521890e-01	5.426573e-01	-1.197945e+00	-1.151161e+00	-4.678331e-02
9.230000e-01	-5.522205e-01	5.426868e-01	-1.198017e+00	-1.151229e+00	-4.678802e-02
9.240000e-01	-5.522246e-01	5.426891e-01	-1.198035e+00	-1.151242e+00	-4.679276e-02
9.250000e-01	-5.522502e-01	5.427121e-01	-1.198085e+00	-1.151293e+00	-4.679225e-02
9.260000e-01	-5.522500e-01	5.427082e-01	-1.198085e+00	-1.151292e+00	-4.679235e-02
9.270000e-01	-5.522772e-01	5.427343e-01	-1.198143e+00	-1.151349e+00	-4.679433e-02
9.280000e-01	-5.522788e-01	5.427344e-01	-1.198150e+00	-1.151354e+00	-4.679622e-02
9.290000e-01	-5.523016e-01	5.427568e-01	-1.198196e+00	-1.151399e+00	-4.679625e-02
9.300000e-01	-5.522986e-01	5.427517e-01	-1.198183e+00	-1.151390e+00	-4.679279e-02
9.310000e-01	-5.523204e-01	5.427732e-01	-1.198225e+00	-1.151433e+00	-4.679190e-02
9.320000e-01	-5.523184e-01	5.427717e-01	-1.198226e+00	-1.151431e+00	-4.679467e-02
9.330000e-01	-5.523334e-01	5.427874e-01	-1.198247e+00	-1.151457e+00	-4.679032e-02
9.340000e-01	-5.523261e-01	5.427781e-01	-1.198222e+00	-1.151437e+00	-4.678495e-02
9.350000e-01	-5.523394e-01	5.427936e-01	-1.198246e+00	-1.151463e+00	-4.678371e-02
9.360000e-01	-5.523317e-01	5.427878e-01	-1.198234e+00	-1.151449e+00	-4.678514e-02
9.370000e-01	-5.523410e-01	5.427987e-01	-1.198239e+00	-1.151461e+00	-4.677851e-02
9.380000e-01	-5.523285e-01	5.427867e-01	-1.198203e+00	-1.151430e+00	-4.677318e-02
9.390000e-01	-5.523382e-01	5.428005e-01	-1.198223e+00	-1.151450e+00	-4.677343e-02
9.400000e-01	-5.523211e-01	5.427851e-01	-1.198183e+00	-1.151412e+00	-4.677022e-02
9.410000e-01	-5.523237e-01	5.427911e-01	-1.198172e+00	-1.151410e+00	-4.676227e-02
9.420000e-01	-5.523030e-01	5.427731e-01	-1.198118e+00	-1.151362e+00	-4.675603e-02
9.430000e-01	-5.523105e-01	5.427845e-01	-1.198135e+00	-1.151378e+00	-4.675699e-02
9.440000e-01	-5.522917e-01	5.427689e-01	-1.198089e+00	-1.151336e+00	-4.675293e-02
9.450000e-01	-5.522920e-01	5.427750e-01	-1.198074e+00	-1.151329e+00	-4.674525e-02
9.460000e-01	-5.522708e-01	5.427570e-01	-1.198022e+00	-1.151282e+00	-4.673998e-02
9.470000e-01	-5.522740e-01	5.427646e-01	-1.198021e+00	-1.151285e+00	-4.673672e-02
9.480000e-01	-5.522527e-01	5.427482e-01	-1.197973e+00	-1.151239e+00	-4.673404e-02
9.490000e-01	-5.522512e-01	5.427523e-01	-1.197957e+00	-1.151230e+00	-4.672723e-02
9.500000e-01	-5.522269e-01	5.427320e-01	-1.197898e+00	-1.151176e+00	-4.672224e-02
9.510000e-01	-5.522273e-01	5.427380e-01	-1.197890e+00	-1.151172e+00	-4.671793e-02
9.520000e-01	-5.522054e-01	5.427197e-01	-1.197841e+00	-1.151126e+00	-4.671510e-02
9.530000e-01	-5.522056e-01	5.427270e-01	-1.197831e+00	-1.151121e+00	-4.670999e-02
9.540000e-01	-5.521823e-01	5.427092e-01	-1.197776e+00	-1.151070e+00	-4.670571e-02
9.550000e-01	-5.521855e-01	5.427178e-01	-1.197779e+00	-1.151075e+00	-4.670383e-02
9.560000e-01	-5.521617e-01	5.426983e-01	-1.197722e+00	-1.151023e+00	-4.669918e-02
9.570000e-01	-5.521621e-01	5.427056e-01	-1.197716e+00	-1.151020e+00	-4.669573e-02
9.580000e-01	-5.521407e-01	5.426880e-01	-1.197666e+00	-1.150974e+00	-4.669252e-02
9.590000e-01	-5.521471e-01	5.426995e-01	-1.197680e+00	-1.150987e+00	-4.669311e-02
9.600000e-01	-5.521277e-01	5.426846e-01	-1.197635e+00	-1.150945e+00	-4.668973e-02
9.610000e-01	-5.521322e-01	5.426941e-01	-1.197638e+00	-1.150951e+00	-4.668697e-02
9.620000e-01	-5.521160e-01	5.426811e-01	-1.197599e+00	-1.150916e+00	-4.668376e-02
9.630000e-01	-5.521246e-01	5.426942e-01	-1.197615e+00	-1.150932e+00	-4.668266e-02
9.640000e-01	-5.521117e-01	5.426835e-01	-1.197587e+00	-1.150905e+00	-4.668194e-02
9.650000e-01	-5.521205e-01	5.426959e-01	-1.197597e+00	-1.150919e+00	-4.667785e-02
9.660000e-01	-5.521091e-01	5.426864e-01	-1.197572e+00	-1.150895e+00	-4.667676e-02
9.670000e-01	-5.521227e-01	5.427023e-01	-1.197599e+00	-1.150922e+00	-4.667660e-02
9.680000e-01	-5.521152e-01	5.426950e-01	-1.197582e+00	-1.150906e+00	-4.667584e-02
9.690000e-01	-5.521315e-01	5.427128e-01	-1.197610e+00	-1.150936e+00	-4.667347e-02
9.700000e-01	-5.521283e-01	5.427085e-01	-1.197600e+00	-1.150928e+00	-4.667177e-02
9.710000e-01	-5.521505e-01	5.427314e-01	-1.197641e+00	-1.150971e+00	-4.666987e-02
9.720000e-01	-5.521454e-01	5.427257e-01	-1.197627e+00	-1.150959e+00	-4.666799e-02
9.730000e-01	-5.521660e-01	5.427462e-01	-1.197663e+00	-1.150998e+00	-4.666557e-02
9.740000e-01	-5.521622e-01	5.427401e-01	-1.197644e+00	-1.150984e+00	-4.665974e-02
9.750000e-01	-5.521854e-01	5.427631e-01	-1.197688e+00	-1.151029e+00	-4.665836e-02
9.760000e-01	-5.521831e-01	5.427582e-01	-1.197680e+00	-1.151023e+00	-4.665700e-02
9.770000e-01	-5.522046e-01	5.427791e-01	-1.197714e+00	-1.151062e+00	-4.665260e-02
9.780000e-01	-5.522024e-01	5.427756e-01	-1.197699e+00	-1.151052e+00	-4.664684e-02
9.790000e-01	-5.522262e-01	5.427992e-01	-1.197747e+00	-1.151100e+00	-4.664732e-02
9.800000e-01	-5.522216e-01	5.427932e-01	-1.197733e+00	-1.151088e+00	-4.664513e-02
9.810000e-01	-5.522363e-01	5.428080e-01	-1.197753e+00	-1.151113e+00	-4.664035e-02
9.820000e-01	-5.522291e-01	5.427993e-01	-1.197737e+00	-1.151098e+00	-4.663950e-02
9.830000e-01	-5.522457e-01	5.428175e-01	-1.197774e+00	-1.151133e+00	-4.664122e-02
9.840000e-01	-5.522321e-01	5.428044e-01	-1.197741e+00	-1.151103e+00	-4.663836e-02
9.850000e-01	-5.522397e-01	5.428127e-01	-1.197754e+00	-1.151116e+00	-4.663710e-02
9.860000e-01	-5.522242e-01	5.427978e-01	-1.197724e+00	-1.151086e+00	-4.663783e-02
9.870000e-01	-5.522318e-01	5.428088e-01	-1.197744e+00	-1.151104e+00	-4.664033e-02
9.880000e-01	-5.522125e-01	5.427898e-01	-1.197704e+00	-1.151064e+00	-4.663940e-02
9.890000e-01	-5.522121e-01	5.427925e-01	-1.197703e+00	-1.151064e+00	-4.663939e-02
9.900000e-01	-5.521830e-01	5.427662e-01	-1.197644e+00	-1.151005e+00	-4.663895e-02
9.910000e-01	-5.521825e-01	5.427695e-01	-1.197656e+00	-1.151010e+00	-4.664539e-02
9.920000e-01	-5.521539e-01	5.427428e-01	-1.197602e+00	-1.150955e+00	-4.664688e-02
9.930000e-01	-5.521502e-01	5.427425e-01	-1.197598e+00	-1.150949e+00	-4.664905e-02
9.940000e-01	-5.521240e-01	5.427183e-01	-1.197548e+00	-1.150898e+00	-4.664990e-02
9.950000e-01	-5.521259e-01	5.427251e-01	-1.197569e+00	-1.150910e+00	-4.665873e-02
9.960000e-01	-5.520966e-01	5.426982e-01	-1.197515e+00	-1.150854e+00	-4.666111e-02
9.970000e-01	-5.520920e-01	5.426947e-01	-1.197513e+00	-1.150848e+00	-4.666440e-02
9.980000e-01	-5.520675e-01	5.426718e-01	-1.197475e+00	-1.150805e+00	-4.667006e-02
9.990000e-01	-5.520710e-01	5.426795e-01	-1.197503e+00	-1.150823e+00	-4.668059e-02
1.000000e+00	-5.520491e-01	5.426581e-01	-1.197466e+00	-1.150782e+00	-4.668380e-02
