# Force coefficients
# liftDir    : (0.000000e+00 1.000000e+00 0.000000e+00)
# dragDir    : (1.000000e+00 0.000000e+00 0.000000e+00)
# pitchAxis  : (0.000000e+00 0.000000e+00 1.000000e+00)
# magUInf    : 5.148000e+01
# lRef       : 4.530000e-01
# Aref       : 4.348800e-01
# CofR       : (0.000000e+00 0.000000e+00 0.000000e+00)
# Time       	Cm           	Cd           	Cl           	Cl(f)        	Cl(r)        	Cm	Cd	Cl	Cl(f)	Cl(r)
1.000000e-03	-1.402482e-03	1.531879e-03	-2.362820e-03	-2.583892e-03	2.210714e-04
2.000000e-03	-5.343929e-03	6.018143e-03	-9.536931e-03	-1.011239e-02	5.754634e-04
3.000000e-03	-7.848428e-03	8.876056e-03	-1.474049e-02	-1.521867e-02	4.781810e-04
4.000000e-03	-8.280713e-03	9.361627e-03	-1.642159e-02	-1.649151e-02	6.992009e-05
5.000000e-03	-7.870325e-03	8.831981e-03	-1.672588e-02	-1.623326e-02	-4.926156e-04
6.000000e-03	-7.709651e-03	8.466247e-03	-1.753105e-02	-1.647518e-02	-1.055873e-03
7.000000e-03	-8.159158e-03	8.699730e-03	-1.934676e-02	-1.783254e-02	-1.514224e-03
8.000000e-03	-9.433126e-03	9.820730e-03	-2.259302e-02	-2.072964e-02	-1.863385e-03
9.000000e-03	-1.129537e-02	1.160749e-02	-2.688730e-02	-2.473902e-02	-2.148274e-03
1.000000e-02	-1.331443e-02	1.360173e-02	-3.144419e-02	-2.903652e-02	-2.407671e-03
1.100000e-02	-1.508689e-02	1.535343e-02	-3.559017e-02	-3.288198e-02	-2.708191e-03
1.200000e-02	-1.674194e-02	1.700114e-02	-3.955531e-02	-3.651960e-02	-3.035717e-03
1.300000e-02	-1.827549e-02	1.851295e-02	-4.338561e-02	-3.996830e-02	-3.417318e-03
1.400000e-02	-1.981218e-02	2.001820e-02	-4.728612e-02	-4.345524e-02	-3.830880e-03
1.500000e-02	-2.152981e-02	2.171526e-02	-5.156547e-02	-4.731255e-02	-4.252920e-03
1.600000e-02	-2.363467e-02	2.381686e-02	-5.668179e-02	-5.197557e-02	-4.706224e-03
1.700000e-02	-2.616640e-02	2.634446e-02	-6.276824e-02	-5.755052e-02	-5.217716e-03
1.800000e-02	-2.906859e-02	2.923262e-02	-6.973624e-02	-6.393672e-02	-5.799526e-03
1.900000e-02	-3.209419e-02	3.221529e-02	-7.713104e-02	-7.065971e-02	-6.471334e-03
2.000000e-02	-3.513284e-02	3.517472e-02	-8.468379e-02	-7.747473e-02	-7.209056e-03
2.100000e-02	-3.805212e-02	3.797258e-02	-9.211063e-02	-8.410743e-02	-8.003195e-03
2.200000e-02	-4.079848e-02	4.056672e-02	-9.925438e-02	-9.042567e-02	-8.828712e-03
2.300000e-02	-4.349294e-02	4.308275e-02	-1.063065e-01	-9.664618e-02	-9.660310e-03
2.400000e-02	-4.630780e-02	4.570927e-02	-1.136089e-01	-1.031122e-01	-1.049665e-02
2.500000e-02	-4.947972e-02	4.870295e-02	-1.216454e-01	-1.103024e-01	-1.134298e-02
2.600000e-02	-5.305252e-02	5.211920e-02	-1.304871e-01	-1.182961e-01	-1.219103e-02
2.700000e-02	-5.698518e-02	5.591511e-02	-1.401228e-01	-1.270466e-01	-1.307624e-02
2.800000e-02	-6.122764e-02	6.003544e-02	-1.505214e-01	-1.364883e-01	-1.403306e-02
2.900000e-02	-6.565806e-02	6.435321e-02	-1.614388e-01	-1.463775e-01	-1.506135e-02
3.000000e-02	-7.013451e-02	6.873296e-02	-1.725376e-01	-1.564033e-01	-1.613428e-02
3.100000e-02	-7.458319e-02	7.309261e-02	-1.836077e-01	-1.663870e-01	-1.722067e-02
3.200000e-02	-7.913011e-02	7.755435e-02	-1.948751e-01	-1.765677e-01	-1.830745e-02
3.300000e-02	-8.375496e-02	8.210733e-02	-2.062968e-01	-1.869034e-01	-1.939342e-02
3.400000e-02	-8.857677e-02	8.687047e-02	-2.180882e-01	-1.976209e-01	-2.046734e-02
3.500000e-02	-9.346109e-02	9.172108e-02	-2.299934e-01	-2.084578e-01	-2.153563e-02
3.600000e-02	-9.850744e-02	9.676580e-02	-2.421760e-01	-2.195955e-01	-2.258058e-02
3.700000e-02	-1.036991e-01	1.019677e-01	-2.546684e-01	-2.310334e-01	-2.363507e-02
3.800000e-02	-1.091836e-01	1.074821e-01	-2.677377e-01	-2.430525e-01	-2.468525e-02
3.900000e-02	-1.148543e-01	1.131894e-01	-2.812473e-01	-2.554780e-01	-2.576935e-02
4.000000e-02	-1.207266e-01	1.191028e-01	-2.951841e-01	-2.683186e-01	-2.686542e-02
4.100000e-02	-1.266769e-01	1.250933e-01	-3.093493e-01	-2.813516e-01	-2.799775e-02
4.200000e-02	-1.327679e-01	1.312195e-01	-3.237286e-01	-2.946322e-01	-2.909640e-02
4.300000e-02	-1.388838e-01	1.373734e-01	-3.380955e-01	-3.079315e-01	-3.016398e-02
4.400000e-02	-1.450581e-01	1.435921e-01	-3.524019e-01	-3.212591e-01	-3.114285e-02
4.500000e-02	-1.511778e-01	1.497806e-01	-3.663042e-01	-3.343299e-01	-3.197432e-02
4.600000e-02	-1.573498e-01	1.560309e-01	-3.800962e-01	-3.473979e-01	-3.269835e-02
4.700000e-02	-1.635177e-01	1.623050e-01	-3.936391e-01	-3.603373e-01	-3.330183e-02
4.800000e-02	-1.696694e-01	1.685798e-01	-4.069361e-01	-3.731374e-01	-3.379866e-02
4.900000e-02	-1.757138e-01	1.747689e-01	-4.198123e-01	-3.856200e-01	-3.419233e-02
5.000000e-02	-1.816257e-01	1.808482e-01	-4.321899e-01	-3.977206e-01	-3.446926e-02
5.100000e-02	-1.872426e-01	1.866605e-01	-4.437328e-01	-4.091090e-01	-3.462375e-02
5.200000e-02	-1.925065e-01	1.921608e-01	-4.542831e-01	-4.196480e-01	-3.463509e-02
5.300000e-02	-1.973059e-01	1.972560e-01	-4.635266e-01	-4.290692e-01	-3.445741e-02
5.400000e-02	-2.015500e-01	2.018652e-01	-4.712337e-01	-4.371669e-01	-3.406685e-02
5.500000e-02	-2.052320e-01	2.059856e-01	-4.773749e-01	-4.439194e-01	-3.345549e-02
5.600000e-02	-2.082972e-01	2.095794e-01	-4.817752e-01	-4.491847e-01	-3.259043e-02
5.700000e-02	-2.109041e-01	2.128012e-01	-4.847729e-01	-4.532906e-01	-3.148230e-02
5.800000e-02	-2.131662e-01	2.157526e-01	-4.866490e-01	-4.564907e-01	-3.015824e-02
5.900000e-02	-2.151070e-01	2.184404e-01	-4.875197e-01	-4.588668e-01	-2.865288e-02
6.000000e-02	-2.167039e-01	2.208328e-01	-4.874078e-01	-4.604079e-01	-2.699997e-02
6.100000e-02	-2.179832e-01	2.229318e-01	-4.864535e-01	-4.612100e-01	-2.524352e-02
6.200000e-02	-2.189695e-01	2.247562e-01	-4.847775e-01	-4.613582e-01	-2.341922e-02
6.300000e-02	-2.196669e-01	2.262933e-01	-4.824604e-01	-4.608971e-01	-2.156331e-02
6.400000e-02	-2.201446e-01	2.276083e-01	-4.796940e-01	-4.599916e-01	-1.970238e-02
6.500000e-02	-2.204584e-01	2.287289e-01	-4.766620e-01	-4.587894e-01	-1.787259e-02
6.600000e-02	-2.206721e-01	2.297066e-01	-4.735913e-01	-4.574677e-01	-1.612357e-02
6.700000e-02	-2.208045e-01	2.305551e-01	-4.706117e-01	-4.561103e-01	-1.450133e-02
6.800000e-02	-2.209756e-01	2.313902e-01	-4.679473e-01	-4.549493e-01	-1.299807e-02
6.900000e-02	-2.211560e-01	2.321744e-01	-4.655084e-01	-4.539102e-01	-1.159819e-02
7.000000e-02	-2.212839e-01	2.328642e-01	-4.630853e-01	-4.528266e-01	-1.025873e-02
7.100000e-02	-2.214366e-01	2.335334e-01	-4.608815e-01	-4.518774e-01	-9.004150e-03
7.200000e-02	-2.218316e-01	2.343899e-01	-4.593717e-01	-4.515175e-01	-7.854241e-03
7.300000e-02	-2.226717e-01	2.356106e-01	-4.591280e-01	-4.522357e-01	-6.892288e-03
7.400000e-02	-2.241564e-01	2.373943e-01	-4.605382e-01	-4.544255e-01	-6.112643e-03
7.500000e-02	-2.261618e-01	2.396206e-01	-4.633446e-01	-4.578341e-01	-5.510497e-03
7.600000e-02	-2.288210e-01	2.423914e-01	-4.678795e-01	-4.627607e-01	-5.118812e-03
7.700000e-02	-2.318654e-01	2.454804e-01	-4.733206e-01	-4.685257e-01	-4.794920e-03
7.800000e-02	-2.350577e-01	2.486614e-01	-4.794089e-01	-4.747621e-01	-4.646770e-03
7.900000e-02	-2.381652e-01	2.517314e-01	-4.854724e-01	-4.809014e-01	-4.571056e-03
8.000000e-02	-2.408496e-01	2.543562e-01	-4.915685e-01	-4.866339e-01	-4.934609e-03
8.100000e-02	-2.432438e-01	2.566873e-01	-4.976432e-01	-4.920655e-01	-5.577782e-03
8.200000e-02	-2.453957e-01	2.587711e-01	-5.042250e-01	-4.975082e-01	-6.716787e-03
8.300000e-02	-2.465031e-01	2.597726e-01	-5.092440e-01	-5.011251e-01	-8.118896e-03
8.400000e-02	-2.468710e-01	2.599989e-01	-5.136926e-01	-5.037172e-01	-9.975342e-03
8.500000e-02	-2.468002e-01	2.597622e-01	-5.171579e-01	-5.053792e-01	-1.177872e-02
8.600000e-02	-2.473746e-01	2.601933e-01	-5.221587e-01	-5.084540e-01	-1.370472e-02
8.700000e-02	-2.484847e-01	2.611960e-01	-5.276981e-01	-5.123337e-01	-1.536437e-02
8.800000e-02	-2.499226e-01	2.625091e-01	-5.340514e-01	-5.169482e-01	-1.710312e-02
8.900000e-02	-2.512801e-01	2.637086e-01	-5.399843e-01	-5.212723e-01	-1.871206e-02
9.000000e-02	-2.527727e-01	2.649608e-01	-5.460636e-01	-5.258045e-01	-2.025913e-02
9.100000e-02	-2.545351e-01	2.664255e-01	-5.523661e-01	-5.307181e-01	-2.164801e-02
9.200000e-02	-2.570071e-01	2.685253e-01	-5.599107e-01	-5.369624e-01	-2.294824e-02
9.300000e-02	-2.604440e-01	2.715725e-01	-5.690096e-01	-5.449488e-01	-2.406084e-02
9.400000e-02	-2.648204e-01	2.755715e-01	-5.797318e-01	-5.546864e-01	-2.504547e-02
9.500000e-02	-2.697648e-01	2.802081e-01	-5.912755e-01	-5.654025e-01	-2.587297e-02
9.600000e-02	-2.749821e-01	2.851743e-01	-6.032317e-01	-5.765979e-01	-2.663379e-02
9.700000e-02	-2.801609e-01	2.901693e-01	-6.150122e-01	-5.876670e-01	-2.734523e-02
9.800000e-02	-2.852253e-01	2.951153e-01	-6.265898e-01	-5.985202e-01	-2.806964e-02
9.900000e-02	-2.901588e-01	2.999686e-01	-6.379044e-01	-6.091110e-01	-2.879341e-02
1.000000e-01	-2.949872e-01	3.047207e-01	-6.491077e-01	-6.195411e-01	-2.956660e-02
1.010000e-01	-2.996621e-01	3.092979e-01	-6.600657e-01	-6.296950e-01	-3.037078e-02
1.020000e-01	-3.041292e-01	3.135943e-01	-6.708398e-01	-6.395491e-01	-3.129069e-02
1.030000e-01	-3.082686e-01	3.175017e-01	-6.811415e-01	-6.488393e-01	-3.230219e-02
1.040000e-01	-3.120483e-01	3.209696e-01	-6.910337e-01	-6.575652e-01	-3.346851e-02
1.050000e-01	-3.156269e-01	3.242058e-01	-7.005900e-01	-6.659219e-01	-3.466804e-02
1.060000e-01	-3.191904e-01	3.274018e-01	-7.101315e-01	-6.742561e-01	-3.587539e-02
1.070000e-01	-3.228325e-01	3.306829e-01	-7.196939e-01	-6.826795e-01	-3.701441e-02
1.080000e-01	-3.265721e-01	3.340634e-01	-7.293823e-01	-6.912632e-01	-3.811909e-02
1.090000e-01	-3.303397e-01	3.374620e-01	-7.390667e-01	-6.998731e-01	-3.919366e-02
1.100000e-01	-3.342266e-01	3.409667e-01	-7.489220e-01	-7.086876e-01	-4.023437e-02
1.110000e-01	-3.382190e-01	3.445645e-01	-7.588653e-01	-7.176517e-01	-4.121364e-02
1.120000e-01	-3.424477e-01	3.483950e-01	-7.691052e-01	-7.270004e-01	-4.210487e-02
1.130000e-01	-3.468960e-01	3.524470e-01	-7.795927e-01	-7.366924e-01	-4.290030e-02
1.140000e-01	-3.515777e-01	3.567081e-01	-7.904189e-01	-7.467871e-01	-4.363176e-02
1.150000e-01	-3.564757e-01	3.611910e-01	-8.015316e-01	-7.572415e-01	-4.429009e-02
1.160000e-01	-3.616499e-01	3.659573e-01	-8.130269e-01	-7.681634e-01	-4.486352e-02
1.170000e-01	-3.671301e-01	3.710670e-01	-8.249211e-01	-7.795906e-01	-4.533042e-02
1.180000e-01	-3.729602e-01	3.765500e-01	-8.372832e-01	-7.916018e-01	-4.568139e-02
1.190000e-01	-3.791032e-01	3.824069e-01	-8.499862e-01	-8.040963e-01	-4.588983e-02
1.200000e-01	-3.855137e-01	3.885691e-01	-8.629899e-01	-8.170086e-01	-4.598129e-02
1.210000e-01	-3.919736e-01	3.948067e-01	-8.759861e-01	-8.299666e-01	-4.601945e-02
1.220000e-01	-3.984207e-01	4.010167e-01	-8.889637e-01	-8.429026e-01	-4.606108e-02
1.230000e-01	-4.047546e-01	4.071095e-01	-9.017240e-01	-8.556165e-01	-4.610742e-02
1.240000e-01	-4.109602e-01	4.130276e-01	-9.143447e-01	-8.681326e-01	-4.621214e-02
1.250000e-01	-4.170746e-01	4.188583e-01	-9.267564e-01	-8.804528e-01	-4.630357e-02
1.260000e-01	-4.231175e-01	4.245884e-01	-9.390838e-01	-8.926594e-01	-4.642440e-02
1.270000e-01	-4.290194e-01	4.301948e-01	-9.510790e-01	-9.045589e-01	-4.652006e-02
1.280000e-01	-4.347807e-01	4.356300e-01	-9.628798e-01	-9.162206e-01	-4.665927e-02
1.290000e-01	-4.403884e-01	4.409282e-01	-9.743119e-01	-9.275444e-01	-4.676751e-02
1.300000e-01	-4.459033e-01	4.461058e-01	-9.856285e-01	-9.387175e-01	-4.691095e-02
1.310000e-01	-4.512460e-01	4.511251e-01	-9.965426e-01	-9.495173e-01	-4.702528e-02
1.320000e-01	-4.564545e-01	4.559899e-01	-1.007245e+00	-9.600772e-01	-4.716821e-02
1.330000e-01	-4.614934e-01	4.607108e-01	-1.017538e+00	-9.702626e-01	-4.727571e-02
1.340000e-01	-4.664071e-01	4.652916e-01	-1.027640e+00	-9.802269e-01	-4.741273e-02
1.350000e-01	-4.712218e-01	4.698038e-01	-1.037464e+00	-9.899536e-01	-4.750996e-02
1.360000e-01	-4.759784e-01	4.742482e-01	-1.047203e+00	-9.995796e-01	-4.762289e-02
1.370000e-01	-4.806381e-01	4.786189e-01	-1.056671e+00	-1.008974e+00	-4.769734e-02
1.380000e-01	-4.851842e-01	4.828529e-01	-1.065978e+00	-1.018173e+00	-4.780478e-02
1.390000e-01	-4.896259e-01	4.869948e-01	-1.075032e+00	-1.027142e+00	-4.789023e-02
1.400000e-01	-4.940075e-01	4.910553e-01	-1.084022e+00	-1.036019e+00	-4.800346e-02
1.410000e-01	-4.983179e-01	4.950601e-01	-1.092821e+00	-1.044728e+00	-4.809234e-02
1.420000e-01	-5.025551e-01	4.989748e-01	-1.101507e+00	-1.053309e+00	-4.819830e-02
1.430000e-01	-5.067343e-01	5.028609e-01	-1.109986e+00	-1.061727e+00	-4.825879e-02
1.440000e-01	-5.108931e-01	5.067221e-01	-1.118402e+00	-1.070094e+00	-4.830800e-02
1.450000e-01	-5.150446e-01	5.106078e-01	-1.126695e+00	-1.078392e+00	-4.830268e-02
1.460000e-01	-5.191738e-01	5.144664e-01	-1.134915e+00	-1.086631e+00	-4.828373e-02
1.470000e-01	-5.232474e-01	5.182942e-01	-1.142956e+00	-1.094725e+00	-4.823038e-02
1.480000e-01	-5.272494e-01	5.220365e-01	-1.150875e+00	-1.102687e+00	-4.818814e-02
1.490000e-01	-5.311803e-01	5.257277e-01	-1.158633e+00	-1.110497e+00	-4.813624e-02
1.500000e-01	-5.350338e-01	5.293258e-01	-1.166281e+00	-1.118174e+00	-4.810663e-02
1.510000e-01	-5.388457e-01	5.329034e-01	-1.173795e+00	-1.125743e+00	-4.805155e-02
1.520000e-01	-5.426153e-01	5.364268e-01	-1.181227e+00	-1.133229e+00	-4.799825e-02
1.530000e-01	-5.463772e-01	5.399663e-01	-1.188575e+00	-1.140665e+00	-4.791043e-02
1.540000e-01	-5.500933e-01	5.434508e-01	-1.195855e+00	-1.148021e+00	-4.783404e-02
1.550000e-01	-5.537998e-01	5.469558e-01	-1.203038e+00	-1.155319e+00	-4.771902e-02
1.560000e-01	-5.574519e-01	5.503987e-01	-1.210158e+00	-1.162531e+00	-4.762706e-02
1.570000e-01	-5.610916e-01	5.538604e-01	-1.217186e+00	-1.169684e+00	-4.750127e-02
1.580000e-01	-5.646600e-01	5.572375e-01	-1.224127e+00	-1.176724e+00	-4.740359e-02
1.590000e-01	-5.681888e-01	5.606053e-01	-1.230915e+00	-1.183646e+00	-4.726875e-02
1.600000e-01	-5.716258e-01	5.638607e-01	-1.237609e+00	-1.190430e+00	-4.717848e-02
1.610000e-01	-5.750149e-01	5.670920e-01	-1.244151e+00	-1.197090e+00	-4.706048e-02
1.620000e-01	-5.783095e-01	5.702050e-01	-1.250593e+00	-1.203606e+00	-4.698700e-02
1.630000e-01	-5.815733e-01	5.733122e-01	-1.256905e+00	-1.210026e+00	-4.687905e-02
1.640000e-01	-5.847660e-01	5.763226e-01	-1.263149e+00	-1.216341e+00	-4.680849e-02
1.650000e-01	-5.879330e-01	5.793350e-01	-1.269269e+00	-1.222568e+00	-4.670175e-02
1.660000e-01	-5.910177e-01	5.822407e-01	-1.275295e+00	-1.228665e+00	-4.662969e-02
1.670000e-01	-5.940626e-01	5.851381e-01	-1.281156e+00	-1.234640e+00	-4.651523e-02
1.680000e-01	-5.970296e-01	5.879367e-01	-1.286932e+00	-1.240496e+00	-4.643639e-02
1.690000e-01	-5.999793e-01	5.907513e-01	-1.292596e+00	-1.246277e+00	-4.631875e-02
1.700000e-01	-6.028614e-01	5.934772e-01	-1.298200e+00	-1.251961e+00	-4.623850e-02
1.710000e-01	-6.057387e-01	5.962322e-01	-1.303703e+00	-1.257590e+00	-4.611300e-02
1.720000e-01	-6.085694e-01	5.989174e-01	-1.309177e+00	-1.263158e+00	-4.601930e-02
1.730000e-01	-6.113820e-01	6.016177e-01	-1.314535e+00	-1.268650e+00	-4.588557e-02
1.740000e-01	-6.141169e-01	6.042137e-01	-1.319820e+00	-1.274027e+00	-4.579299e-02
1.750000e-01	-6.168335e-01	6.068226e-01	-1.325003e+00	-1.279335e+00	-4.566810e-02
1.760000e-01	-6.194882e-01	6.093424e-01	-1.330131e+00	-1.284554e+00	-4.557735e-02
1.770000e-01	-6.221361e-01	6.118818e-01	-1.335173e+00	-1.289722e+00	-4.545014e-02
1.780000e-01	-6.247139e-01	6.143292e-01	-1.340130e+00	-1.294779e+00	-4.535121e-02
1.790000e-01	-6.272826e-01	6.167906e-01	-1.345012e+00	-1.299789e+00	-4.522354e-02
1.800000e-01	-6.297570e-01	6.191407e-01	-1.349780e+00	-1.304647e+00	-4.513277e-02
1.810000e-01	-6.322004e-01	6.214822e-01	-1.354457e+00	-1.309429e+00	-4.502823e-02
1.820000e-01	-6.345669e-01	6.237270e-01	-1.359024e+00	-1.314079e+00	-4.494494e-02
1.830000e-01	-6.369020e-01	6.259685e-01	-1.363495e+00	-1.318650e+00	-4.484550e-02
1.840000e-01	-6.391732e-01	6.281290e-01	-1.367878e+00	-1.323112e+00	-4.476559e-02
1.850000e-01	-6.414321e-01	6.303035e-01	-1.372197e+00	-1.327530e+00	-4.466618e-02
1.860000e-01	-6.436426e-01	6.324087e-01	-1.376437e+00	-1.331861e+00	-4.457588e-02
1.870000e-01	-6.458213e-01	6.345096e-01	-1.380596e+00	-1.336119e+00	-4.447673e-02
1.880000e-01	-6.479211e-01	6.365095e-01	-1.384625e+00	-1.340233e+00	-4.439120e-02
1.890000e-01	-6.500140e-01	6.385274e-01	-1.388624e+00	-1.344326e+00	-4.429813e-02
1.900000e-01	-6.520466e-01	6.404602e-01	-1.392523e+00	-1.348308e+00	-4.421484e-02
1.910000e-01	-6.540710e-01	6.424138e-01	-1.396382e+00	-1.352262e+00	-4.411996e-02
1.920000e-01	-6.560404e-01	6.442873e-01	-1.400143e+00	-1.356112e+00	-4.403092e-02
1.930000e-01	-6.579930e-01	6.461745e-01	-1.403851e+00	-1.359918e+00	-4.393237e-02
1.940000e-01	-6.598809e-01	6.479751e-01	-1.407441e+00	-1.363601e+00	-4.383971e-02
1.950000e-01	-6.617607e-01	6.497974e-01	-1.411000e+00	-1.367261e+00	-4.373928e-02
1.960000e-01	-6.635818e-01	6.515409e-01	-1.414447e+00	-1.370805e+00	-4.364161e-02
1.970000e-01	-6.653992e-01	6.533057e-01	-1.417873e+00	-1.374335e+00	-4.353711e-02
1.980000e-01	-6.671682e-01	6.550011e-01	-1.421204e+00	-1.377770e+00	-4.343389e-02
1.990000e-01	-6.689316e-01	6.567126e-01	-1.424529e+00	-1.381196e+00	-4.333312e-02
2.000000e-01	-6.706304e-01	6.583392e-01	-1.427746e+00	-1.384504e+00	-4.324283e-02
2.010000e-01	-6.723266e-01	6.599850e-01	-1.430945e+00	-1.387799e+00	-4.314591e-02
2.020000e-01	-6.739535e-01	6.615437e-01	-1.434021e+00	-1.390964e+00	-4.305712e-02
2.030000e-01	-6.755673e-01	6.631101e-01	-1.437065e+00	-1.394100e+00	-4.296512e-02
2.040000e-01	-6.771225e-01	6.646010e-01	-1.440012e+00	-1.397128e+00	-4.288349e-02
2.050000e-01	-6.786603e-01	6.660964e-01	-1.442899e+00	-1.400110e+00	-4.278943e-02
2.060000e-01	-6.801476e-01	6.675250e-01	-1.445700e+00	-1.402998e+00	-4.270254e-02
2.070000e-01	-6.816280e-01	6.689689e-01	-1.448464e+00	-1.405860e+00	-4.260390e-02
2.080000e-01	-6.830604e-01	6.703460e-01	-1.451170e+00	-1.408645e+00	-4.252458e-02
2.090000e-01	-6.844925e-01	6.717437e-01	-1.453844e+00	-1.411415e+00	-4.242955e-02
2.100000e-01	-6.858805e-01	6.730794e-01	-1.456460e+00	-1.414111e+00	-4.234952e-02
2.110000e-01	-6.872480e-01	6.744139e-01	-1.459019e+00	-1.416757e+00	-4.226138e-02
2.120000e-01	-6.885678e-01	6.756827e-01	-1.461521e+00	-1.419329e+00	-4.219290e-02
2.130000e-01	-6.898747e-01	6.769591e-01	-1.463970e+00	-1.421860e+00	-4.211049e-02
2.140000e-01	-6.911250e-01	6.781620e-01	-1.466342e+00	-1.424296e+00	-4.204609e-02
2.150000e-01	-6.923699e-01	6.793792e-01	-1.468675e+00	-1.426708e+00	-4.196777e-02
2.160000e-01	-6.935722e-01	6.805391e-01	-1.470954e+00	-1.429049e+00	-4.190468e-02
2.170000e-01	-6.947695e-01	6.817135e-01	-1.473190e+00	-1.431365e+00	-4.182563e-02
2.180000e-01	-6.959088e-01	6.828116e-01	-1.475347e+00	-1.433582e+00	-4.176468e-02
2.190000e-01	-6.970432e-01	6.839228e-01	-1.477464e+00	-1.435775e+00	-4.168860e-02
2.200000e-01	-6.981292e-01	6.849689e-01	-1.479512e+00	-1.437885e+00	-4.162673e-02
2.210000e-01	-6.992114e-01	6.860280e-01	-1.481523e+00	-1.439973e+00	-4.154993e-02
2.220000e-01	-7.002621e-01	6.870387e-01	-1.483499e+00	-1.442011e+00	-4.148726e-02
2.230000e-01	-7.013131e-01	6.880645e-01	-1.485459e+00	-1.444042e+00	-4.141618e-02
2.240000e-01	-7.023135e-01	6.890286e-01	-1.487349e+00	-1.445988e+00	-4.136085e-02
2.250000e-01	-7.033202e-01	6.900152e-01	-1.489228e+00	-1.447934e+00	-4.129372e-02
2.260000e-01	-7.042719e-01	6.909369e-01	-1.491028e+00	-1.449786e+00	-4.124229e-02
2.270000e-01	-7.052362e-01	6.918836e-01	-1.492826e+00	-1.451649e+00	-4.117676e-02
2.280000e-01	-7.061551e-01	6.927709e-01	-1.494560e+00	-1.453435e+00	-4.112479e-02
2.290000e-01	-7.070822e-01	6.936795e-01	-1.496279e+00	-1.455222e+00	-4.105721e-02
2.300000e-01	-7.079586e-01	6.945228e-01	-1.497928e+00	-1.456923e+00	-4.100538e-02
2.310000e-01	-7.088354e-01	6.953816e-01	-1.499562e+00	-1.458616e+00	-4.094543e-02
2.320000e-01	-7.096522e-01	6.961666e-01	-1.501105e+00	-1.460205e+00	-4.090012e-02
2.330000e-01	-7.104792e-01	6.969740e-01	-1.502644e+00	-1.461801e+00	-4.084304e-02
2.340000e-01	-7.112666e-01	6.977291e-01	-1.504132e+00	-1.463332e+00	-4.079932e-02
2.350000e-01	-7.120753e-01	6.985199e-01	-1.505634e+00	-1.464892e+00	-4.074172e-02
2.360000e-01	-7.128275e-01	6.992444e-01	-1.507058e+00	-1.466356e+00	-4.070132e-02
2.370000e-01	-7.135753e-01	6.999765e-01	-1.508459e+00	-1.467805e+00	-4.065422e-02
2.380000e-01	-7.142989e-01	7.006700e-01	-1.509836e+00	-1.469217e+00	-4.061903e-02
2.390000e-01	-7.150272e-01	7.013838e-01	-1.511204e+00	-1.470629e+00	-4.057488e-02
2.400000e-01	-7.157025e-01	7.020318e-01	-1.512492e+00	-1.471949e+00	-4.054354e-02
2.410000e-01	-7.163915e-01	7.027065e-01	-1.513784e+00	-1.473284e+00	-4.050054e-02
2.420000e-01	-7.170434e-01	7.033299e-01	-1.515028e+00	-1.474557e+00	-4.047057e-02
2.430000e-01	-7.177156e-01	7.039904e-01	-1.516288e+00	-1.475860e+00	-4.042844e-02
2.440000e-01	-7.183466e-01	7.045949e-01	-1.517483e+00	-1.477088e+00	-4.039484e-02
2.450000e-01	-7.189892e-01	7.052275e-01	-1.518672e+00	-1.478325e+00	-4.034694e-02
2.460000e-01	-7.195879e-01	7.057997e-01	-1.519808e+00	-1.479492e+00	-4.031606e-02
2.470000e-01	-7.201706e-01	7.063705e-01	-1.520910e+00	-1.480626e+00	-4.028452e-02
2.480000e-01	-7.207044e-01	7.068764e-01	-1.521949e+00	-1.481679e+00	-4.026997e-02
2.490000e-01	-7.212615e-01	7.074216e-01	-1.522993e+00	-1.482758e+00	-4.023496e-02
2.500000e-01	-7.218115e-01	7.079467e-01	-1.524029e+00	-1.483826e+00	-4.020310e-02
2.510000e-01	-7.223845e-01	7.085119e-01	-1.525088e+00	-1.484928e+00	-4.015949e-02
2.520000e-01	-7.229090e-01	7.090132e-01	-1.526086e+00	-1.485952e+00	-4.013386e-02
2.530000e-01	-7.234416e-01	7.095372e-01	-1.527076e+00	-1.486980e+00	-4.009621e-02
2.540000e-01	-7.239290e-01	7.100004e-01	-1.528008e+00	-1.487933e+00	-4.007499e-02
2.550000e-01	-7.244190e-01	7.104810e-01	-1.528927e+00	-1.488882e+00	-4.004429e-02
2.560000e-01	-7.248839e-01	7.109217e-01	-1.529817e+00	-1.489792e+00	-4.002453e-02
2.570000e-01	-7.253593e-01	7.113912e-01	-1.530702e+00	-1.490711e+00	-3.999195e-02
2.580000e-01	-7.258032e-01	7.118163e-01	-1.531553e+00	-1.491580e+00	-3.997347e-02
2.590000e-01	-7.262568e-01	7.122653e-01	-1.532390e+00	-1.492452e+00	-3.993824e-02
2.600000e-01	-7.266851e-01	7.126717e-01	-1.533209e+00	-1.493290e+00	-3.991966e-02
2.610000e-01	-7.271316e-01	7.131113e-01	-1.534026e+00	-1.494145e+00	-3.988155e-02
2.620000e-01	-7.275287e-01	7.134872e-01	-1.534790e+00	-1.494924e+00	-3.986646e-02
2.630000e-01	-7.279289e-01	7.138819e-01	-1.535538e+00	-1.495698e+00	-3.984016e-02
2.640000e-01	-7.282979e-01	7.142320e-01	-1.536250e+00	-1.496423e+00	-3.982696e-02
2.650000e-01	-7.287107e-01	7.146426e-01	-1.536988e+00	-1.497205e+00	-3.978303e-02
2.660000e-01	-7.291014e-01	7.150139e-01	-1.537721e+00	-1.497962e+00	-3.975891e-02
2.670000e-01	-7.294890e-01	7.153996e-01	-1.538422e+00	-1.498700e+00	-3.972212e-02
2.680000e-01	-7.298295e-01	7.157216e-01	-1.539087e+00	-1.499373e+00	-3.971385e-02
2.690000e-01	-7.301944e-01	7.160823e-01	-1.539750e+00	-1.500069e+00	-3.968059e-02
2.700000e-01	-7.305192e-01	7.163865e-01	-1.540383e+00	-1.500711e+00	-3.967215e-02
2.710000e-01	-7.308667e-01	7.167303e-01	-1.541014e+00	-1.501374e+00	-3.964028e-02
2.720000e-01	-7.311795e-01	7.170251e-01	-1.541629e+00	-1.501994e+00	-3.963513e-02
2.730000e-01	-7.315104e-01	7.173552e-01	-1.542228e+00	-1.502625e+00	-3.960376e-02
2.740000e-01	-7.318281e-01	7.176598e-01	-1.542834e+00	-1.503245e+00	-3.958909e-02
2.750000e-01	-7.321515e-01	7.179830e-01	-1.543412e+00	-1.503857e+00	-3.955426e-02
2.760000e-01	-7.324314e-01	7.182466e-01	-1.543968e+00	-1.504415e+00	-3.955250e-02
2.770000e-01	-7.327332e-01	7.185459e-01	-1.544521e+00	-1.504993e+00	-3.952702e-02
2.780000e-01	-7.330076e-01	7.188040e-01	-1.545067e+00	-1.505541e+00	-3.952611e-02
2.790000e-01	-7.333042e-01	7.190992e-01	-1.545597e+00	-1.506103e+00	-3.949433e-02
2.800000e-01	-7.335701e-01	7.193501e-01	-1.546120e+00	-1.506630e+00	-3.948970e-02
2.810000e-01	-7.338508e-01	7.196316e-01	-1.546613e+00	-1.507158e+00	-3.945592e-02
2.820000e-01	-7.340908e-01	7.198572e-01	-1.547091e+00	-1.507636e+00	-3.945483e-02
2.830000e-01	-7.343727e-01	7.201415e-01	-1.547596e+00	-1.508171e+00	-3.942520e-02
2.840000e-01	-7.346137e-01	7.203698e-01	-1.548065e+00	-1.508646e+00	-3.941903e-02
2.850000e-01	-7.348677e-01	7.206247e-01	-1.548513e+00	-1.509124e+00	-3.938888e-02
2.860000e-01	-7.351041e-01	7.208467e-01	-1.548976e+00	-1.509592e+00	-3.938392e-02
2.870000e-01	-7.353453e-01	7.210874e-01	-1.549413e+00	-1.510052e+00	-3.936118e-02
2.880000e-01	-7.355396e-01	7.212660e-01	-1.549815e+00	-1.510447e+00	-3.936800e-02
2.890000e-01	-7.357698e-01	7.214974e-01	-1.550225e+00	-1.510882e+00	-3.934254e-02
2.900000e-01	-7.359746e-01	7.216902e-01	-1.550626e+00	-1.511288e+00	-3.933852e-02
2.910000e-01	-7.362162e-01	7.219338e-01	-1.551044e+00	-1.511738e+00	-3.930599e-02
2.920000e-01	-7.364140e-01	7.221191e-01	-1.551443e+00	-1.512135e+00	-3.930753e-02
2.930000e-01	-7.366178e-01	7.223244e-01	-1.551810e+00	-1.512523e+00	-3.928730e-02
2.940000e-01	-7.367903e-01	7.224840e-01	-1.552161e+00	-1.512871e+00	-3.928999e-02
2.950000e-01	-7.370082e-01	7.227060e-01	-1.552540e+00	-1.513278e+00	-3.926204e-02
2.960000e-01	-7.372006e-01	7.228874e-01	-1.552911e+00	-1.513656e+00	-3.925483e-02
2.970000e-01	-7.374222e-01	7.231135e-01	-1.553293e+00	-1.514068e+00	-3.922405e-02
2.980000e-01	-7.376033e-01	7.232821e-01	-1.553649e+00	-1.514428e+00	-3.922144e-02
2.990000e-01	-7.377842e-01	7.234654e-01	-1.553971e+00	-1.514770e+00	-3.920155e-02
3.000000e-01	-7.379171e-01	7.235843e-01	-1.554248e+00	-1.515041e+00	-3.920689e-02
3.010000e-01	-7.381008e-01	7.237711e-01	-1.554571e+00	-1.515386e+00	-3.918476e-02
3.020000e-01	-7.382520e-01	7.239105e-01	-1.554880e+00	-1.515692e+00	-3.918800e-02
3.030000e-01	-7.384223e-01	7.240840e-01	-1.555181e+00	-1.516013e+00	-3.916799e-02
3.040000e-01	-7.385706e-01	7.242196e-01	-1.555479e+00	-1.516310e+00	-3.916909e-02
3.050000e-01	-7.387392e-01	7.243900e-01	-1.555773e+00	-1.516626e+00	-3.914750e-02
3.060000e-01	-7.388846e-01	7.245237e-01	-1.556067e+00	-1.516918e+00	-3.914910e-02
3.070000e-01	-7.390621e-01	7.247072e-01	-1.556373e+00	-1.517249e+00	-3.912453e-02
3.080000e-01	-7.391851e-01	7.248198e-01	-1.556631e+00	-1.517501e+00	-3.913059e-02
3.090000e-01	-7.393421e-01	7.249825e-01	-1.556893e+00	-1.517789e+00	-3.910437e-02
3.100000e-01	-7.394781e-01	7.251084e-01	-1.557160e+00	-1.518058e+00	-3.910194e-02
3.110000e-01	-7.396194e-01	7.252528e-01	-1.557402e+00	-1.518320e+00	-3.908164e-02
3.120000e-01	-7.397180e-01	7.253394e-01	-1.557621e+00	-1.518529e+00	-3.909266e-02
3.130000e-01	-7.398588e-01	7.254852e-01	-1.557860e+00	-1.518789e+00	-3.907140e-02
3.140000e-01	-7.399763e-01	7.255937e-01	-1.558101e+00	-1.519027e+00	-3.907433e-02
3.150000e-01	-7.401213e-01	7.257442e-01	-1.558336e+00	-1.519289e+00	-3.904672e-02
3.160000e-01	-7.402539e-01	7.258660e-01	-1.558599e+00	-1.519553e+00	-3.904552e-02
3.170000e-01	-7.403767e-01	7.259916e-01	-1.558806e+00	-1.519780e+00	-3.902623e-02
3.180000e-01	-7.404507e-01	7.260533e-01	-1.558989e+00	-1.519945e+00	-3.904379e-02
3.190000e-01	-7.405778e-01	7.261855e-01	-1.559204e+00	-1.520180e+00	-3.902408e-02
3.200000e-01	-7.406657e-01	7.262633e-01	-1.559400e+00	-1.520365e+00	-3.903410e-02
3.210000e-01	-7.407969e-01	7.263999e-01	-1.559606e+00	-1.520600e+00	-3.900627e-02
3.220000e-01	-7.409184e-01	7.265136e-01	-1.559846e+00	-1.520841e+00	-3.900463e-02
3.230000e-01	-7.410330e-01	7.266325e-01	-1.560037e+00	-1.521051e+00	-3.898526e-02
3.240000e-01	-7.410995e-01	7.266878e-01	-1.560193e+00	-1.521196e+00	-3.899724e-02
3.250000e-01	-7.412106e-01	7.268036e-01	-1.560370e+00	-1.521396e+00	-3.897447e-02
3.260000e-01	-7.413047e-01	7.268895e-01	-1.560566e+00	-1.521588e+00	-3.897854e-02
3.270000e-01	-7.414157e-01	7.270071e-01	-1.560745e+00	-1.521788e+00	-3.895662e-02
3.280000e-01	-7.415004e-01	7.270826e-01	-1.560929e+00	-1.521965e+00	-3.896408e-02
3.290000e-01	-7.415835e-01	7.271685e-01	-1.561068e+00	-1.522117e+00	-3.895055e-02
3.300000e-01	-7.416520e-01	7.272260e-01	-1.561228e+00	-1.522266e+00	-3.896183e-02
3.310000e-01	-7.417489e-01	7.273294e-01	-1.561385e+00	-1.522441e+00	-3.894366e-02
3.320000e-01	-7.418336e-01	7.274068e-01	-1.561562e+00	-1.522615e+00	-3.894755e-02
3.330000e-01	-7.419377e-01	7.275175e-01	-1.561727e+00	-1.522801e+00	-3.892583e-02
3.340000e-01	-7.420337e-01	7.276050e-01	-1.561915e+00	-1.522991e+00	-3.892381e-02
3.350000e-01	-7.421211e-01	7.276952e-01	-1.562054e+00	-1.523148e+00	-3.890600e-02
3.360000e-01	-7.421643e-01	7.277272e-01	-1.562168e+00	-1.523248e+00	-3.891965e-02
3.370000e-01	-7.422330e-01	7.278029e-01	-1.562279e+00	-1.523372e+00	-3.890645e-02
3.380000e-01	-7.423083e-01	7.278703e-01	-1.562441e+00	-1.523529e+00	-3.891211e-02
3.390000e-01	-7.424002e-01	7.279703e-01	-1.562585e+00	-1.523693e+00	-3.889243e-02
3.400000e-01	-7.424802e-01	7.280424e-01	-1.562739e+00	-1.523850e+00	-3.888944e-02
3.410000e-01	-7.425399e-01	7.281076e-01	-1.562834e+00	-1.523957e+00	-3.887710e-02
3.420000e-01	-7.425897e-01	7.281468e-01	-1.562957e+00	-1.524068e+00	-3.888886e-02
3.430000e-01	-7.426740e-01	7.282384e-01	-1.563089e+00	-1.524219e+00	-3.887073e-02
3.440000e-01	-7.427385e-01	7.282950e-01	-1.563227e+00	-1.524352e+00	-3.887478e-02
3.450000e-01	-7.428220e-01	7.283851e-01	-1.563353e+00	-1.524498e+00	-3.885449e-02
3.460000e-01	-7.428855e-01	7.284399e-01	-1.563483e+00	-1.524627e+00	-3.885591e-02
3.470000e-01	-7.429604e-01	7.285204e-01	-1.563603e+00	-1.524762e+00	-3.884088e-02
3.480000e-01	-7.429870e-01	7.285361e-01	-1.563684e+00	-1.524829e+00	-3.885524e-02
3.490000e-01	-7.430425e-01	7.285965e-01	-1.563771e+00	-1.524928e+00	-3.884312e-02
3.500000e-01	-7.430942e-01	7.286391e-01	-1.563892e+00	-1.525040e+00	-3.885161e-02
3.510000e-01	-7.431545e-01	7.287064e-01	-1.563989e+00	-1.525149e+00	-3.884006e-02
3.520000e-01	-7.432037e-01	7.287491e-01	-1.564095e+00	-1.525251e+00	-3.884397e-02
3.530000e-01	-7.432806e-01	7.288336e-01	-1.564200e+00	-1.525381e+00	-3.881927e-02
3.540000e-01	-7.433294e-01	7.288740e-01	-1.564307e+00	-1.525483e+00	-3.882426e-02
3.550000e-01	-7.434015e-01	7.289529e-01	-1.564420e+00	-1.525612e+00	-3.880856e-02
3.560000e-01	-7.434182e-01	7.289588e-01	-1.564490e+00	-1.525663e+00	-3.882688e-02
3.570000e-01	-7.434674e-01	7.290126e-01	-1.564565e+00	-1.525750e+00	-3.881517e-02
3.580000e-01	-7.435179e-01	7.290554e-01	-1.564673e+00	-1.525854e+00	-3.881859e-02
3.590000e-01	-7.435989e-01	7.291439e-01	-1.564793e+00	-1.525995e+00	-3.879753e-02
3.600000e-01	-7.436332e-01	7.291700e-01	-1.564877e+00	-1.526072e+00	-3.880515e-02
3.610000e-01	-7.436784e-01	7.292213e-01	-1.564938e+00	-1.526147e+00	-3.879034e-02
3.620000e-01	-7.437016e-01	7.292350e-01	-1.565011e+00	-1.526207e+00	-3.880377e-02
3.630000e-01	-7.437424e-01	7.292797e-01	-1.565077e+00	-1.526281e+00	-3.879595e-02
3.640000e-01	-7.437716e-01	7.293010e-01	-1.565154e+00	-1.526348e+00	-3.880511e-02
3.650000e-01	-7.438282e-01	7.293641e-01	-1.565229e+00	-1.526443e+00	-3.878636e-02
3.660000e-01	-7.438545e-01	7.293821e-01	-1.565301e+00	-1.526505e+00	-3.879593e-02
3.670000e-01	-7.439165e-01	7.294520e-01	-1.565390e+00	-1.526612e+00	-3.877863e-02
3.680000e-01	-7.439488e-01	7.294771e-01	-1.565473e+00	-1.526685e+00	-3.878754e-02
3.690000e-01	-7.439982e-01	7.295340e-01	-1.565538e+00	-1.526767e+00	-3.877088e-02
3.700000e-01	-7.440404e-01	7.295692e-01	-1.565629e+00	-1.526855e+00	-3.877389e-02
3.710000e-01	-7.440943e-01	7.296278e-01	-1.565709e+00	-1.526949e+00	-3.876004e-02
3.720000e-01	-7.440967e-01	7.296189e-01	-1.565750e+00	-1.526971e+00	-3.877815e-02
3.730000e-01	-7.441207e-01	7.296482e-01	-1.565778e+00	-1.527010e+00	-3.876855e-02
3.740000e-01	-7.441332e-01	7.296523e-01	-1.565828e+00	-1.527047e+00	-3.878057e-02
3.750000e-01	-7.441915e-01	7.297185e-01	-1.565911e+00	-1.527147e+00	-3.876380e-02
3.760000e-01	-7.442167e-01	7.297380e-01	-1.565969e+00	-1.527201e+00	-3.876767e-02
3.770000e-01	-7.442525e-01	7.297812e-01	-1.566008e+00	-1.527256e+00	-3.875133e-02
3.780000e-01	-7.442777e-01	7.297985e-01	-1.566076e+00	-1.527316e+00	-3.876047e-02
3.790000e-01	-7.443356e-01	7.298627e-01	-1.566165e+00	-1.527418e+00	-3.874695e-02
3.800000e-01	-7.443569e-01	7.298756e-01	-1.566223e+00	-1.527468e+00	-3.875468e-02
3.810000e-01	-7.443925e-01	7.299177e-01	-1.566268e+00	-1.527527e+00	-3.874152e-02
3.820000e-01	-7.444081e-01	7.299250e-01	-1.566316e+00	-1.527566e+00	-3.875012e-02
3.830000e-01	-7.444527e-01	7.299746e-01	-1.566383e+00	-1.527644e+00	-3.873891e-02
3.840000e-01	-7.444480e-01	7.299595e-01	-1.566403e+00	-1.527649e+00	-3.875327e-02
3.850000e-01	-7.444729e-01	7.299902e-01	-1.566426e+00	-1.527686e+00	-3.874025e-02
3.860000e-01	-7.444838e-01	7.299939e-01	-1.566460e+00	-1.527714e+00	-3.874616e-02
3.870000e-01	-7.445333e-01	7.300518e-01	-1.566527e+00	-1.527797e+00	-3.872993e-02
3.880000e-01	-7.445529e-01	7.300651e-01	-1.566568e+00	-1.527837e+00	-3.873118e-02
3.890000e-01	-7.446025e-01	7.301216e-01	-1.566626e+00	-1.527915e+00	-3.871031e-02
3.900000e-01	-7.445977e-01	7.301066e-01	-1.566642e+00	-1.527918e+00	-3.872315e-02
3.910000e-01	-7.446380e-01	7.301550e-01	-1.566700e+00	-1.527988e+00	-3.871204e-02
3.920000e-01	-7.446362e-01	7.301444e-01	-1.566725e+00	-1.527999e+00	-3.872619e-02
3.930000e-01	-7.446524e-01	7.301651e-01	-1.566747e+00	-1.528026e+00	-3.872130e-02
3.940000e-01	-7.446731e-01	7.301763e-01	-1.566803e+00	-1.528074e+00	-3.872836e-02
3.950000e-01	-7.447276e-01	7.302378e-01	-1.566882e+00	-1.528169e+00	-3.871355e-02
3.960000e-01	-7.447247e-01	7.302280e-01	-1.566897e+00	-1.528173e+00	-3.872368e-02
3.970000e-01	-7.447556e-01	7.302675e-01	-1.566931e+00	-1.528221e+00	-3.870974e-02
3.980000e-01	-7.447673e-01	7.302727e-01	-1.566967e+00	-1.528251e+00	-3.871621e-02
3.990000e-01	-7.448144e-01	7.303279e-01	-1.567029e+00	-1.528329e+00	-3.870009e-02
4.000000e-01	-7.448134e-01	7.303181e-01	-1.567046e+00	-1.528336e+00	-3.870958e-02
4.010000e-01	-7.448470e-01	7.303579e-01	-1.567092e+00	-1.528393e+00	-3.869879e-02
4.020000e-01	-7.448369e-01	7.303384e-01	-1.567105e+00	-1.528389e+00	-3.871556e-02
4.030000e-01	-7.448717e-01	7.303803e-01	-1.567154e+00	-1.528449e+00	-3.870538e-02
4.040000e-01	-7.448705e-01	7.303703e-01	-1.567176e+00	-1.528458e+00	-3.871734e-02
4.050000e-01	-7.448919e-01	7.303980e-01	-1.567200e+00	-1.528492e+00	-3.870823e-02
4.060000e-01	-7.448968e-01	7.303953e-01	-1.567225e+00	-1.528509e+00	-3.871573e-02
4.070000e-01	-7.449397e-01	7.304459e-01	-1.567279e+00	-1.528579e+00	-3.869966e-02
4.080000e-01	-7.449470e-01	7.304450e-01	-1.567310e+00	-1.528602e+00	-3.870820e-02
4.090000e-01	-7.449772e-01	7.304824e-01	-1.567343e+00	-1.528649e+00	-3.869429e-02
4.100000e-01	-7.449713e-01	7.304690e-01	-1.567353e+00	-1.528648e+00	-3.870503e-02
4.110000e-01	-7.449998e-01	7.305050e-01	-1.567389e+00	-1.528694e+00	-3.869463e-02
4.120000e-01	-7.450086e-01	7.305072e-01	-1.567420e+00	-1.528719e+00	-3.870140e-02
4.130000e-01	-7.450418e-01	7.305476e-01	-1.567459e+00	-1.528771e+00	-3.868763e-02
4.140000e-01	-7.450412e-01	7.305389e-01	-1.567480e+00	-1.528781e+00	-3.869855e-02
4.150000e-01	-7.450668e-01	7.305716e-01	-1.567514e+00	-1.528824e+00	-3.869013e-02
4.160000e-01	-7.450498e-01	7.305442e-01	-1.567515e+00	-1.528807e+00	-3.870792e-02
4.170000e-01	-7.450649e-01	7.305640e-01	-1.567528e+00	-1.528829e+00	-3.869912e-02
4.180000e-01	-7.450632e-01	7.305545e-01	-1.567544e+00	-1.528835e+00	-3.870900e-02
4.190000e-01	-7.451109e-01	7.306126e-01	-1.567605e+00	-1.528913e+00	-3.869156e-02
4.200000e-01	-7.451153e-01	7.306108e-01	-1.567627e+00	-1.528929e+00	-3.869798e-02
4.210000e-01	-7.451411e-01	7.306445e-01	-1.567646e+00	-1.528964e+00	-3.868203e-02
4.220000e-01	-7.451317e-01	7.306268e-01	-1.567650e+00	-1.528957e+00	-3.869314e-02
4.230000e-01	-7.451647e-01	7.306659e-01	-1.567694e+00	-1.529012e+00	-3.868245e-02
4.240000e-01	-7.451615e-01	7.306523e-01	-1.567715e+00	-1.529019e+00	-3.869601e-02
4.250000e-01	-7.451735e-01	7.306693e-01	-1.567724e+00	-1.529035e+00	-3.868827e-02
4.260000e-01	-7.451676e-01	7.306554e-01	-1.567737e+00	-1.529036e+00	-3.870068e-02
4.270000e-01	-7.452059e-01	7.307044e-01	-1.567781e+00	-1.529096e+00	-3.868472e-02
4.280000e-01	-7.452168e-01	7.307073e-01	-1.567815e+00	-1.529125e+00	-3.869094e-02
4.290000e-01	-7.452287e-01	7.307247e-01	-1.567825e+00	-1.529141e+00	-3.868389e-02
4.300000e-01	-7.452109e-01	7.306979e-01	-1.567821e+00	-1.529121e+00	-3.869955e-02
4.310000e-01	-7.452381e-01	7.307337e-01	-1.567847e+00	-1.529162e+00	-3.868554e-02
4.320000e-01	-7.452357e-01	7.307231e-01	-1.567859e+00	-1.529165e+00	-3.869360e-02
4.330000e-01	-7.452683e-01	7.307643e-01	-1.567889e+00	-1.529213e+00	-3.867638e-02
4.340000e-01	-7.452585e-01	7.307471e-01	-1.567889e+00	-1.529203e+00	-3.868595e-02
4.350000e-01	-7.452749e-01	7.307701e-01	-1.567908e+00	-1.529229e+00	-3.867891e-02
4.360000e-01	-7.452692e-01	7.307552e-01	-1.567919e+00	-1.529229e+00	-3.869048e-02
4.370000e-01	-7.452921e-01	7.307846e-01	-1.567944e+00	-1.529264e+00	-3.867989e-02
4.380000e-01	-7.452928e-01	7.307764e-01	-1.567960e+00	-1.529273e+00	-3.868740e-02
4.390000e-01	-7.453303e-01	7.308228e-01	-1.568007e+00	-1.529334e+00	-3.867308e-02
4.400000e-01	-7.453324e-01	7.308166e-01	-1.568026e+00	-1.529346e+00	-3.868083e-02
4.410000e-01	-7.453424e-01	7.308337e-01	-1.568032e+00	-1.529358e+00	-3.867365e-02
4.420000e-01	-7.453224e-01	7.308059e-01	-1.568019e+00	-1.529332e+00	-3.868722e-02
4.430000e-01	-7.453402e-01	7.308313e-01	-1.568036e+00	-1.529358e+00	-3.867778e-02
4.440000e-01	-7.453304e-01	7.308118e-01	-1.568031e+00	-1.529346e+00	-3.868519e-02
4.450000e-01	-7.453488e-01	7.308374e-01	-1.568043e+00	-1.529370e+00	-3.867264e-02
4.460000e-01	-7.453410e-01	7.308208e-01	-1.568041e+00	-1.529361e+00	-3.867942e-02
4.470000e-01	-7.453702e-01	7.308578e-01	-1.568072e+00	-1.529406e+00	-3.866556e-02
4.480000e-01	-7.453689e-01	7.308481e-01	-1.568075e+00	-1.529406e+00	-3.866845e-02
4.490000e-01	-7.453831e-01	7.308712e-01	-1.568079e+00	-1.529422e+00	-3.865619e-02
4.500000e-01	-7.453876e-01	7.308693e-01	-1.568096e+00	-1.529436e+00	-3.866047e-02
4.510000e-01	-7.454168e-01	7.309064e-01	-1.568142e+00	-1.529488e+00	-3.865436e-02
4.520000e-01	-7.454067e-01	7.308857e-01	-1.568150e+00	-1.529482e+00	-3.866828e-02
4.530000e-01	-7.454072e-01	7.308923e-01	-1.568147e+00	-1.529481e+00	-3.866634e-02
4.540000e-01	-7.453886e-01	7.308661e-01	-1.568131e+00	-1.529454e+00	-3.867694e-02
4.550000e-01	-7.454290e-01	7.309169e-01	-1.568181e+00	-1.529520e+00	-3.866173e-02
4.560000e-01	-7.454303e-01	7.309114e-01	-1.568192e+00	-1.529527e+00	-3.866597e-02
4.570000e-01	-7.454616e-01	7.309507e-01	-1.568227e+00	-1.529575e+00	-3.865210e-02
4.580000e-01	-7.454479e-01	7.309285e-01	-1.568218e+00	-1.529557e+00	-3.866115e-02
4.590000e-01	-7.454632e-01	7.309510e-01	-1.568236e+00	-1.529581e+00	-3.865487e-02
4.600000e-01	-7.454375e-01	7.309150e-01	-1.568214e+00	-1.529545e+00	-3.866948e-02
4.610000e-01	-7.454503e-01	7.309345e-01	-1.568223e+00	-1.529562e+00	-3.866142e-02
4.620000e-01	-7.454381e-01	7.309145e-01	-1.568222e+00	-1.529549e+00	-3.867280e-02
4.630000e-01	-7.454724e-01	7.309594e-01	-1.568266e+00	-1.529605e+00	-3.866043e-02
4.640000e-01	-7.454701e-01	7.309501e-01	-1.568266e+00	-1.529603e+00	-3.866297e-02
4.650000e-01	-7.454858e-01	7.309728e-01	-1.568280e+00	-1.529626e+00	-3.865400e-02
4.660000e-01	-7.454798e-01	7.309597e-01	-1.568284e+00	-1.529622e+00	-3.866206e-02
4.670000e-01	-7.455181e-01	7.310066e-01	-1.568334e+00	-1.529685e+00	-3.864904e-02
4.680000e-01	-7.454958e-01	7.309747e-01	-1.568314e+00	-1.529653e+00	-3.866095e-02
4.690000e-01	-7.455068e-01	7.309938e-01	-1.568316e+00	-1.529665e+00	-3.865125e-02
4.700000e-01	-7.454914e-01	7.309709e-01	-1.568308e+00	-1.529646e+00	-3.866284e-02
4.710000e-01	-7.455122e-01	7.310003e-01	-1.568334e+00	-1.529679e+00	-3.865495e-02
4.720000e-01	-7.455112e-01	7.309914e-01	-1.568343e+00	-1.529682e+00	-3.866015e-02
4.730000e-01	-7.455223e-01	7.310091e-01	-1.568350e+00	-1.529697e+00	-3.865259e-02
4.740000e-01	-7.454974e-01	7.309769e-01	-1.568322e+00	-1.529659e+00	-3.866380e-02
4.750000e-01	-7.455170e-01	7.310056e-01	-1.568344e+00	-1.529689e+00	-3.865521e-02
4.760000e-01	-7.455204e-01	7.310011e-01	-1.568362e+00	-1.529701e+00	-3.866064e-02
4.770000e-01	-7.455444e-01	7.310329e-01	-1.568389e+00	-1.529739e+00	-3.865008e-02
4.780000e-01	-7.455386e-01	7.310197e-01	-1.568390e+00	-1.529734e+00	-3.865655e-02
4.790000e-01	-7.455608e-01	7.310498e-01	-1.568411e+00	-1.529766e+00	-3.864466e-02
4.800000e-01	-7.455467e-01	7.310266e-01	-1.568402e+00	-1.529748e+00	-3.865453e-02
4.810000e-01	-7.455433e-01	7.310298e-01	-1.568388e+00	-1.529737e+00	-3.865063e-02
4.820000e-01	-7.455319e-01	7.310107e-01	-1.568384e+00	-1.529724e+00	-3.866019e-02
4.830000e-01	-7.455684e-01	7.310558e-01	-1.568436e+00	-1.529786e+00	-3.864939e-02
4.840000e-01	-7.455601e-01	7.310395e-01	-1.568431e+00	-1.529775e+00	-3.865522e-02
4.850000e-01	-7.455739e-01	7.310610e-01	-1.568440e+00	-1.529794e+00	-3.864592e-02
4.860000e-01	-7.455591e-01	7.310389e-01	-1.568429e+00	-1.529774e+00	-3.865538e-02
4.870000e-01	-7.455937e-01	7.310824e-01	-1.568474e+00	-1.529831e+00	-3.864346e-02
4.880000e-01	-7.455819e-01	7.310611e-01	-1.568472e+00	-1.529818e+00	-3.865424e-02
4.890000e-01	-7.455749e-01	7.310608e-01	-1.568454e+00	-1.529802e+00	-3.865213e-02
4.900000e-01	-7.455611e-01	7.310388e-01	-1.568445e+00	-1.529784e+00	-3.866150e-02
4.910000e-01	-7.455823e-01	7.310680e-01	-1.568468e+00	-1.529816e+00	-3.865165e-02
4.920000e-01	-7.455762e-01	7.310533e-01	-1.568468e+00	-1.529810e+00	-3.865759e-02
4.930000e-01	-7.455959e-01	7.310818e-01	-1.568483e+00	-1.529838e+00	-3.864573e-02
4.940000e-01	-7.455904e-01	7.310697e-01	-1.568485e+00	-1.529833e+00	-3.865184e-02
4.950000e-01	-7.456200e-01	7.311080e-01	-1.568518e+00	-1.529879e+00	-3.863906e-02
4.960000e-01	-7.456138e-01	7.310935e-01	-1.568517e+00	-1.529872e+00	-3.864482e-02
4.970000e-01	-7.456215e-01	7.311074e-01	-1.568522e+00	-1.529882e+00	-3.863933e-02
4.980000e-01	-7.455950e-01	7.310721e-01	-1.568496e+00	-1.529843e+00	-3.865301e-02
4.990000e-01	-7.456128e-01	7.310980e-01	-1.568516e+00	-1.529871e+00	-3.864535e-02
5.000000e-01	-7.456087e-01	7.310858e-01	-1.568525e+00	-1.529871e+00	-3.865366e-02
5.010000e-01	-7.456122e-01	7.310961e-01	-1.568526e+00	-1.529875e+00	-3.865054e-02
5.020000e-01	-7.456049e-01	7.310814e-01	-1.568522e+00	-1.529866e+00	-3.865616e-02
5.030000e-01	-7.456255e-01	7.311106e-01	-1.568544e+00	-1.529897e+00	-3.864641e-02
5.040000e-01	-7.456116e-01	7.310901e-01	-1.568528e+00	-1.529875e+00	-3.865225e-02
5.050000e-01	-7.456425e-01	7.311297e-01	-1.568558e+00	-1.529921e+00	-3.863654e-02
5.060000e-01	-7.456447e-01	7.311243e-01	-1.568572e+00	-1.529930e+00	-3.864106e-02
5.070000e-01	-7.456694e-01	7.311549e-01	-1.568606e+00	-1.529972e+00	-3.863344e-02
5.080000e-01	-7.456400e-01	7.311154e-01	-1.568575e+00	-1.529927e+00	-3.864738e-02
5.090000e-01	-7.456274e-01	7.311093e-01	-1.568548e+00	-1.529901e+00	-3.864669e-02
5.100000e-01	-7.456050e-01	7.310815e-01	-1.568525e+00	-1.529868e+00	-3.865763e-02
5.110000e-01	-7.456478e-01	7.311344e-01	-1.568580e+00	-1.529938e+00	-3.864220e-02
5.120000e-01	-7.456504e-01	7.311297e-01	-1.568593e+00	-1.529947e+00	-3.864624e-02
5.130000e-01	-7.456608e-01	7.311464e-01	-1.568601e+00	-1.529961e+00	-3.863989e-02
5.140000e-01	-7.456359e-01	7.311133e-01	-1.568576e+00	-1.529924e+00	-3.865197e-02
5.150000e-01	-7.456547e-01	7.311397e-01	-1.568595e+00	-1.529952e+00	-3.864291e-02
5.160000e-01	-7.456452e-01	7.311225e-01	-1.568587e+00	-1.529939e+00	-3.864854e-02
5.170000e-01	-7.456671e-01	7.311517e-01	-1.568607e+00	-1.529970e+00	-3.863622e-02
5.180000e-01	-7.456599e-01	7.311379e-01	-1.568606e+00	-1.529963e+00	-3.864320e-02
5.190000e-01	-7.456861e-01	7.311720e-01	-1.568636e+00	-1.530004e+00	-3.863191e-02
5.200000e-01	-7.456529e-01	7.311291e-01	-1.568600e+00	-1.529953e+00	-3.864686e-02
5.210000e-01	-7.456570e-01	7.311409e-01	-1.568592e+00	-1.529953e+00	-3.863918e-02
5.220000e-01	-7.456486e-01	7.311284e-01	-1.568583e+00	-1.529940e+00	-3.864306e-02
5.230000e-01	-7.456841e-01	7.311726e-01	-1.568632e+00	-1.530000e+00	-3.863182e-02
5.240000e-01	-7.456753e-01	7.311553e-01	-1.568632e+00	-1.529991e+00	-3.864078e-02
5.250000e-01	-7.456809e-01	7.311664e-01	-1.568634e+00	-1.529998e+00	-3.863609e-02
5.260000e-01	-7.456558e-01	7.311336e-01	-1.568607e+00	-1.529959e+00	-3.864753e-02
5.270000e-01	-7.456838e-01	7.311697e-01	-1.568642e+00	-1.530005e+00	-3.863702e-02
5.280000e-01	-7.456798e-01	7.311594e-01	-1.568641e+00	-1.530000e+00	-3.864085e-02
5.290000e-01	-7.457010e-01	7.311874e-01	-1.568658e+00	-1.530030e+00	-3.862804e-02
5.300000e-01	-7.456962e-01	7.311758e-01	-1.568660e+00	-1.530026e+00	-3.863395e-02
5.310000e-01	-7.457156e-01	7.312018e-01	-1.568685e+00	-1.530058e+00	-3.862695e-02
5.320000e-01	-7.456835e-01	7.311609e-01	-1.568649e+00	-1.530008e+00	-3.864104e-02
5.330000e-01	-7.456790e-01	7.311630e-01	-1.568635e+00	-1.529997e+00	-3.863868e-02
5.340000e-01	-7.456667e-01	7.311441e-01	-1.568624e+00	-1.529979e+00	-3.864549e-02
5.350000e-01	-7.457084e-01	7.311944e-01	-1.568679e+00	-1.530048e+00	-3.863094e-02
5.360000e-01	-7.457039e-01	7.311844e-01	-1.568681e+00	-1.530045e+00	-3.863668e-02
5.370000e-01	-7.457015e-01	7.311888e-01	-1.568667e+00	-1.530035e+00	-3.863222e-02
5.380000e-01	-7.456699e-01	7.311478e-01	-1.568635e+00	-1.529987e+00	-3.864761e-02
5.390000e-01	-7.457028e-01	7.311889e-01	-1.568673e+00	-1.530039e+00	-3.863359e-02
5.400000e-01	-7.456995e-01	7.311789e-01	-1.568672e+00	-1.530036e+00	-3.863669e-02
5.410000e-01	-7.457190e-01	7.312073e-01	-1.568685e+00	-1.530061e+00	-3.862343e-02
5.420000e-01	-7.457098e-01	7.311910e-01	-1.568683e+00	-1.530051e+00	-3.863171e-02
5.430000e-01	-7.457323e-01	7.312202e-01	-1.568712e+00	-1.530088e+00	-3.862386e-02
5.440000e-01	-7.457034e-01	7.311830e-01	-1.568680e+00	-1.530043e+00	-3.863639e-02
5.450000e-01	-7.457144e-01	7.312009e-01	-1.568685e+00	-1.530057e+00	-3.862785e-02
5.460000e-01	-7.456990e-01	7.311794e-01	-1.568671e+00	-1.530034e+00	-3.863643e-02
5.470000e-01	-7.457220e-01	7.312102e-01	-1.568700e+00	-1.530072e+00	-3.862814e-02
5.480000e-01	-7.457119e-01	7.311915e-01	-1.568699e+00	-1.530061e+00	-3.863760e-02
5.490000e-01	-7.457047e-01	7.311886e-01	-1.568683e+00	-1.530046e+00	-3.863670e-02
5.500000e-01	-7.456820e-01	7.311573e-01	-1.568658e+00	-1.530011e+00	-3.864712e-02
5.510000e-01	-7.457055e-01	7.311906e-01	-1.568679e+00	-1.530045e+00	-3.863395e-02
5.520000e-01	-7.457054e-01	7.311862e-01	-1.568682e+00	-1.530046e+00	-3.863555e-02
5.530000e-01	-7.457277e-01	7.312170e-01	-1.568705e+00	-1.530080e+00	-3.862464e-02
5.540000e-01	-7.457250e-01	7.312071e-01	-1.568708e+00	-1.530079e+00	-3.862878e-02
5.550000e-01	-7.457539e-01	7.312422e-01	-1.568742e+00	-1.530125e+00	-3.861696e-02
5.560000e-01	-7.457303e-01	7.312097e-01	-1.568716e+00	-1.530088e+00	-3.862773e-02
5.570000e-01	-7.457198e-01	7.312060e-01	-1.568690e+00	-1.530065e+00	-3.862517e-02
5.580000e-01	-7.456986e-01	7.311790e-01	-1.568673e+00	-1.530035e+00	-3.863786e-02
5.590000e-01	-7.457237e-01	7.312131e-01	-1.568706e+00	-1.530077e+00	-3.862918e-02
5.600000e-01	-7.457163e-01	7.311979e-01	-1.568709e+00	-1.530071e+00	-3.863827e-02
5.610000e-01	-7.457220e-01	7.312094e-01	-1.568703e+00	-1.530074e+00	-3.862964e-02
5.620000e-01	-7.457096e-01	7.311895e-01	-1.568693e+00	-1.530056e+00	-3.863689e-02
5.630000e-01	-7.457346e-01	7.312226e-01	-1.568720e+00	-1.530095e+00	-3.862562e-02
5.640000e-01	-7.457100e-01	7.311918e-01	-1.568689e+00	-1.530055e+00	-3.863471e-02
5.650000e-01	-7.457312e-01	7.312208e-01	-1.568708e+00	-1.530085e+00	-3.862269e-02
5.660000e-01	-7.457311e-01	7.312131e-01	-1.568717e+00	-1.530090e+00	-3.862733e-02
5.670000e-01	-7.457615e-01	7.312500e-01	-1.568759e+00	-1.530141e+00	-3.861806e-02
5.680000e-01	-7.457351e-01	7.312149e-01	-1.568734e+00	-1.530102e+00	-3.863188e-02
5.690000e-01	-7.457324e-01	7.312194e-01	-1.568716e+00	-1.530090e+00	-3.862549e-02
5.700000e-01	-7.457126e-01	7.311923e-01	-1.568695e+00	-1.530060e+00	-3.863507e-02
5.710000e-01	-7.457304e-01	7.312172e-01	-1.568722e+00	-1.530091e+00	-3.863058e-02
5.720000e-01	-7.457088e-01	7.311872e-01	-1.568705e+00	-1.530061e+00	-3.864352e-02
5.730000e-01	-7.457159e-01	7.312024e-01	-1.568700e+00	-1.530066e+00	-3.863395e-02
5.740000e-01	-7.457168e-01	7.311984e-01	-1.568703e+00	-1.530068e+00	-3.863444e-02
5.750000e-01	-7.457509e-01	7.312429e-01	-1.568739e+00	-1.530120e+00	-3.861865e-02
5.760000e-01	-7.457248e-01	7.312092e-01	-1.568708e+00	-1.530079e+00	-3.862906e-02
5.770000e-01	-7.457249e-01	7.312149e-01	-1.568704e+00	-1.530077e+00	-3.862695e-02
5.780000e-01	-7.457212e-01	7.312020e-01	-1.568713e+00	-1.530078e+00	-3.863541e-02
5.790000e-01	-7.457496e-01	7.312358e-01	-1.568747e+00	-1.530123e+00	-3.862400e-02
5.800000e-01	-7.457427e-01	7.312201e-01	-1.568745e+00	-1.530115e+00	-3.863002e-02
5.810000e-01	-7.457424e-01	7.312277e-01	-1.568732e+00	-1.530108e+00	-3.862360e-02
5.820000e-01	-7.457212e-01	7.312003e-01	-1.568712e+00	-1.530077e+00	-3.863460e-02
5.830000e-01	-7.457397e-01	7.312274e-01	-1.568737e+00	-1.530108e+00	-3.862865e-02
5.840000e-01	-7.457294e-01	7.312107e-01	-1.568732e+00	-1.530095e+00	-3.863653e-02
5.850000e-01	-7.457339e-01	7.312214e-01	-1.568725e+00	-1.530097e+00	-3.862873e-02
5.860000e-01	-7.457230e-01	7.312017e-01	-1.568720e+00	-1.530083e+00	-3.863681e-02
5.870000e-01	-7.457398e-01	7.312256e-01	-1.568740e+00	-1.530110e+00	-3.863043e-02
5.880000e-01	-7.457218e-01	7.311996e-01	-1.568720e+00	-1.530082e+00	-3.863808e-02
5.890000e-01	-7.457371e-01	7.312226e-01	-1.568726e+00	-1.530100e+00	-3.862595e-02
5.900000e-01	-7.457411e-01	7.312195e-01	-1.568739e+00	-1.530111e+00	-3.862849e-02
5.910000e-01	-7.457696e-01	7.312568e-01	-1.568772e+00	-1.530156e+00	-3.861664e-02
5.920000e-01	-7.457567e-01	7.312372e-01	-1.568764e+00	-1.530138e+00	-3.862509e-02
5.930000e-01	-7.457455e-01	7.312321e-01	-1.568744e+00	-1.530118e+00	-3.862654e-02
5.940000e-01	-7.457115e-01	7.311894e-01	-1.568703e+00	-1.530063e+00	-3.864000e-02
5.950000e-01	-7.457470e-01	7.312336e-01	-1.568747e+00	-1.530121e+00	-3.862661e-02
5.960000e-01	-7.457384e-01	7.312185e-01	-1.568743e+00	-1.530110e+00	-3.863316e-02
5.970000e-01	-7.457551e-01	7.312430e-01	-1.568757e+00	-1.530134e+00	-3.862323e-02
5.980000e-01	-7.457456e-01	7.312261e-01	-1.568754e+00	-1.530122e+00	-3.863113e-02
5.990000e-01	-7.457599e-01	7.312472e-01	-1.568771e+00	-1.530145e+00	-3.862562e-02
6.000000e-01	-7.457294e-01	7.312076e-01	-1.568733e+00	-1.530096e+00	-3.863737e-02
6.010000e-01	-7.457347e-01	7.312193e-01	-1.568729e+00	-1.530099e+00	-3.862960e-02
6.020000e-01	-7.457339e-01	7.312126e-01	-1.568735e+00	-1.530101e+00	-3.863372e-02
6.030000e-01	-7.457638e-01	7.312511e-01	-1.568774e+00	-1.530151e+00	-3.862315e-02
6.040000e-01	-7.457492e-01	7.312288e-01	-1.568757e+00	-1.530127e+00	-3.862908e-02
6.050000e-01	-7.457490e-01	7.312340e-01	-1.568751e+00	-1.530124e+00	-3.862635e-02
6.060000e-01	-7.457260e-01	7.312021e-01	-1.568727e+00	-1.530089e+00	-3.863737e-02
6.070000e-01	-7.457395e-01	7.312255e-01	-1.568740e+00	-1.530109e+00	-3.863031e-02
6.080000e-01	-7.457333e-01	7.312141e-01	-1.568737e+00	-1.530102e+00	-3.863534e-02
6.090000e-01	-7.457484e-01	7.312365e-01	-1.568745e+00	-1.530121e+00	-3.862402e-02
6.100000e-01	-7.457525e-01	7.312328e-01	-1.568761e+00	-1.530133e+00	-3.862794e-02
6.110000e-01	-7.457693e-01	7.312562e-01	-1.568785e+00	-1.530162e+00	-3.862307e-02
6.120000e-01	-7.457366e-01	7.312149e-01	-1.568745e+00	-1.530109e+00	-3.863577e-02
6.130000e-01	-7.457379e-01	7.312228e-01	-1.568737e+00	-1.530106e+00	-3.863037e-02
6.140000e-01	-7.457298e-01	7.312077e-01	-1.568732e+00	-1.530096e+00	-3.863638e-02
6.150000e-01	-7.457619e-01	7.312481e-01	-1.568771e+00	-1.530147e+00	-3.862363e-02
6.160000e-01	-7.457475e-01	7.312248e-01	-1.568760e+00	-1.530128e+00	-3.863264e-02
6.170000e-01	-7.457531e-01	7.312364e-01	-1.568758e+00	-1.530132e+00	-3.862616e-02
6.180000e-01	-7.457374e-01	7.312143e-01	-1.568743e+00	-1.530109e+00	-3.863421e-02
6.190000e-01	-7.457528e-01	7.312382e-01	-1.568762e+00	-1.530134e+00	-3.862832e-02
6.200000e-01	-7.457536e-01	7.312325e-01	-1.568771e+00	-1.530139e+00	-3.863182e-02
6.210000e-01	-7.457612e-01	7.312470e-01	-1.568770e+00	-1.530146e+00	-3.862364e-02
6.220000e-01	-7.457441e-01	7.312212e-01	-1.568755e+00	-1.530122e+00	-3.863339e-02
6.230000e-01	-7.457609e-01	7.312472e-01	-1.568775e+00	-1.530148e+00	-3.862671e-02
6.240000e-01	-7.457359e-01	7.312144e-01	-1.568745e+00	-1.530108e+00	-3.863647e-02
6.250000e-01	-7.457471e-01	7.312321e-01	-1.568751e+00	-1.530123e+00	-3.862842e-02
6.260000e-01	-7.457430e-01	7.312215e-01	-1.568751e+00	-1.530118e+00	-3.863236e-02
6.270000e-01	-7.457618e-01	7.312477e-01	-1.568771e+00	-1.530147e+00	-3.862364e-02
6.280000e-01	-7.457527e-01	7.312303e-01	-1.568768e+00	-1.530137e+00	-3.863105e-02
6.290000e-01	-7.457648e-01	7.312502e-01	-1.568776e+00	-1.530153e+00	-3.862295e-02
6.300000e-01	-7.457420e-01	7.312198e-01	-1.568749e+00	-1.530116e+00	-3.863247e-02
6.310000e-01	-7.457629e-01	7.312493e-01	-1.568774e+00	-1.530150e+00	-3.862395e-02
6.320000e-01	-7.457526e-01	7.312320e-01	-1.568774e+00	-1.530139e+00	-3.863420e-02
6.330000e-01	-7.457579e-01	7.312423e-01	-1.568774e+00	-1.530145e+00	-3.862931e-02
6.340000e-01	-7.457441e-01	7.312187e-01	-1.568764e+00	-1.530126e+00	-3.863816e-02
6.350000e-01	-7.457758e-01	7.312592e-01	-1.568800e+00	-1.530176e+00	-3.862439e-02
6.360000e-01	-7.457492e-01	7.312270e-01	-1.568764e+00	-1.530131e+00	-3.863275e-02
6.370000e-01	-7.457531e-01	7.312385e-01	-1.568758e+00	-1.530132e+00	-3.862573e-02
6.380000e-01	-7.457373e-01	7.312148e-01	-1.568747e+00	-1.530111e+00	-3.863629e-02
6.390000e-01	-7.457486e-01	7.312320e-01	-1.568759e+00	-1.530128e+00	-3.863107e-02
6.400000e-01	-7.457299e-01	7.312037e-01	-1.568741e+00	-1.530101e+00	-3.864082e-02
6.410000e-01	-7.457476e-01	7.312293e-01	-1.568754e+00	-1.530125e+00	-3.862953e-02
6.420000e-01	-7.457416e-01	7.312192e-01	-1.568749e+00	-1.530116e+00	-3.863270e-02
6.430000e-01	-7.457763e-01	7.312640e-01	-1.568793e+00	-1.530173e+00	-3.862031e-02
6.440000e-01	-7.457705e-01	7.312520e-01	-1.568791e+00	-1.530166e+00	-3.862517e-02
6.450000e-01	-7.457766e-01	7.312636e-01	-1.568791e+00	-1.530172e+00	-3.861887e-02
6.460000e-01	-7.457519e-01	7.312285e-01	-1.568770e+00	-1.530137e+00	-3.863317e-02
6.470000e-01	-7.457723e-01	7.312570e-01	-1.568796e+00	-1.530170e+00	-3.862556e-02
6.480000e-01	-7.457433e-01	7.312202e-01	-1.568761e+00	-1.530124e+00	-3.863733e-02
6.490000e-01	-7.457592e-01	7.312426e-01	-1.568772e+00	-1.530145e+00	-3.862671e-02
6.500000e-01	-7.457391e-01	7.312145e-01	-1.568751e+00	-1.530115e+00	-3.863668e-02
6.510000e-01	-7.457495e-01	7.312327e-01	-1.568758e+00	-1.530129e+00	-3.862962e-02
6.520000e-01	-7.457391e-01	7.312148e-01	-1.568753e+00	-1.530116e+00	-3.863740e-02
6.530000e-01	-7.457629e-01	7.312468e-01	-1.568777e+00	-1.530152e+00	-3.862581e-02
6.540000e-01	-7.457543e-01	7.312323e-01	-1.568768e+00	-1.530138e+00	-3.862963e-02
6.550000e-01	-7.457714e-01	7.312578e-01	-1.568786e+00	-1.530164e+00	-3.862141e-02
6.560000e-01	-7.457515e-01	7.312311e-01	-1.568766e+00	-1.530135e+00	-3.863166e-02
6.570000e-01	-7.457605e-01	7.312473e-01	-1.568769e+00	-1.530145e+00	-3.862375e-02
6.580000e-01	-7.457553e-01	7.312341e-01	-1.568773e+00	-1.530142e+00	-3.863129e-02
6.590000e-01	-7.457778e-01	7.312632e-01	-1.568802e+00	-1.530179e+00	-3.862301e-02
6.600000e-01	-7.457523e-01	7.312294e-01	-1.568773e+00	-1.530139e+00	-3.863400e-02
6.610000e-01	-7.457480e-01	7.312310e-01	-1.568754e+00	-1.530125e+00	-3.862875e-02
6.620000e-01	-7.457302e-01	7.312065e-01	-1.568736e+00	-1.530098e+00	-3.863798e-02
6.630000e-01	-7.457512e-01	7.312365e-01	-1.568763e+00	-1.530133e+00	-3.863039e-02
6.640000e-01	-7.457456e-01	7.312241e-01	-1.568761e+00	-1.530126e+00	-3.863481e-02
6.650000e-01	-7.457587e-01	7.312440e-01	-1.568765e+00	-1.530141e+00	-3.862392e-02
6.660000e-01	-7.457411e-01	7.312187e-01	-1.568748e+00	-1.530115e+00	-3.863278e-02
6.670000e-01	-7.457655e-01	7.312512e-01	-1.568785e+00	-1.530158e+00	-3.862688e-02
6.680000e-01	-7.457557e-01	7.312343e-01	-1.568778e+00	-1.530145e+00	-3.863347e-02
6.690000e-01	-7.457656e-01	7.312511e-01	-1.568780e+00	-1.530155e+00	-3.862429e-02
6.700000e-01	-7.457540e-01	7.312315e-01	-1.568772e+00	-1.530140e+00	-3.863215e-02
6.710000e-01	-7.457730e-01	7.312580e-01	-1.568794e+00	-1.530170e+00	-3.862413e-02
6.720000e-01	-7.457502e-01	7.312283e-01	-1.568769e+00	-1.530135e+00	-3.863433e-02
6.730000e-01	-7.457553e-01	7.312401e-01	-1.568766e+00	-1.530138e+00	-3.862760e-02
6.740000e-01	-7.457391e-01	7.312172e-01	-1.568749e+00	-1.530113e+00	-3.863535e-02
6.750000e-01	-7.457497e-01	7.312363e-01	-1.568755e+00	-1.530127e+00	-3.862778e-02
6.760000e-01	-7.457404e-01	7.312197e-01	-1.568749e+00	-1.530115e+00	-3.863412e-02
6.770000e-01	-7.457554e-01	7.312406e-01	-1.568763e+00	-1.530137e+00	-3.862625e-02
6.780000e-01	-7.457529e-01	7.312304e-01	-1.568768e+00	-1.530137e+00	-3.863106e-02
6.790000e-01	-7.457708e-01	7.312564e-01	-1.568783e+00	-1.530162e+00	-3.862097e-02
6.800000e-01	-7.457408e-01	7.312190e-01	-1.568750e+00	-1.530116e+00	-3.863401e-02
6.810000e-01	-7.457540e-01	7.312393e-01	-1.568761e+00	-1.530135e+00	-3.862662e-02
6.820000e-01	-7.457474e-01	7.312253e-01	-1.568765e+00	-1.530130e+00	-3.863524e-02
6.830000e-01	-7.457804e-01	7.312668e-01	-1.568808e+00	-1.530184e+00	-3.862335e-02
6.840000e-01	-7.457528e-01	7.312325e-01	-1.568771e+00	-1.530138e+00	-3.863272e-02
6.850000e-01	-7.457447e-01	7.312300e-01	-1.568749e+00	-1.530119e+00	-3.863005e-02
6.860000e-01	-7.457271e-01	7.312045e-01	-1.568731e+00	-1.530092e+00	-3.863824e-02
6.870000e-01	-7.457476e-01	7.312320e-01	-1.568757e+00	-1.530126e+00	-3.863102e-02
6.880000e-01	-7.457459e-01	7.312228e-01	-1.568764e+00	-1.530128e+00	-3.863603e-02
6.890000e-01	-7.457535e-01	7.312371e-01	-1.568760e+00	-1.530133e+00	-3.862631e-02
6.900000e-01	-7.457395e-01	7.312175e-01	-1.568742e+00	-1.530111e+00	-3.863159e-02
6.910000e-01	-7.457607e-01	7.312472e-01	-1.568768e+00	-1.530145e+00	-3.862347e-02
6.920000e-01	-7.457480e-01	7.312279e-01	-1.568759e+00	-1.530128e+00	-3.863154e-02
6.930000e-01	-7.457661e-01	7.312519e-01	-1.568777e+00	-1.530155e+00	-3.862258e-02
6.940000e-01	-7.457494e-01	7.312265e-01	-1.568767e+00	-1.530133e+00	-3.863422e-02
6.950000e-01	-7.457692e-01	7.312551e-01	-1.568790e+00	-1.530164e+00	-3.862570e-02
6.960000e-01	-7.457473e-01	7.312283e-01	-1.568759e+00	-1.530127e+00	-3.863228e-02
6.970000e-01	-7.457507e-01	7.312390e-01	-1.568753e+00	-1.530127e+00	-3.862603e-02
6.980000e-01	-7.457432e-01	7.312233e-01	-1.568751e+00	-1.530119e+00	-3.863243e-02
6.990000e-01	-7.457562e-01	7.312428e-01	-1.568760e+00	-1.530136e+00	-3.862367e-02
7.000000e-01	-7.457393e-01	7.312177e-01	-1.568743e+00	-1.530111e+00	-3.863236e-02
7.010000e-01	-7.457603e-01	7.312450e-01	-1.568766e+00	-1.530144e+00	-3.862292e-02
7.020000e-01	-7.457449e-01	7.312211e-01	-1.568754e+00	-1.530122e+00	-3.863236e-02
7.030000e-01	-7.457580e-01	7.312410e-01	-1.568770e+00	-1.530143e+00	-3.862721e-02
7.040000e-01	-7.457331e-01	7.312088e-01	-1.568744e+00	-1.530105e+00	-3.863891e-02
7.050000e-01	-7.457314e-01	7.312143e-01	-1.568734e+00	-1.530098e+00	-3.863556e-02
7.060000e-01	-7.457323e-01	7.312093e-01	-1.568745e+00	-1.530105e+00	-3.864001e-02
7.070000e-01	-7.457738e-01	7.312615e-01	-1.568793e+00	-1.530170e+00	-3.862252e-02
7.080000e-01	-7.457696e-01	7.312524e-01	-1.568786e+00	-1.530163e+00	-3.862356e-02
7.090000e-01	-7.457747e-01	7.312641e-01	-1.568780e+00	-1.530165e+00	-3.861533e-02
7.100000e-01	-7.457540e-01	7.312329e-01	-1.568764e+00	-1.530136e+00	-3.862822e-02
7.110000e-01	-7.457595e-01	7.312436e-01	-1.568772e+00	-1.530146e+00	-3.862660e-02
7.120000e-01	-7.457346e-01	7.312111e-01	-1.568748e+00	-1.530109e+00	-3.863960e-02
7.130000e-01	-7.457505e-01	7.312342e-01	-1.568762e+00	-1.530132e+00	-3.863051e-02
7.140000e-01	-7.457401e-01	7.312178e-01	-1.568747e+00	-1.530114e+00	-3.863343e-02
7.150000e-01	-7.457609e-01	7.312476e-01	-1.568767e+00	-1.530144e+00	-3.862239e-02
7.160000e-01	-7.457481e-01	7.312268e-01	-1.568757e+00	-1.530126e+00	-3.863019e-02
7.170000e-01	-7.457566e-01	7.312427e-01	-1.568760e+00	-1.530137e+00	-3.862332e-02
7.180000e-01	-7.457610e-01	7.312393e-01	-1.568778e+00	-1.530150e+00	-3.862824e-02
7.190000e-01	-7.457856e-01	7.312727e-01	-1.568813e+00	-1.530192e+00	-3.862096e-02
7.200000e-01	-7.457563e-01	7.312356e-01	-1.568776e+00	-1.530145e+00	-3.863196e-02
7.210000e-01	-7.457533e-01	7.312381e-01	-1.568761e+00	-1.530134e+00	-3.862729e-02
7.220000e-01	-7.457372e-01	7.312128e-01	-1.568750e+00	-1.530112e+00	-3.863798e-02
7.230000e-01	-7.457543e-01	7.312376e-01	-1.568770e+00	-1.530139e+00	-3.863071e-02
7.240000e-01	-7.457436e-01	7.312211e-01	-1.568757e+00	-1.530122e+00	-3.863502e-02
7.250000e-01	-7.457630e-01	7.312484e-01	-1.568772e+00	-1.530149e+00	-3.862300e-02
7.260000e-01	-7.457560e-01	7.312350e-01	-1.568764e+00	-1.530138e+00	-3.862593e-02
7.270000e-01	-7.457842e-01	7.312701e-01	-1.568800e+00	-1.530184e+00	-3.861562e-02
7.280000e-01	-7.457628e-01	7.312398e-01	-1.568782e+00	-1.530154e+00	-3.862836e-02
7.290000e-01	-7.457602e-01	7.312435e-01	-1.568772e+00	-1.530146e+00	-3.862569e-02
7.300000e-01	-7.457359e-01	7.312128e-01	-1.568747e+00	-1.530109e+00	-3.863753e-02
7.310000e-01	-7.457560e-01	7.312407e-01	-1.568775e+00	-1.530144e+00	-3.863154e-02
7.320000e-01	-7.457382e-01	7.312164e-01	-1.568757e+00	-1.530117e+00	-3.864056e-02
7.330000e-01	-7.457551e-01	7.312395e-01	-1.568768e+00	-1.530139e+00	-3.862893e-02
7.340000e-01	-7.457462e-01	7.312238e-01	-1.568760e+00	-1.530126e+00	-3.863398e-02
7.350000e-01	-7.457728e-01	7.312587e-01	-1.568790e+00	-1.530168e+00	-3.862228e-02
7.360000e-01	-7.457582e-01	7.312370e-01	-1.568773e+00	-1.530145e+00	-3.862843e-02
7.370000e-01	-7.457661e-01	7.312516e-01	-1.568776e+00	-1.530154e+00	-3.862187e-02
7.380000e-01	-7.457481e-01	7.312258e-01	-1.568760e+00	-1.530128e+00	-3.863169e-02
7.390000e-01	-7.457524e-01	7.312374e-01	-1.568761e+00	-1.530133e+00	-3.862790e-02
7.400000e-01	-7.457420e-01	7.312202e-01	-1.568753e+00	-1.530118e+00	-3.863436e-02
7.410000e-01	-7.457580e-01	7.312426e-01	-1.568769e+00	-1.530143e+00	-3.862659e-02
7.420000e-01	-7.457575e-01	7.312344e-01	-1.568779e+00	-1.530147e+00	-3.863210e-02
7.430000e-01	-7.457810e-01	7.312660e-01	-1.568813e+00	-1.530187e+00	-3.862536e-02
7.440000e-01	-7.457535e-01	7.312323e-01	-1.568776e+00	-1.530141e+00	-3.863432e-02
7.450000e-01	-7.457563e-01	7.312433e-01	-1.568761e+00	-1.530137e+00	-3.862413e-02
7.460000e-01	-7.457474e-01	7.312281e-01	-1.568753e+00	-1.530124e+00	-3.862914e-02
7.470000e-01	-7.457603e-01	7.312484e-01	-1.568768e+00	-1.530144e+00	-3.862372e-02
7.480000e-01	-7.457431e-01	7.312215e-01	-1.568755e+00	-1.530121e+00	-3.863453e-02
7.490000e-01	-7.457502e-01	7.312341e-01	-1.568757e+00	-1.530129e+00	-3.862825e-02
7.500000e-01	-7.457344e-01	7.312110e-01	-1.568740e+00	-1.530104e+00	-3.863534e-02
7.510000e-01	-7.457670e-01	7.312520e-01	-1.568781e+00	-1.530158e+00	-3.862350e-02
7.520000e-01	-7.457577e-01	7.312360e-01	-1.568778e+00	-1.530146e+00	-3.863106e-02
7.530000e-01	-7.457653e-01	7.312510e-01	-1.568779e+00	-1.530155e+00	-3.862439e-02
7.540000e-01	-7.457517e-01	7.312312e-01	-1.568767e+00	-1.530135e+00	-3.863161e-02
7.550000e-01	-7.457761e-01	7.312639e-01	-1.568798e+00	-1.530175e+00	-3.862281e-02
7.560000e-01	-7.457568e-01	7.312367e-01	-1.568778e+00	-1.530146e+00	-3.863219e-02
7.570000e-01	-7.457555e-01	7.312410e-01	-1.568764e+00	-1.530138e+00	-3.862653e-02
7.580000e-01	-7.457235e-01	7.312006e-01	-1.568726e+00	-1.530087e+00	-3.863961e-02
7.590000e-01	-7.457399e-01	7.312233e-01	-1.568746e+00	-1.530113e+00	-3.863330e-02
7.600000e-01	-7.457312e-01	7.312074e-01	-1.568743e+00	-1.530103e+00	-3.864046e-02
7.610000e-01	-7.457609e-01	7.312468e-01	-1.568769e+00	-1.530146e+00	-3.862370e-02
7.620000e-01	-7.457540e-01	7.312368e-01	-1.568757e+00	-1.530132e+00	-3.862447e-02
7.630000e-01	-7.457824e-01	7.312734e-01	-1.568790e+00	-1.530178e+00	-3.861282e-02
7.640000e-01	-7.457555e-01	7.312372e-01	-1.568766e+00	-1.530139e+00	-3.862759e-02
7.650000e-01	-7.457576e-01	7.312435e-01	-1.568763e+00	-1.530139e+00	-3.862384e-02
7.660000e-01	-7.457283e-01	7.312038e-01	-1.568737e+00	-1.530097e+00	-3.864013e-02
7.670000e-01	-7.457553e-01	7.312387e-01	-1.568775e+00	-1.530143e+00	-3.863234e-02
7.680000e-01	-7.457429e-01	7.312206e-01	-1.568763e+00	-1.530125e+00	-3.863865e-02
7.690000e-01	-7.457519e-01	7.312372e-01	-1.568760e+00	-1.530132e+00	-3.862832e-02
7.700000e-01	-7.457363e-01	7.312141e-01	-1.568741e+00	-1.530107e+00	-3.863440e-02
7.710000e-01	-7.457674e-01	7.312543e-01	-1.568778e+00	-1.530156e+00	-3.862174e-02
7.720000e-01	-7.457626e-01	7.312431e-01	-1.568782e+00	-1.530153e+00	-3.862822e-02
7.730000e-01	-7.457739e-01	7.312608e-01	-1.568788e+00	-1.530168e+00	-3.862023e-02
7.740000e-01	-7.457517e-01	7.312307e-01	-1.568763e+00	-1.530133e+00	-3.862975e-02
7.750000e-01	-7.457603e-01	7.312456e-01	-1.568771e+00	-1.530146e+00	-3.862534e-02
7.760000e-01	-7.457333e-01	7.312095e-01	-1.568746e+00	-1.530106e+00	-3.863964e-02
7.770000e-01	-7.457451e-01	7.312281e-01	-1.568753e+00	-1.530122e+00	-3.863146e-02
7.780000e-01	-7.457452e-01	7.312218e-01	-1.568763e+00	-1.530127e+00	-3.863642e-02
7.790000e-01	-7.457771e-01	7.312632e-01	-1.568800e+00	-1.530177e+00	-3.862300e-02
7.800000e-01	-7.457673e-01	7.312471e-01	-1.568792e+00	-1.530163e+00	-3.862851e-02
7.810000e-01	-7.457692e-01	7.312570e-01	-1.568780e+00	-1.530159e+00	-3.862054e-02
7.820000e-01	-7.457510e-01	7.312310e-01	-1.568759e+00	-1.530131e+00	-3.862850e-02
7.830000e-01	-7.457608e-01	7.312472e-01	-1.568769e+00	-1.530145e+00	-3.862357e-02
7.840000e-01	-7.457510e-01	7.312284e-01	-1.568770e+00	-1.530136e+00	-3.863411e-02
7.850000e-01	-7.457513e-01	7.312339e-01	-1.568767e+00	-1.530135e+00	-3.863226e-02
7.860000e-01	-7.457250e-01	7.312011e-01	-1.568731e+00	-1.530090e+00	-3.864040e-02
7.870000e-01	-7.457559e-01	7.312409e-01	-1.568766e+00	-1.530139e+00	-3.862701e-02
7.880000e-01	-7.457507e-01	7.312284e-01	-1.568766e+00	-1.530134e+00	-3.863213e-02
7.890000e-01	-7.457658e-01	7.312507e-01	-1.568778e+00	-1.530155e+00	-3.862319e-02
7.900000e-01	-7.457526e-01	7.312295e-01	-1.568770e+00	-1.530137e+00	-3.863226e-02
7.910000e-01	-7.457740e-01	7.312587e-01	-1.568801e+00	-1.530175e+00	-3.862663e-02
7.920000e-01	-7.457483e-01	7.312246e-01	-1.568775e+00	-1.530136e+00	-3.863935e-02
7.930000e-01	-7.457525e-01	7.312356e-01	-1.568765e+00	-1.530135e+00	-3.863000e-02
7.940000e-01	-7.457464e-01	7.312232e-01	-1.568756e+00	-1.530124e+00	-3.863167e-02
7.950000e-01	-7.457644e-01	7.312503e-01	-1.568778e+00	-1.530153e+00	-3.862440e-02
7.960000e-01	-7.457545e-01	7.312327e-01	-1.568776e+00	-1.530142e+00	-3.863341e-02
7.970000e-01	-7.457570e-01	7.312423e-01	-1.568768e+00	-1.530141e+00	-3.862720e-02
7.980000e-01	-7.457470e-01	7.312248e-01	-1.568756e+00	-1.530125e+00	-3.863099e-02
7.990000e-01	-7.457689e-01	7.312545e-01	-1.568783e+00	-1.530160e+00	-3.862240e-02
8.000000e-01	-7.457618e-01	7.312391e-01	-1.568783e+00	-1.530153e+00	-3.862975e-02
8.010000e-01	-7.457628e-01	7.312472e-01	-1.568777e+00	-1.530151e+00	-3.862574e-02
8.020000e-01	-7.457559e-01	7.312333e-01	-1.568774e+00	-1.530143e+00	-3.863098e-02
8.030000e-01	-7.457648e-01	7.312501e-01	-1.568781e+00	-1.530155e+00	-3.862577e-02
8.040000e-01	-7.457454e-01	7.312233e-01	-1.568762e+00	-1.530126e+00	-3.863556e-02
8.050000e-01	-7.457436e-01	7.312277e-01	-1.568749e+00	-1.530118e+00	-3.863071e-02
8.060000e-01	-7.457374e-01	7.312139e-01	-1.568748e+00	-1.530111e+00	-3.863649e-02
8.070000e-01	-7.457544e-01	7.312387e-01	-1.568768e+00	-1.530138e+00	-3.862942e-02
8.080000e-01	-7.457586e-01	7.312350e-01	-1.568781e+00	-1.530149e+00	-3.863195e-02
8.090000e-01	-7.457671e-01	7.312511e-01	-1.568778e+00	-1.530156e+00	-3.862201e-02
8.100000e-01	-7.457526e-01	7.312306e-01	-1.568760e+00	-1.530133e+00	-3.862762e-02
8.110000e-01	-7.457768e-01	7.312649e-01	-1.568787e+00	-1.530170e+00	-3.861678e-02
8.120000e-01	-7.457555e-01	7.312357e-01	-1.568770e+00	-1.530140e+00	-3.862955e-02
8.130000e-01	-7.457431e-01	7.312289e-01	-1.568744e+00	-1.530115e+00	-3.862880e-02
8.140000e-01	-7.457320e-01	7.312090e-01	-1.568740e+00	-1.530102e+00	-3.863800e-02
8.150000e-01	-7.457652e-01	7.312497e-01	-1.568787e+00	-1.530159e+00	-3.862825e-02
8.160000e-01	-7.457623e-01	7.312397e-01	-1.568791e+00	-1.530158e+00	-3.863345e-02
8.170000e-01	-7.457824e-01	7.312683e-01	-1.568802e+00	-1.530183e+00	-3.861840e-02
8.180000e-01	-7.457843e-01	7.312638e-01	-1.568805e+00	-1.530187e+00	-3.861833e-02
8.190000e-01	-7.457748e-01	7.312605e-01	-1.568794e+00	-1.530172e+00	-3.862204e-02
8.200000e-01	-7.457349e-01	7.312116e-01	-1.568748e+00	-1.530109e+00	-3.863933e-02
8.210000e-01	-7.457306e-01	7.312127e-01	-1.568738e+00	-1.530100e+00	-3.863861e-02
8.220000e-01	-7.457166e-01	7.311921e-01	-1.568723e+00	-1.530078e+00	-3.864484e-02
8.230000e-01	-7.457597e-01	7.312447e-01	-1.568772e+00	-1.530145e+00	-3.862607e-02
8.240000e-01	-7.457586e-01	7.312369e-01	-1.568776e+00	-1.530146e+00	-3.862929e-02
8.250000e-01	-7.457682e-01	7.312529e-01	-1.568780e+00	-1.530158e+00	-3.862200e-02
8.260000e-01	-7.457539e-01	7.312318e-01	-1.568768e+00	-1.530138e+00	-3.863033e-02
8.270000e-01	-7.457753e-01	7.312610e-01	-1.568798e+00	-1.530174e+00	-3.862373e-02
8.280000e-01	-7.457605e-01	7.312389e-01	-1.568786e+00	-1.530153e+00	-3.863233e-02
8.290000e-01	-7.457631e-01	7.312473e-01	-1.568782e+00	-1.530154e+00	-3.862776e-02
8.300000e-01	-7.457408e-01	7.312170e-01	-1.568754e+00	-1.530118e+00	-3.863639e-02
8.310000e-01	-7.457611e-01	7.312450e-01	-1.568777e+00	-1.530150e+00	-3.862752e-02
8.320000e-01	-7.457608e-01	7.312371e-01	-1.568785e+00	-1.530153e+00	-3.863188e-02
8.330000e-01	-7.457831e-01	7.312678e-01	-1.568803e+00	-1.530185e+00	-3.861834e-02
8.340000e-01	-7.457624e-01	7.312410e-01	-1.568774e+00	-1.530149e+00	-3.862442e-02
8.350000e-01	-7.457668e-01	7.312529e-01	-1.568777e+00	-1.530155e+00	-3.862177e-02
8.360000e-01	-7.457539e-01	7.312313e-01	-1.568772e+00	-1.530140e+00	-3.863213e-02
8.370000e-01	-7.457519e-01	7.312345e-01	-1.568769e+00	-1.530137e+00	-3.863272e-02
8.380000e-01	-7.457438e-01	7.312185e-01	-1.568764e+00	-1.530126e+00	-3.863804e-02
8.390000e-01	-7.457615e-01	7.312448e-01	-1.568785e+00	-1.530154e+00	-3.863088e-02
8.400000e-01	-7.457481e-01	7.312249e-01	-1.568775e+00	-1.530136e+00	-3.863923e-02
8.410000e-01	-7.457622e-01	7.312465e-01	-1.568782e+00	-1.530153e+00	-3.862892e-02
8.420000e-01	-7.457642e-01	7.312415e-01	-1.568791e+00	-1.530160e+00	-3.863130e-02
8.430000e-01	-7.457886e-01	7.312734e-01	-1.568815e+00	-1.530196e+00	-3.861871e-02
8.440000e-01	-7.457652e-01	7.312420e-01	-1.568786e+00	-1.530158e+00	-3.862794e-02
8.450000e-01	-7.457581e-01	7.312414e-01	-1.568769e+00	-1.530142e+00	-3.862627e-02
8.460000e-01	-7.457383e-01	7.312148e-01	-1.568747e+00	-1.530112e+00	-3.863532e-02
8.470000e-01	-7.457669e-01	7.312532e-01	-1.568779e+00	-1.530156e+00	-3.862240e-02
8.480000e-01	-7.457661e-01	7.312450e-01	-1.568783e+00	-1.530158e+00	-3.862549e-02
8.490000e-01	-7.457728e-01	7.312577e-01	-1.568787e+00	-1.530166e+00	-3.862067e-02
8.500000e-01	-7.457485e-01	7.312244e-01	-1.568767e+00	-1.530132e+00	-3.863477e-02
8.510000e-01	-7.457553e-01	7.312379e-01	-1.568775e+00	-1.530143e+00	-3.863204e-02
8.520000e-01	-7.457311e-01	7.312060e-01	-1.568752e+00	-1.530107e+00	-3.864498e-02
8.530000e-01	-7.457577e-01	7.312411e-01	-1.568775e+00	-1.530145e+00	-3.862974e-02
8.540000e-01	-7.457613e-01	7.312395e-01	-1.568780e+00	-1.530151e+00	-3.862860e-02
8.550000e-01	-7.457781e-01	7.312639e-01	-1.568799e+00	-1.530177e+00	-3.862124e-02
8.560000e-01	-7.457638e-01	7.312417e-01	-1.568789e+00	-1.530159e+00	-3.863085e-02
8.570000e-01	-7.457578e-01	7.312402e-01	-1.568773e+00	-1.530145e+00	-3.862893e-02
8.580000e-01	-7.457359e-01	7.312092e-01	-1.568747e+00	-1.530109e+00	-3.863757e-02
8.590000e-01	-7.457647e-01	7.312481e-01	-1.568777e+00	-1.530153e+00	-3.862395e-02
8.600000e-01	-7.457609e-01	7.312382e-01	-1.568780e+00	-1.530151e+00	-3.862886e-02
8.610000e-01	-7.457750e-01	7.312597e-01	-1.568791e+00	-1.530171e+00	-3.862060e-02
8.620000e-01	-7.457584e-01	7.312362e-01	-1.568773e+00	-1.530145e+00	-3.862826e-02
8.630000e-01	-7.457710e-01	7.312565e-01	-1.568788e+00	-1.530165e+00	-3.862280e-02
8.640000e-01	-7.457456e-01	7.312220e-01	-1.568765e+00	-1.530128e+00	-3.863697e-02
8.650000e-01	-7.457607e-01	7.312455e-01	-1.568776e+00	-1.530148e+00	-3.862707e-02
8.660000e-01	-7.457600e-01	7.312387e-01	-1.568780e+00	-1.530150e+00	-3.863002e-02
8.670000e-01	-7.457789e-01	7.312645e-01	-1.568804e+00	-1.530181e+00	-3.862308e-02
8.680000e-01	-7.457619e-01	7.312382e-01	-1.568785e+00	-1.530155e+00	-3.863083e-02
8.690000e-01	-7.457598e-01	7.312416e-01	-1.568773e+00	-1.530146e+00	-3.862662e-02
8.700000e-01	-7.457283e-01	7.312022e-01	-1.568738e+00	-1.530097e+00	-3.864053e-02
8.710000e-01	-7.457557e-01	7.312402e-01	-1.568766e+00	-1.530139e+00	-3.862717e-02
8.720000e-01	-7.457645e-01	7.312428e-01	-1.568788e+00	-1.530158e+00	-3.862926e-02
8.730000e-01	-7.457788e-01	7.312634e-01	-1.568800e+00	-1.530179e+00	-3.862126e-02
8.740000e-01	-7.457604e-01	7.312374e-01	-1.568781e+00	-1.530151e+00	-3.862991e-02
8.750000e-01	-7.457534e-01	7.312374e-01	-1.568771e+00	-1.530139e+00	-3.863187e-02
8.760000e-01	-7.457368e-01	7.312125e-01	-1.568760e+00	-1.530117e+00	-3.864328e-02
8.770000e-01	-7.457538e-01	7.312392e-01	-1.568768e+00	-1.530138e+00	-3.863005e-02
8.780000e-01	-7.457548e-01	7.312341e-01	-1.568773e+00	-1.530141e+00	-3.863144e-02
8.790000e-01	-7.457746e-01	7.312622e-01	-1.568793e+00	-1.530171e+00	-3.862183e-02
8.800000e-01	-7.457587e-01	7.312371e-01	-1.568778e+00	-1.530148e+00	-3.863045e-02
8.810000e-01	-7.457596e-01	7.312431e-01	-1.568770e+00	-1.530145e+00	-3.862564e-02
8.820000e-01	-7.457434e-01	7.312194e-01	-1.568759e+00	-1.530123e+00	-3.863613e-02
8.830000e-01	-7.457679e-01	7.312529e-01	-1.568784e+00	-1.530160e+00	-3.862431e-02
8.840000e-01	-7.457662e-01	7.312451e-01	-1.568788e+00	-1.530160e+00	-3.862767e-02
8.850000e-01	-7.457712e-01	7.312560e-01	-1.568786e+00	-1.530164e+00	-3.862201e-02
8.860000e-01	-7.457468e-01	7.312247e-01	-1.568759e+00	-1.530126e+00	-3.863267e-02
8.870000e-01	-7.457666e-01	7.312531e-01	-1.568783e+00	-1.530158e+00	-3.862490e-02
8.880000e-01	-7.457464e-01	7.312240e-01	-1.568767e+00	-1.530130e+00	-3.863705e-02
8.890000e-01	-7.457478e-01	7.312325e-01	-1.568758e+00	-1.530127e+00	-3.863106e-02
8.900000e-01	-7.457430e-01	7.312206e-01	-1.568756e+00	-1.530121e+00	-3.863479e-02
8.910000e-01	-7.457708e-01	7.312576e-01	-1.568786e+00	-1.530164e+00	-3.862224e-02
8.920000e-01	-7.457692e-01	7.312486e-01	-1.568790e+00	-1.530164e+00	-3.862589e-02
8.930000e-01	-7.457666e-01	7.312529e-01	-1.568776e+00	-1.530155e+00	-3.862126e-02
8.940000e-01	-7.457323e-01	7.312099e-01	-1.568737e+00	-1.530101e+00	-3.863617e-02
8.950000e-01	-7.457479e-01	7.312339e-01	-1.568753e+00	-1.530124e+00	-3.862860e-02
8.960000e-01	-7.457476e-01	7.312268e-01	-1.568762e+00	-1.530129e+00	-3.863339e-02
8.970000e-01	-7.457621e-01	7.312473e-01	-1.568775e+00	-1.530150e+00	-3.862551e-02
8.980000e-01	-7.457576e-01	7.312349e-01	-1.568774e+00	-1.530145e+00	-3.862959e-02
8.990000e-01	-7.457727e-01	7.312592e-01	-1.568787e+00	-1.530166e+00	-3.862084e-02
9.000000e-01	-7.457409e-01	7.312203e-01	-1.568755e+00	-1.530118e+00	-3.863638e-02
9.010000e-01	-7.457444e-01	7.312315e-01	-1.568748e+00	-1.530119e+00	-3.862983e-02
9.020000e-01	-7.457360e-01	7.312173e-01	-1.568745e+00	-1.530108e+00	-3.863633e-02
9.030000e-01	-7.457663e-01	7.312543e-01	-1.568779e+00	-1.530156e+00	-3.862340e-02
9.040000e-01	-7.457516e-01	7.312294e-01	-1.568769e+00	-1.530136e+00	-3.863308e-02
9.050000e-01	-7.457462e-01	7.312299e-01	-1.568752e+00	-1.530122e+00	-3.862976e-02
9.060000e-01	-7.457296e-01	7.312069e-01	-1.568739e+00	-1.530099e+00	-3.863987e-02
9.070000e-01	-7.457457e-01	7.312319e-01	-1.568754e+00	-1.530123e+00	-3.863135e-02
9.080000e-01	-7.457514e-01	7.312316e-01	-1.568763e+00	-1.530133e+00	-3.863015e-02
9.090000e-01	-7.457580e-01	7.312456e-01	-1.568759e+00	-1.530138e+00	-3.862147e-02
9.100000e-01	-7.457453e-01	7.312255e-01	-1.568749e+00	-1.530120e+00	-3.862916e-02
9.110000e-01	-7.457520e-01	7.312391e-01	-1.568758e+00	-1.530131e+00	-3.862712e-02
9.120000e-01	-7.457319e-01	7.312115e-01	-1.568746e+00	-1.530105e+00	-3.864090e-02
9.130000e-01	-7.457405e-01	7.312264e-01	-1.568745e+00	-1.530113e+00	-3.863181e-02
9.140000e-01	-7.457407e-01	7.312212e-01	-1.568747e+00	-1.530114e+00	-3.863276e-02
9.150000e-01	-7.457702e-01	7.312592e-01	-1.568780e+00	-1.530160e+00	-3.862004e-02
9.160000e-01	-7.457618e-01	7.312442e-01	-1.568777e+00	-1.530150e+00	-3.862659e-02
9.170000e-01	-7.457545e-01	7.312435e-01	-1.568753e+00	-1.530131e+00	-3.862221e-02
9.180000e-01	-7.457272e-01	7.312081e-01	-1.568726e+00	-1.530090e+00	-3.863564e-02
9.190000e-01	-7.457383e-01	7.312251e-01	-1.568735e+00	-1.530106e+00	-3.862933e-02
9.200000e-01	-7.457179e-01	7.311963e-01	-1.568718e+00	-1.530077e+00	-3.864097e-02
9.210000e-01	-7.457447e-01	7.312311e-01	-1.568739e+00	-1.530114e+00	-3.862460e-02
9.220000e-01	-7.457504e-01	7.312310e-01	-1.568755e+00	-1.530128e+00	-3.862695e-02
9.230000e-01	-7.457798e-01	7.312691e-01	-1.568794e+00	-1.530177e+00	-3.861698e-02
9.240000e-01	-7.457610e-01	7.312436e-01	-1.568782e+00	-1.530152e+00	-3.863013e-02
9.250000e-01	-7.457621e-01	7.312499e-01	-1.568775e+00	-1.530150e+00	-3.862550e-02
9.260000e-01	-7.457346e-01	7.312141e-01	-1.568744e+00	-1.530107e+00	-3.863739e-02
9.270000e-01	-7.457554e-01	7.312418e-01	-1.568767e+00	-1.530139e+00	-3.862788e-02
9.280000e-01	-7.457419e-01	7.312207e-01	-1.568751e+00	-1.530118e+00	-3.863378e-02
9.290000e-01	-7.457384e-01	7.312226e-01	-1.568739e+00	-1.530108e+00	-3.863113e-02
9.300000e-01	-7.457120e-01	7.311892e-01	-1.568709e+00	-1.530066e+00	-3.864232e-02
9.310000e-01	-7.457388e-01	7.312257e-01	-1.568733e+00	-1.530105e+00	-3.862754e-02
9.320000e-01	-7.457365e-01	7.312191e-01	-1.568734e+00	-1.530103e+00	-3.863029e-02
9.330000e-01	-7.457610e-01	7.312506e-01	-1.568755e+00	-1.530139e+00	-3.861665e-02
9.340000e-01	-7.457532e-01	7.312349e-01	-1.568753e+00	-1.530130e+00	-3.862351e-02
9.350000e-01	-7.457761e-01	7.312650e-01	-1.568787e+00	-1.530170e+00	-3.861731e-02
9.360000e-01	-7.457561e-01	7.312369e-01	-1.568777e+00	-1.530144e+00	-3.863220e-02
9.370000e-01	-7.457529e-01	7.312381e-01	-1.568767e+00	-1.530137e+00	-3.863079e-02
9.380000e-01	-7.457353e-01	7.312117e-01	-1.568749e+00	-1.530110e+00	-3.863904e-02
9.390000e-01	-7.457545e-01	7.312382e-01	-1.568767e+00	-1.530138e+00	-3.862925e-02
9.400000e-01	-7.457359e-01	7.312122e-01	-1.568747e+00	-1.530110e+00	-3.863771e-02
9.410000e-01	-7.457562e-01	7.312401e-01	-1.568764e+00	-1.530138e+00	-3.862555e-02
9.420000e-01	-7.457376e-01	7.312161e-01	-1.568743e+00	-1.530109e+00	-3.863404e-02
9.430000e-01	-7.457613e-01	7.312488e-01	-1.568767e+00	-1.530145e+00	-3.862205e-02
9.440000e-01	-7.457543e-01	7.312358e-01	-1.568762e+00	-1.530135e+00	-3.862692e-02
9.450000e-01	-7.457587e-01	7.312463e-01	-1.568757e+00	-1.530137e+00	-3.861987e-02
9.460000e-01	-7.457496e-01	7.312294e-01	-1.568753e+00	-1.530126e+00	-3.862702e-02
9.470000e-01	-7.457732e-01	7.312594e-01	-1.568792e+00	-1.530169e+00	-3.862283e-02
9.480000e-01	-7.457549e-01	7.312322e-01	-1.568779e+00	-1.530144e+00	-3.863445e-02
9.490000e-01	-7.457480e-01	7.312317e-01	-1.568758e+00	-1.530127e+00	-3.863115e-02
9.500000e-01	-7.457297e-01	7.312065e-01	-1.568738e+00	-1.530099e+00	-3.863925e-02
9.510000e-01	-7.457520e-01	7.312377e-01	-1.568763e+00	-1.530134e+00	-3.862963e-02
9.520000e-01	-7.457554e-01	7.312352e-01	-1.568771e+00	-1.530141e+00	-3.863034e-02
9.530000e-01	-7.457706e-01	7.312564e-01	-1.568780e+00	-1.530160e+00	-3.861923e-02
9.540000e-01	-7.457450e-01	7.312230e-01	-1.568753e+00	-1.530122e+00	-3.863156e-02
9.550000e-01	-7.457565e-01	7.312408e-01	-1.568767e+00	-1.530140e+00	-3.862692e-02
9.560000e-01	-7.457428e-01	7.312212e-01	-1.568755e+00	-1.530120e+00	-3.863451e-02
9.570000e-01	-7.457630e-01	7.312491e-01	-1.568772e+00	-1.530149e+00	-3.862287e-02
9.580000e-01	-7.457496e-01	7.312276e-01	-1.568758e+00	-1.530129e+00	-3.862962e-02
9.590000e-01	-7.457700e-01	7.312558e-01	-1.568787e+00	-1.530163e+00	-3.862331e-02
9.600000e-01	-7.457404e-01	7.312181e-01	-1.568760e+00	-1.530120e+00	-3.863950e-02
9.610000e-01	-7.457369e-01	7.312207e-01	-1.568744e+00	-1.530109e+00	-3.863518e-02
9.620000e-01	-7.457274e-01	7.312039e-01	-1.568735e+00	-1.530095e+00	-3.864021e-02
9.630000e-01	-7.457702e-01	7.312555e-01	-1.568787e+00	-1.530164e+00	-3.862318e-02
9.640000e-01	-7.457761e-01	7.312547e-01	-1.568801e+00	-1.530177e+00	-3.862458e-02
9.650000e-01	-7.457728e-01	7.312576e-01	-1.568786e+00	-1.530166e+00	-3.861992e-02
9.660000e-01	-7.457484e-01	7.312257e-01	-1.568764e+00	-1.530130e+00	-3.863343e-02
9.670000e-01	-7.457566e-01	7.312422e-01	-1.568772e+00	-1.530143e+00	-3.862942e-02
9.680000e-01	-7.457532e-01	7.312327e-01	-1.568768e+00	-1.530137e+00	-3.863078e-02
9.690000e-01	-7.457569e-01	7.312433e-01	-1.568757e+00	-1.530135e+00	-3.862156e-02
9.700000e-01	-7.457526e-01	7.312324e-01	-1.568758e+00	-1.530132e+00	-3.862632e-02
9.710000e-01	-7.457742e-01	7.312615e-01	-1.568790e+00	-1.530169e+00	-3.862084e-02
9.720000e-01	-7.457511e-01	7.312293e-01	-1.568771e+00	-1.530137e+00	-3.863453e-02
9.730000e-01	-7.457392e-01	7.312231e-01	-1.568743e+00	-1.530111e+00	-3.863236e-02
9.740000e-01	-7.457151e-01	7.311911e-01	-1.568717e+00	-1.530074e+00	-3.864341e-02
9.750000e-01	-7.457310e-01	7.312151e-01	-1.568732e+00	-1.530097e+00	-3.863508e-02
9.760000e-01	-7.457419e-01	7.312194e-01	-1.568754e+00	-1.530119e+00	-3.863504e-02
9.770000e-01	-7.457731e-01	7.312581e-01	-1.568789e+00	-1.530168e+00	-3.862152e-02
9.780000e-01	-7.457666e-01	7.312466e-01	-1.568783e+00	-1.530158e+00	-3.862509e-02
9.790000e-01	-7.457714e-01	7.312597e-01	-1.568780e+00	-1.530161e+00	-3.861845e-02
9.800000e-01	-7.457493e-01	7.312287e-01	-1.568762e+00	-1.530130e+00	-3.863156e-02
9.810000e-01	-7.457436e-01	7.312288e-01	-1.568745e+00	-1.530116e+00	-3.862887e-02
9.820000e-01	-7.457322e-01	7.312111e-01	-1.568733e+00	-1.530098e+00	-3.863413e-02
9.830000e-01	-7.457414e-01	7.312284e-01	-1.568741e+00	-1.530112e+00	-3.862928e-02
9.840000e-01	-7.457314e-01	7.312124e-01	-1.568737e+00	-1.530100e+00	-3.863714e-02
9.850000e-01	-7.457490e-01	7.312361e-01	-1.568751e+00	-1.530124e+00	-3.862640e-02
9.860000e-01	-7.457510e-01	7.312322e-01	-1.568757e+00	-1.530129e+00	-3.862746e-02
9.870000e-01	-7.457725e-01	7.312611e-01	-1.568784e+00	-1.530164e+00	-3.861930e-02
9.880000e-01	-7.457621e-01	7.312435e-01	-1.568777e+00	-1.530151e+00	-3.862651e-02
9.890000e-01	-7.457729e-01	7.312605e-01	-1.568784e+00	-1.530165e+00	-3.861918e-02
9.900000e-01	-7.457388e-01	7.312178e-01	-1.568749e+00	-1.530113e+00	-3.863573e-02
9.910000e-01	-7.457538e-01	7.312388e-01	-1.568766e+00	-1.530137e+00	-3.862935e-02
9.920000e-01	-7.457268e-01	7.312040e-01	-1.568735e+00	-1.530094e+00	-3.864064e-02
9.930000e-01	-7.457294e-01	7.312137e-01	-1.568722e+00	-1.530090e+00	-3.863167e-02
9.940000e-01	-7.457335e-01	7.312132e-01	-1.568734e+00	-1.530100e+00	-3.863324e-02
9.950000e-01	-7.457659e-01	7.312557e-01	-1.568774e+00	-1.530153e+00	-3.862095e-02
9.960000e-01	-7.457493e-01	7.312329e-01	-1.568759e+00	-1.530129e+00	-3.863011e-02
9.970000e-01	-7.457442e-01	7.312329e-01	-1.568744e+00	-1.530116e+00	-3.862802e-02
9.980000e-01	-7.457156e-01	7.311958e-01	-1.568714e+00	-1.530073e+00	-3.864138e-02
9.990000e-01	-7.457422e-01	7.312304e-01	-1.568745e+00	-1.530115e+00	-3.863019e-02
1.000000e+00	-7.457454e-01	7.312279e-01	-1.568754e+00	-1.530122e+00	-3.863136e-02
