# Force coefficients
# liftDir    : (0.000000e+00 1.000000e+00 0.000000e+00)
# dragDir    : (1.000000e+00 0.000000e+00 0.000000e+00)
# pitchAxis  : (0.000000e+00 0.000000e+00 1.000000e+00)
# magUInf    : 5.148000e+01
# lRef       : 4.530000e-01
# Aref       : 4.348800e-01
# CofR       : (0.000000e+00 0.000000e+00 0.000000e+00)
# Time       	Cm           	Cd           	Cl           	Cl(f)        	Cl(r)        	Cm	Cd	Cl	Cl(f)	Cl(r)
1.000000e-03	-1.379169e-03	1.504503e-03	-2.320817e-03	-2.539577e-03	2.187601e-04
2.000000e-03	-5.096297e-03	5.733449e-03	-9.079695e-03	-9.636144e-03	5.564496e-04
3.000000e-03	-7.447948e-03	8.400946e-03	-1.393326e-02	-1.441458e-02	4.813189e-04
4.000000e-03	-7.803125e-03	8.801054e-03	-1.540431e-02	-1.550528e-02	1.009714e-04
5.000000e-03	-7.199070e-03	8.083973e-03	-1.527538e-02	-1.483676e-02	-4.386207e-04
6.000000e-03	-6.817492e-03	7.513925e-03	-1.560029e-02	-1.461764e-02	-9.826535e-04
7.000000e-03	-7.145566e-03	7.643242e-03	-1.713483e-02	-1.571298e-02	-1.421849e-03
8.000000e-03	-8.293452e-03	8.648372e-03	-2.004906e-02	-1.831798e-02	-1.731078e-03
9.000000e-03	-1.005234e-02	1.033979e-02	-2.404445e-02	-2.207456e-02	-1.969889e-03
1.000000e-02	-1.199654e-02	1.226140e-02	-2.836479e-02	-2.617894e-02	-2.185858e-03
1.100000e-02	-1.376385e-02	1.401609e-02	-3.240898e-02	-2.996834e-02	-2.440641e-03
1.200000e-02	-1.529548e-02	1.552656e-02	-3.608306e-02	-3.333702e-02	-2.746048e-03
1.300000e-02	-1.676867e-02	1.698061e-02	-3.975338e-02	-3.664536e-02	-3.108018e-03
1.400000e-02	-1.820051e-02	1.838693e-02	-4.339324e-02	-3.989713e-02	-3.496111e-03
1.500000e-02	-1.974838e-02	1.991596e-02	-4.731438e-02	-4.340557e-02	-3.908812e-03
1.600000e-02	-2.159851e-02	2.175391e-02	-5.189250e-02	-4.754476e-02	-4.347739e-03
1.700000e-02	-2.386652e-02	2.400886e-02	-5.740305e-02	-5.256805e-02	-4.835003e-03
1.800000e-02	-2.640705e-02	2.652582e-02	-6.359436e-02	-5.820424e-02	-5.390129e-03
1.900000e-02	-2.909768e-02	2.917723e-02	-7.022152e-02	-6.420844e-02	-6.013082e-03
2.000000e-02	-3.182974e-02	3.183862e-02	-7.705388e-02	-7.035668e-02	-6.697198e-03
2.100000e-02	-3.444555e-02	3.434592e-02	-8.376493e-02	-7.632801e-02	-7.436918e-03
2.200000e-02	-3.687666e-02	3.663487e-02	-9.014998e-02	-8.195165e-02	-8.198336e-03
2.300000e-02	-3.928172e-02	3.887732e-02	-9.649660e-02	-8.753003e-02	-8.966576e-03
2.400000e-02	-4.186708e-02	4.129385e-02	-1.032023e-01	-9.346822e-02	-9.734067e-03
2.500000e-02	-4.471794e-02	4.398127e-02	-1.104207e-01	-9.992828e-02	-1.049241e-02
2.600000e-02	-4.793757e-02	4.705554e-02	-1.183921e-01	-1.071336e-01	-1.125847e-02
2.700000e-02	-5.148122e-02	5.047777e-02	-1.270793e-01	-1.150209e-01	-1.205844e-02
2.800000e-02	-5.533338e-02	5.422496e-02	-1.364704e-01	-1.235686e-01	-1.290182e-02
2.900000e-02	-5.936583e-02	5.815854e-02	-1.463502e-01	-1.325409e-01	-1.380926e-02
3.000000e-02	-6.343320e-02	6.213279e-02	-1.563851e-01	-1.416258e-01	-1.475937e-02
3.100000e-02	-6.745260e-02	6.606417e-02	-1.663777e-01	-1.506415e-01	-1.573627e-02
3.200000e-02	-7.148665e-02	7.001194e-02	-1.764035e-01	-1.596884e-01	-1.671512e-02
3.300000e-02	-7.561070e-02	7.405493e-02	-1.865970e-01	-1.689092e-01	-1.768780e-02
3.400000e-02	-7.988612e-02	7.825550e-02	-1.970378e-01	-1.784050e-01	-1.863276e-02
3.500000e-02	-8.437185e-02	8.267526e-02	-2.079029e-01	-1.883233e-01	-1.957960e-02
3.600000e-02	-8.914823e-02	8.740040e-02	-2.193083e-01	-1.988024e-01	-2.050592e-02
3.700000e-02	-9.410537e-02	9.232126e-02	-2.311173e-01	-2.096640e-01	-2.145329e-02
3.800000e-02	-9.928408e-02	9.747415e-02	-2.434118e-01	-2.209900e-01	-2.242182e-02
3.900000e-02	-1.046239e-01	1.027942e-01	-2.561195e-01	-2.326837e-01	-2.343582e-02
4.000000e-02	-1.100741e-01	1.082269e-01	-2.690771e-01	-2.446126e-01	-2.446447e-02
4.100000e-02	-1.156109e-01	1.137543e-01	-2.822008e-01	-2.567113e-01	-2.548948e-02
4.200000e-02	-1.212059e-01	1.193398e-01	-2.953930e-01	-2.689024e-01	-2.649056e-02
4.300000e-02	-1.268064e-01	1.249544e-01	-3.084410e-01	-2.810268e-01	-2.741414e-02
4.400000e-02	-1.323890e-01	1.305708e-01	-3.212742e-01	-2.930260e-01	-2.824813e-02
4.500000e-02	-1.379353e-01	1.361932e-01	-3.337476e-01	-3.048091e-01	-2.893845e-02
4.600000e-02	-1.434614e-01	1.418231e-01	-3.459214e-01	-3.164221e-01	-2.949928e-02
4.700000e-02	-1.489943e-01	1.474981e-01	-3.578633e-01	-3.279259e-01	-2.993740e-02
4.800000e-02	-1.543798e-01	1.530674e-01	-3.692465e-01	-3.390031e-01	-3.024339e-02
4.900000e-02	-1.595303e-01	1.584427e-01	-3.799229e-01	-3.494917e-01	-3.043121e-02
5.000000e-02	-1.643937e-01	1.635739e-01	-3.897555e-01	-3.592715e-01	-3.048400e-02
5.100000e-02	-1.688907e-01	1.683965e-01	-3.985675e-01	-3.681744e-01	-3.039305e-02
5.200000e-02	-1.729365e-01	1.728256e-01	-4.061298e-01	-3.760014e-01	-3.012844e-02
5.300000e-02	-1.763596e-01	1.767066e-01	-4.120387e-01	-3.823790e-01	-2.965976e-02
5.400000e-02	-1.791410e-01	1.800199e-01	-4.161927e-01	-3.872374e-01	-2.895535e-02
5.500000e-02	-1.812360e-01	1.827396e-01	-4.184758e-01	-3.904740e-01	-2.800189e-02
5.600000e-02	-1.826969e-01	1.849212e-01	-4.189409e-01	-3.921673e-01	-2.677361e-02
5.700000e-02	-1.836524e-01	1.866953e-01	-4.178736e-01	-3.925892e-01	-2.528435e-02
5.800000e-02	-1.841791e-01	1.881157e-01	-4.155285e-01	-3.919434e-01	-2.358510e-02
5.900000e-02	-1.843299e-01	1.892297e-01	-4.120562e-01	-3.903580e-01	-2.169816e-02
6.000000e-02	-1.840737e-01	1.899981e-01	-4.073851e-01	-3.877662e-01	-1.961885e-02
6.100000e-02	-1.834124e-01	1.904126e-01	-4.016058e-01	-3.842153e-01	-1.739046e-02
6.200000e-02	-1.823494e-01	1.904657e-01	-3.947421e-01	-3.797205e-01	-1.502164e-02
6.300000e-02	-1.809356e-01	1.901892e-01	-3.869913e-01	-3.744312e-01	-1.256007e-02
6.400000e-02	-1.793029e-01	1.896943e-01	-3.787436e-01	-3.686747e-01	-1.006887e-02
6.500000e-02	-1.775026e-01	1.890442e-01	-3.701618e-01	-3.625835e-01	-7.578264e-03
6.600000e-02	-1.755779e-01	1.882166e-01	-3.615221e-01	-3.563389e-01	-5.183111e-03
6.700000e-02	-1.736931e-01	1.873594e-01	-3.530743e-01	-3.502303e-01	-2.844098e-03
6.800000e-02	-1.719597e-01	1.865951e-01	-3.449744e-01	-3.444469e-01	-5.275501e-04
6.900000e-02	-1.703023e-01	1.858972e-01	-3.368048e-01	-3.387047e-01	1.899915e-03
7.000000e-02	-1.687956e-01	1.853590e-01	-3.287972e-01	-3.331942e-01	4.396956e-03
7.100000e-02	-1.675088e-01	1.849732e-01	-3.209375e-01	-3.279776e-01	7.040068e-03
7.200000e-02	-1.665528e-01	1.848255e-01	-3.134486e-01	-3.232770e-01	9.828473e-03
7.300000e-02	-1.661925e-01	1.851242e-01	-3.073866e-01	-3.198858e-01	1.249915e-02
7.400000e-02	-1.663852e-01	1.859173e-01	-3.030515e-01	-3.179110e-01	1.485944e-02
7.500000e-02	-1.669399e-01	1.869567e-01	-3.001040e-01	-3.169919e-01	1.688793e-02
7.600000e-02	-1.678039e-01	1.882030e-01	-2.984485e-01	-3.170282e-01	1.857963e-02
7.700000e-02	-1.686986e-01	1.894022e-01	-2.972556e-01	-3.173265e-01	2.007081e-02
7.800000e-02	-1.695515e-01	1.905373e-01	-2.961548e-01	-3.176289e-01	2.147410e-02
7.900000e-02	-1.701266e-01	1.914208e-01	-2.946057e-01	-3.174294e-01	2.282377e-02
8.000000e-02	-1.698716e-01	1.914643e-01	-2.916375e-01	-3.156904e-01	2.405291e-02
8.100000e-02	-1.686862e-01	1.905713e-01	-2.871690e-01	-3.122707e-01	2.510174e-02
8.200000e-02	-1.669463e-01	1.891496e-01	-2.818042e-01	-3.078484e-01	2.604418e-02
8.300000e-02	-1.654478e-01	1.880593e-01	-2.767615e-01	-3.038286e-01	2.706710e-02
8.400000e-02	-1.642554e-01	1.872875e-01	-2.723406e-01	-3.004257e-01	2.808508e-02
8.500000e-02	-1.635024e-01	1.869360e-01	-2.689989e-01	-2.980018e-01	2.900297e-02
8.600000e-02	-1.630585e-01	1.868110e-01	-2.666839e-01	-2.964005e-01	2.971657e-02
8.700000e-02	-1.626981e-01	1.866876e-01	-2.650543e-01	-2.952253e-01	3.017091e-02
8.800000e-02	-1.626989e-01	1.868498e-01	-2.642881e-01	-2.948430e-01	3.055487e-02
8.900000e-02	-1.635431e-01	1.878596e-01	-2.649921e-01	-2.960391e-01	3.104705e-02
9.000000e-02	-1.652937e-01	1.898057e-01	-2.670737e-01	-2.988305e-01	3.175681e-02
9.100000e-02	-1.679921e-01	1.927880e-01	-2.706100e-01	-3.032970e-01	3.268705e-02
9.200000e-02	-1.715619e-01	1.967425e-01	-2.754448e-01	-3.092843e-01	3.383954e-02
9.300000e-02	-1.757324e-01	2.013464e-01	-2.813600e-01	-3.164124e-01	3.505241e-02
9.400000e-02	-1.803073e-01	2.063498e-01	-2.881304e-01	-3.243725e-01	3.624211e-02
9.500000e-02	-1.849175e-01	2.113047e-01	-2.953897e-01	-3.326123e-01	3.722261e-02
9.600000e-02	-1.892950e-01	2.159046e-01	-3.027469e-01	-3.406684e-01	3.792152e-02
9.700000e-02	-1.933818e-01	2.201391e-01	-3.099792e-01	-3.483714e-01	3.839225e-02
9.800000e-02	-1.974008e-01	2.243366e-01	-3.172067e-01	-3.560042e-01	3.879747e-02
9.900000e-02	-2.012251e-01	2.284265e-01	-3.240612e-01	-3.632557e-01	3.919450e-02
1.000000e-01	-2.049875e-01	2.325516e-01	-3.307322e-01	-3.703536e-01	3.962138e-02
1.010000e-01	-2.085667e-01	2.365181e-01	-3.371196e-01	-3.771265e-01	4.000687e-02
1.020000e-01	-2.120501e-01	2.403992e-01	-3.433722e-01	-3.837362e-01	4.036395e-02
1.030000e-01	-2.154066e-01	2.441163e-01	-3.494563e-01	-3.901347e-01	4.067840e-02
1.040000e-01	-2.188334e-01	2.478875e-01	-3.556833e-01	-3.966751e-01	4.099176e-02
1.050000e-01	-2.223533e-01	2.517167e-01	-3.620887e-01	-4.033976e-01	4.130894e-02
1.060000e-01	-2.261109e-01	2.557683e-01	-3.689328e-01	-4.105773e-01	4.164451e-02
1.070000e-01	-2.300741e-01	2.599716e-01	-3.761199e-01	-4.181341e-01	4.201419e-02
1.080000e-01	-2.341390e-01	2.642389e-01	-3.834415e-01	-4.258597e-01	4.241826e-02
1.090000e-01	-2.382483e-01	2.684707e-01	-3.908077e-01	-4.336522e-01	4.284445e-02
1.100000e-01	-2.423255e-01	2.725913e-01	-3.981890e-01	-4.414200e-01	4.323101e-02
1.110000e-01	-2.465055e-01	2.767410e-01	-4.057441e-01	-4.493776e-01	4.363350e-02
1.120000e-01	-2.507860e-01	2.809644e-01	-4.134652e-01	-4.575186e-01	4.405342e-02
1.130000e-01	-2.551796e-01	2.852900e-01	-4.213061e-01	-4.658326e-01	4.452649e-02
1.140000e-01	-2.596707e-01	2.897381e-01	-4.292221e-01	-4.742817e-01	4.505960e-02
1.150000e-01	-2.642682e-01	2.943258e-01	-4.371878e-01	-4.828621e-01	4.567428e-02
1.160000e-01	-2.689627e-01	2.990549e-01	-4.452740e-01	-4.915996e-01	4.632567e-02
1.170000e-01	-2.737403e-01	3.039163e-01	-4.534560e-01	-5.004683e-01	4.701227e-02
1.180000e-01	-2.785969e-01	3.089010e-01	-4.617974e-01	-5.094956e-01	4.769820e-02
1.190000e-01	-2.833901e-01	3.138431e-01	-4.700624e-01	-5.184213e-01	4.835891e-02
1.200000e-01	-2.880576e-01	3.186537e-01	-4.781565e-01	-5.271358e-01	4.897933e-02
1.210000e-01	-2.925667e-01	3.232804e-01	-4.859740e-01	-5.355537e-01	4.957966e-02
1.220000e-01	-2.969240e-01	3.277208e-01	-4.935532e-01	-5.437006e-01	5.014742e-02
1.230000e-01	-3.011840e-01	3.320070e-01	-5.009704e-01	-5.516692e-01	5.069883e-02
1.240000e-01	-3.053040e-01	3.361082e-01	-5.081835e-01	-5.593957e-01	5.121223e-02
1.250000e-01	-3.093136e-01	3.400521e-01	-5.151968e-01	-5.669120e-01	5.171522e-02
1.260000e-01	-3.132668e-01	3.439275e-01	-5.220968e-01	-5.743153e-01	5.221843e-02
1.270000e-01	-3.172087e-01	3.477895e-01	-5.289099e-01	-5.816637e-01	5.275380e-02
1.280000e-01	-3.210968e-01	3.516150e-01	-5.356102e-01	-5.889020e-01	5.329173e-02
1.290000e-01	-3.249556e-01	3.553995e-01	-5.422307e-01	-5.960710e-01	5.384023e-02
1.300000e-01	-3.287071e-01	3.590572e-01	-5.486877e-01	-6.030509e-01	5.436320e-02
1.310000e-01	-3.323639e-01	3.625700e-01	-5.549951e-01	-6.098615e-01	5.486635e-02
1.320000e-01	-3.359180e-01	3.659362e-01	-5.611608e-01	-6.164984e-01	5.533754e-02
1.330000e-01	-3.394324e-01	3.692153e-01	-5.672443e-01	-6.230546e-01	5.581023e-02
1.340000e-01	-3.429521e-01	3.724704e-01	-5.732767e-01	-6.295904e-01	5.631374e-02
1.350000e-01	-3.465124e-01	3.757321e-01	-5.792691e-01	-6.361469e-01	5.687784e-02
1.360000e-01	-3.500819e-01	3.790042e-01	-5.851994e-01	-6.426816e-01	5.748220e-02
1.370000e-01	-3.536535e-01	3.822545e-01	-5.910717e-01	-6.491893e-01	5.811763e-02
1.380000e-01	-3.571912e-01	3.854610e-01	-5.968585e-01	-6.556205e-01	5.876199e-02
1.390000e-01	-3.606744e-01	3.885743e-01	-6.025627e-01	-6.619557e-01	5.939307e-02
1.400000e-01	-3.640778e-01	3.915980e-01	-6.081733e-01	-6.681645e-01	5.999114e-02
1.410000e-01	-3.673879e-01	3.945068e-01	-6.136891e-01	-6.742324e-01	6.054331e-02
1.420000e-01	-3.705938e-01	3.973292e-01	-6.190786e-01	-6.801331e-01	6.105453e-02
1.430000e-01	-3.736912e-01	4.000426e-01	-6.243225e-01	-6.858524e-01	6.152995e-02
1.440000e-01	-3.767010e-01	4.026964e-01	-6.294091e-01	-6.914055e-01	6.199643e-02
1.450000e-01	-3.796287e-01	4.052565e-01	-6.343550e-01	-6.968062e-01	6.245124e-02
1.460000e-01	-3.824834e-01	4.077533e-01	-6.391773e-01	-7.020721e-01	6.289476e-02
1.470000e-01	-3.852632e-01	4.101462e-01	-6.438812e-01	-7.072038e-01	6.332259e-02
1.480000e-01	-3.880098e-01	4.125143e-01	-6.485029e-01	-7.122612e-01	6.375832e-02
1.490000e-01	-3.907167e-01	4.148310e-01	-6.530510e-01	-7.172422e-01	6.419120e-02
1.500000e-01	-3.933960e-01	4.171514e-01	-6.575329e-01	-7.221625e-01	6.462954e-02
1.510000e-01	-3.960073e-01	4.194107e-01	-6.619253e-01	-7.269700e-01	6.504465e-02
1.520000e-01	-3.985356e-01	4.216248e-01	-6.661948e-01	-7.316330e-01	6.543814e-02
1.530000e-01	-4.009592e-01	4.237402e-01	-6.703371e-01	-7.361278e-01	6.579064e-02
1.540000e-01	-4.032980e-01	4.257986e-01	-6.743808e-01	-7.404884e-01	6.610758e-02
1.550000e-01	-4.055672e-01	4.277864e-01	-6.783640e-01	-7.447492e-01	6.638526e-02
1.560000e-01	-4.078086e-01	4.297778e-01	-6.823072e-01	-7.489623e-01	6.665502e-02
1.570000e-01	-4.100198e-01	4.317546e-01	-6.861863e-01	-7.531129e-01	6.692661e-02
1.580000e-01	-4.122112e-01	4.337541e-01	-6.899703e-01	-7.571963e-01	6.722602e-02
1.590000e-01	-4.143689e-01	4.357256e-01	-6.936723e-01	-7.612050e-01	6.753273e-02
1.600000e-01	-4.165202e-01	4.377218e-01	-6.973310e-01	-7.651856e-01	6.785469e-02
1.610000e-01	-4.186674e-01	4.397124e-01	-7.010139e-01	-7.691744e-01	6.816047e-02
1.620000e-01	-4.208193e-01	4.417332e-01	-7.047181e-01	-7.731784e-01	6.846031e-02
1.630000e-01	-4.229367e-01	4.437132e-01	-7.084398e-01	-7.771566e-01	6.871680e-02
1.640000e-01	-4.250143e-01	4.456832e-01	-7.121174e-01	-7.810730e-01	6.895558e-02
1.650000e-01	-4.270390e-01	4.476041e-01	-7.157594e-01	-7.849187e-01	6.915926e-02
1.660000e-01	-4.290210e-01	4.495206e-01	-7.193217e-01	-7.886818e-01	6.936016e-02
1.670000e-01	-4.309426e-01	4.513844e-01	-7.227934e-01	-7.923393e-01	6.954593e-02
1.680000e-01	-4.328158e-01	4.532372e-01	-7.261435e-01	-7.958875e-01	6.974402e-02
1.690000e-01	-4.346077e-01	4.550241e-01	-7.293402e-01	-7.992778e-01	6.993758e-02
1.700000e-01	-4.363637e-01	4.568184e-01	-7.324395e-01	-8.025834e-01	7.014393e-02
1.710000e-01	-4.380879e-01	4.585982e-01	-7.354924e-01	-8.058341e-01	7.034166e-02
1.720000e-01	-4.398071e-01	4.604098e-01	-7.385148e-01	-8.090646e-01	7.054973e-02
1.730000e-01	-4.415213e-01	4.622277e-01	-7.415570e-01	-8.122998e-01	7.074282e-02
1.740000e-01	-4.432294e-01	4.640713e-01	-7.445747e-01	-8.155168e-01	7.094212e-02
1.750000e-01	-4.449202e-01	4.659074e-01	-7.475911e-01	-8.187157e-01	7.112460e-02
1.760000e-01	-4.465926e-01	4.677571e-01	-7.505531e-01	-8.218691e-01	7.131599e-02
1.770000e-01	-4.482344e-01	4.695848e-01	-7.534738e-01	-8.249713e-01	7.149751e-02
1.780000e-01	-4.498410e-01	4.714055e-01	-7.563021e-01	-8.279920e-01	7.168993e-02
1.790000e-01	-4.513950e-01	4.731828e-01	-7.590455e-01	-8.309178e-01	7.187222e-02
1.800000e-01	-4.529192e-01	4.749521e-01	-7.617103e-01	-8.337743e-01	7.206399e-02
1.810000e-01	-4.544256e-01	4.767046e-01	-7.643541e-01	-8.366026e-01	7.224854e-02
1.820000e-01	-4.559135e-01	4.784548e-01	-7.669501e-01	-8.393886e-01	7.243848e-02
1.830000e-01	-4.573802e-01	4.801818e-01	-7.695353e-01	-8.421478e-01	7.261258e-02
1.840000e-01	-4.588278e-01	4.818949e-01	-7.720712e-01	-8.448634e-01	7.279225e-02
1.850000e-01	-4.602500e-01	4.835755e-01	-7.745948e-01	-8.475474e-01	7.295261e-02
1.860000e-01	-4.616425e-01	4.852255e-01	-7.770436e-01	-8.501643e-01	7.312073e-02
1.870000e-01	-4.629869e-01	4.868144e-01	-7.794399e-01	-8.527069e-01	7.326698e-02
1.880000e-01	-4.643111e-01	4.883765e-01	-7.817719e-01	-8.551971e-01	7.342519e-02
1.890000e-01	-4.656087e-01	4.898994e-01	-7.840880e-01	-8.576527e-01	7.356466e-02
1.900000e-01	-4.668786e-01	4.913877e-01	-7.863282e-01	-8.600427e-01	7.371455e-02
1.910000e-01	-4.681193e-01	4.928358e-01	-7.885326e-01	-8.623856e-01	7.385300e-02
1.920000e-01	-4.693347e-01	4.942487e-01	-7.906479e-01	-8.646587e-01	7.401072e-02
1.930000e-01	-4.705337e-01	4.956297e-01	-7.927449e-01	-8.669062e-01	7.416126e-02
1.940000e-01	-4.717314e-01	4.969966e-01	-7.947837e-01	-8.691233e-01	7.433954e-02
1.950000e-01	-4.729089e-01	4.983298e-01	-7.968097e-01	-8.713138e-01	7.450410e-02
1.960000e-01	-4.740643e-01	4.996280e-01	-7.987577e-01	-8.734431e-01	7.468541e-02
1.970000e-01	-4.752040e-01	5.008950e-01	-8.007098e-01	-8.755589e-01	7.484908e-02
1.980000e-01	-4.763265e-01	5.021328e-01	-8.025962e-01	-8.776246e-01	7.502837e-02
1.990000e-01	-4.774392e-01	5.033507e-01	-8.044944e-01	-8.796864e-01	7.519200e-02
2.000000e-01	-4.785469e-01	5.045584e-01	-8.063331e-01	-8.817134e-01	7.538033e-02
2.010000e-01	-4.796507e-01	5.057552e-01	-8.081925e-01	-8.837469e-01	7.555447e-02
2.020000e-01	-4.807561e-01	5.069493e-01	-8.100032e-01	-8.857577e-01	7.575451e-02
2.030000e-01	-4.818496e-01	5.081241e-01	-8.118287e-01	-8.877639e-01	7.593521e-02
2.040000e-01	-4.829353e-01	5.092870e-01	-8.135912e-01	-8.897309e-01	7.613966e-02
2.050000e-01	-4.839973e-01	5.104218e-01	-8.153533e-01	-8.916739e-01	7.632066e-02
2.060000e-01	-4.850614e-01	5.115523e-01	-8.170749e-01	-8.935989e-01	7.652397e-02
2.070000e-01	-4.861009e-01	5.126550e-01	-8.187992e-01	-8.955005e-01	7.670132e-02
2.080000e-01	-4.871181e-01	5.137333e-01	-8.204464e-01	-8.973413e-01	7.689495e-02
2.090000e-01	-4.880991e-01	5.147726e-01	-8.220865e-01	-8.991423e-01	7.705587e-02
2.100000e-01	-4.890835e-01	5.158142e-01	-8.236849e-01	-9.009259e-01	7.724101e-02
2.110000e-01	-4.900423e-01	5.168313e-01	-8.252804e-01	-9.026825e-01	7.740211e-02
2.120000e-01	-4.910021e-01	5.178501e-01	-8.268282e-01	-9.044162e-01	7.758802e-02
2.130000e-01	-4.919354e-01	5.188394e-01	-8.283822e-01	-9.061264e-01	7.774427e-02
2.140000e-01	-4.928682e-01	5.198271e-01	-8.298895e-01	-9.078130e-01	7.792341e-02
2.150000e-01	-4.937619e-01	5.207740e-01	-8.313774e-01	-9.094506e-01	7.807324e-02
2.160000e-01	-4.946483e-01	5.217129e-01	-8.328072e-01	-9.110519e-01	7.824465e-02
2.170000e-01	-4.955191e-01	5.226344e-01	-8.342612e-01	-9.126497e-01	7.838848e-02
2.180000e-01	-4.963809e-01	5.235471e-01	-8.356625e-01	-9.142122e-01	7.854964e-02
2.190000e-01	-4.972140e-01	5.244320e-01	-8.370644e-01	-9.157462e-01	7.868174e-02
2.200000e-01	-4.980388e-01	5.253086e-01	-8.384139e-01	-9.172458e-01	7.883181e-02
2.210000e-01	-4.988492e-01	5.261700e-01	-8.397909e-01	-9.187446e-01	7.895376e-02
2.220000e-01	-4.996332e-01	5.270038e-01	-8.410924e-01	-9.201794e-01	7.908698e-02
2.230000e-01	-5.003743e-01	5.277912e-01	-8.423865e-01	-9.215675e-01	7.918106e-02
2.240000e-01	-5.010954e-01	5.285556e-01	-8.436225e-01	-9.229066e-01	7.928415e-02
2.250000e-01	-5.017733e-01	5.292735e-01	-8.448599e-01	-9.242032e-01	7.934332e-02
2.260000e-01	-5.024284e-01	5.299677e-01	-8.460257e-01	-9.254413e-01	7.941559e-02
2.270000e-01	-5.030452e-01	5.306240e-01	-8.471792e-01	-9.266348e-01	7.945563e-02
2.280000e-01	-5.036547e-01	5.312733e-01	-8.482826e-01	-9.277960e-01	7.951341e-02
2.290000e-01	-5.042220e-01	5.318815e-01	-8.493845e-01	-9.289142e-01	7.952974e-02
2.300000e-01	-5.047705e-01	5.324697e-01	-8.504211e-01	-9.299810e-01	7.955992e-02
2.310000e-01	-5.052780e-01	5.330156e-01	-8.514531e-01	-9.310046e-01	7.955144e-02
2.320000e-01	-5.057629e-01	5.335362e-01	-8.524127e-01	-9.319692e-01	7.955653e-02
2.330000e-01	-5.062212e-01	5.340332e-01	-8.533719e-01	-9.329072e-01	7.953529e-02
2.340000e-01	-5.066711e-01	5.345183e-01	-8.542672e-01	-9.338047e-01	7.953750e-02
2.350000e-01	-5.071017e-01	5.349852e-01	-8.551713e-01	-9.346874e-01	7.951603e-02
2.360000e-01	-5.075102e-01	5.354262e-01	-8.559924e-01	-9.355064e-01	7.951406e-02
2.370000e-01	-5.079112e-01	5.358633e-01	-8.568361e-01	-9.363292e-01	7.949311e-02
2.380000e-01	-5.082955e-01	5.362783e-01	-8.576084e-01	-9.370997e-01	7.949126e-02
2.390000e-01	-5.086602e-01	5.366738e-01	-8.583948e-01	-9.378576e-01	7.946281e-02
2.400000e-01	-5.090079e-01	5.370437e-01	-8.591072e-01	-9.385615e-01	7.945424e-02
2.410000e-01	-5.093644e-01	5.374260e-01	-8.598598e-01	-9.392943e-01	7.943446e-02
2.420000e-01	-5.097589e-01	5.378419e-01	-8.606056e-01	-9.400617e-01	7.945605e-02
2.430000e-01	-5.101635e-01	5.382696e-01	-8.614005e-01	-9.408637e-01	7.946326e-02
2.440000e-01	-5.105676e-01	5.386910e-01	-8.621452e-01	-9.416402e-01	7.949502e-02
2.450000e-01	-5.109676e-01	5.391117e-01	-8.629187e-01	-9.424270e-01	7.950830e-02
2.460000e-01	-5.113907e-01	5.395494e-01	-8.636711e-01	-9.432263e-01	7.955519e-02
2.470000e-01	-5.118312e-01	5.400073e-01	-8.644830e-01	-9.440726e-01	7.958969e-02
2.480000e-01	-5.122840e-01	5.404743e-01	-8.652470e-01	-9.449075e-01	7.966053e-02
2.490000e-01	-5.127491e-01	5.409566e-01	-8.660603e-01	-9.457792e-01	7.971891e-02
2.500000e-01	-5.132316e-01	5.414512e-01	-8.668340e-01	-9.466486e-01	7.981460e-02
2.510000e-01	-5.137307e-01	5.419650e-01	-8.676716e-01	-9.475665e-01	7.989493e-02
2.520000e-01	-5.142249e-01	5.424679e-01	-8.684462e-01	-9.484480e-01	8.000185e-02
2.530000e-01	-5.147428e-01	5.429966e-01	-8.693019e-01	-9.493937e-01	8.009184e-02
2.540000e-01	-5.152698e-01	5.435329e-01	-8.701138e-01	-9.503267e-01	8.021292e-02
2.550000e-01	-5.158139e-01	5.440914e-01	-8.709916e-01	-9.513097e-01	8.031807e-02
2.560000e-01	-5.163541e-01	5.446406e-01	-8.718116e-01	-9.522599e-01	8.044835e-02
2.570000e-01	-5.169002e-01	5.451984e-01	-8.726775e-01	-9.532389e-01	8.056141e-02
2.580000e-01	-5.174194e-01	5.457218e-01	-8.734514e-01	-9.541451e-01	8.069370e-02
2.590000e-01	-5.179436e-01	5.462525e-01	-8.742704e-01	-9.550788e-01	8.080839e-02
2.600000e-01	-5.184569e-01	5.467643e-01	-8.750193e-01	-9.559666e-01	8.094728e-02
2.610000e-01	-5.189697e-01	5.472808e-01	-8.758134e-01	-9.568764e-01	8.106296e-02
2.620000e-01	-5.194776e-01	5.477858e-01	-8.765444e-01	-9.577498e-01	8.120539e-02
2.630000e-01	-5.199721e-01	5.482828e-01	-8.772975e-01	-9.586208e-01	8.132331e-02
2.640000e-01	-5.204351e-01	5.487418e-01	-8.779468e-01	-9.594086e-01	8.146173e-02
2.650000e-01	-5.208707e-01	5.491797e-01	-8.785965e-01	-9.601690e-01	8.157242e-02
2.660000e-01	-5.212942e-01	5.495982e-01	-8.791804e-01	-9.608844e-01	8.170404e-02
2.670000e-01	-5.217171e-01	5.500223e-01	-8.798024e-01	-9.616183e-01	8.181587e-02
2.680000e-01	-5.221185e-01	5.504161e-01	-8.803455e-01	-9.622913e-01	8.194577e-02
2.690000e-01	-5.224960e-01	5.507929e-01	-8.809009e-01	-9.629464e-01	8.204556e-02
2.700000e-01	-5.228315e-01	5.511207e-01	-8.813416e-01	-9.635024e-01	8.216073e-02
2.710000e-01	-5.231007e-01	5.513902e-01	-8.817271e-01	-9.639643e-01	8.223720e-02
2.720000e-01	-5.233377e-01	5.516231e-01	-8.820002e-01	-9.643378e-01	8.233766e-02
2.730000e-01	-5.235515e-01	5.518455e-01	-8.822617e-01	-9.646824e-01	8.242067e-02
2.740000e-01	-5.237481e-01	5.520463e-01	-8.824381e-01	-9.649672e-01	8.252907e-02
2.750000e-01	-5.239125e-01	5.522233e-01	-8.826135e-01	-9.652192e-01	8.260568e-02
2.760000e-01	-5.240628e-01	5.523789e-01	-8.827227e-01	-9.654241e-01	8.270140e-02
2.770000e-01	-5.241913e-01	5.525228e-01	-8.828392e-01	-9.656109e-01	8.277167e-02
2.780000e-01	-5.242984e-01	5.526387e-01	-8.828673e-01	-9.657321e-01	8.286477e-02
2.790000e-01	-5.244042e-01	5.527608e-01	-8.829391e-01	-9.658737e-01	8.293464e-02
2.800000e-01	-5.244904e-01	5.528592e-01	-8.829194e-01	-9.659501e-01	8.303069e-02
2.810000e-01	-5.245663e-01	5.529582e-01	-8.829372e-01	-9.660349e-01	8.309766e-02
2.820000e-01	-5.246453e-01	5.530463e-01	-8.829388e-01	-9.661147e-01	8.317584e-02
2.830000e-01	-5.246914e-01	5.531047e-01	-8.829710e-01	-9.661769e-01	8.320587e-02
2.840000e-01	-5.247577e-01	5.531765e-01	-8.830007e-01	-9.662580e-01	8.325734e-02
2.850000e-01	-5.248221e-01	5.532503e-01	-8.831034e-01	-9.663738e-01	8.327041e-02
2.860000e-01	-5.249036e-01	5.533348e-01	-8.831959e-01	-9.665016e-01	8.330569e-02
2.870000e-01	-5.249814e-01	5.534242e-01	-8.833485e-01	-9.666557e-01	8.330718e-02
2.880000e-01	-5.250696e-01	5.535184e-01	-8.834805e-01	-9.668098e-01	8.332930e-02
2.890000e-01	-5.251533e-01	5.536169e-01	-8.836564e-01	-9.669815e-01	8.332510e-02
2.900000e-01	-5.252602e-01	5.537352e-01	-8.838344e-01	-9.671774e-01	8.334301e-02
2.910000e-01	-5.253938e-01	5.538866e-01	-8.840996e-01	-9.674437e-01	8.334402e-02
2.920000e-01	-5.256019e-01	5.541082e-01	-8.844380e-01	-9.678209e-01	8.338287e-02
2.930000e-01	-5.258176e-01	5.543448e-01	-8.848564e-01	-9.682459e-01	8.338943e-02
2.940000e-01	-5.260891e-01	5.546322e-01	-8.853483e-01	-9.687633e-01	8.341502e-02
2.950000e-01	-5.263792e-01	5.549438e-01	-8.859356e-01	-9.693470e-01	8.341146e-02
2.960000e-01	-5.267196e-01	5.553070e-01	-8.865427e-01	-9.699909e-01	8.344823e-02
2.970000e-01	-5.270690e-01	5.556860e-01	-8.872208e-01	-9.706794e-01	8.345856e-02
2.980000e-01	-5.274588e-01	5.561064e-01	-8.879091e-01	-9.714133e-01	8.350427e-02
2.990000e-01	-5.278425e-01	5.565243e-01	-8.886596e-01	-9.721723e-01	8.351270e-02
3.000000e-01	-5.282706e-01	5.569846e-01	-8.894423e-01	-9.729917e-01	8.354943e-02
3.010000e-01	-5.286952e-01	5.574390e-01	-8.903011e-01	-9.738457e-01	8.354464e-02
3.020000e-01	-5.291781e-01	5.579475e-01	-8.912279e-01	-9.747921e-01	8.356420e-02
3.030000e-01	-5.296859e-01	5.584776e-01	-8.922719e-01	-9.758218e-01	8.354993e-02
3.040000e-01	-5.302671e-01	5.590815e-01	-8.933983e-01	-9.769662e-01	8.356792e-02
3.050000e-01	-5.308571e-01	5.596916e-01	-8.946102e-01	-9.781622e-01	8.355199e-02
3.060000e-01	-5.315198e-01	5.603742e-01	-8.958835e-01	-9.794615e-01	8.357803e-02
3.070000e-01	-5.322007e-01	5.610694e-01	-8.972541e-01	-9.808277e-01	8.357361e-02
3.080000e-01	-5.329157e-01	5.617915e-01	-8.986642e-01	-9.822478e-01	8.358362e-02
3.090000e-01	-5.335812e-01	5.624560e-01	-9.000667e-01	-9.836145e-01	8.354784e-02
3.100000e-01	-5.342315e-01	5.631038e-01	-9.013845e-01	-9.849238e-01	8.353930e-02
3.110000e-01	-5.348355e-01	5.637029e-01	-9.026469e-01	-9.861590e-01	8.351204e-02
3.120000e-01	-5.354067e-01	5.642753e-01	-9.037526e-01	-9.872830e-01	8.353040e-02
3.130000e-01	-5.358973e-01	5.647750e-01	-9.047013e-01	-9.882479e-01	8.354668e-02
3.140000e-01	-5.363590e-01	5.652566e-01	-9.054922e-01	-9.891051e-01	8.361291e-02
3.150000e-01	-5.367504e-01	5.656717e-01	-9.061872e-01	-9.898440e-01	8.365685e-02
3.160000e-01	-5.371203e-01	5.660734e-01	-9.067644e-01	-9.905025e-01	8.373812e-02
3.170000e-01	-5.374311e-01	5.664073e-01	-9.072987e-01	-9.910804e-01	8.378172e-02
3.180000e-01	-5.377416e-01	5.667458e-01	-9.077502e-01	-9.916167e-01	8.386653e-02
3.190000e-01	-5.380232e-01	5.670440e-01	-9.081993e-01	-9.921228e-01	8.392351e-02
3.200000e-01	-5.383251e-01	5.673663e-01	-9.086039e-01	-9.926271e-01	8.402316e-02
3.210000e-01	-5.386020e-01	5.676533e-01	-9.089986e-01	-9.931013e-01	8.410271e-02
3.220000e-01	-5.388621e-01	5.679327e-01	-9.093090e-01	-9.935166e-01	8.420755e-02
3.230000e-01	-5.390662e-01	5.681493e-01	-9.095901e-01	-9.938613e-01	8.427116e-02
3.240000e-01	-5.392673e-01	5.683726e-01	-9.098237e-01	-9.941792e-01	8.435550e-02
3.250000e-01	-5.394307e-01	5.685471e-01	-9.100542e-01	-9.944578e-01	8.440366e-02
3.260000e-01	-5.395716e-01	5.687050e-01	-9.102236e-01	-9.946834e-01	8.445983e-02
3.270000e-01	-5.396502e-01	5.687893e-01	-9.103577e-01	-9.948291e-01	8.447136e-02
3.280000e-01	-5.397225e-01	5.688734e-01	-9.104383e-01	-9.949416e-01	8.450339e-02
3.290000e-01	-5.397199e-01	5.688722e-01	-9.104566e-01	-9.949482e-01	8.449163e-02
3.300000e-01	-5.397039e-01	5.688688e-01	-9.104008e-01	-9.949043e-01	8.450352e-02
3.310000e-01	-5.396700e-01	5.688393e-01	-9.103610e-01	-9.948506e-01	8.448952e-02
3.320000e-01	-5.396431e-01	5.688216e-01	-9.102872e-01	-9.947867e-01	8.449949e-02
3.330000e-01	-5.396309e-01	5.688032e-01	-9.102837e-01	-9.947728e-01	8.448910e-02
3.340000e-01	-5.396453e-01	5.688099e-01	-9.102666e-01	-9.947786e-01	8.451198e-02
3.350000e-01	-5.396391e-01	5.687790e-01	-9.102695e-01	-9.947738e-01	8.450436e-02
3.360000e-01	-5.396263e-01	5.687437e-01	-9.102033e-01	-9.947279e-01	8.452466e-02
3.370000e-01	-5.395978e-01	5.686789e-01	-9.101655e-01	-9.946806e-01	8.451501e-02
3.380000e-01	-5.395474e-01	5.685981e-01	-9.100508e-01	-9.945728e-01	8.452200e-02
3.390000e-01	-5.394762e-01	5.684878e-01	-9.099479e-01	-9.944502e-01	8.450228e-02
3.400000e-01	-5.393855e-01	5.683614e-01	-9.097713e-01	-9.942711e-01	8.449978e-02
3.410000e-01	-5.392571e-01	5.681853e-01	-9.095911e-01	-9.940527e-01	8.446156e-02
3.420000e-01	-5.390947e-01	5.679792e-01	-9.093097e-01	-9.937496e-01	8.443987e-02
3.430000e-01	-5.389069e-01	5.677380e-01	-9.090274e-01	-9.934206e-01	8.439319e-02
3.440000e-01	-5.387158e-01	5.674965e-01	-9.086713e-01	-9.930515e-01	8.438015e-02
3.450000e-01	-5.385226e-01	5.672449e-01	-9.083564e-01	-9.927007e-01	8.434436e-02
3.460000e-01	-5.383529e-01	5.670215e-01	-9.080272e-01	-9.923665e-01	8.433926e-02
3.470000e-01	-5.381739e-01	5.667825e-01	-9.077364e-01	-9.920421e-01	8.430571e-02
3.480000e-01	-5.380149e-01	5.665679e-01	-9.074315e-01	-9.917306e-01	8.429913e-02
3.490000e-01	-5.378382e-01	5.663294e-01	-9.071559e-01	-9.914161e-01	8.426023e-02
3.500000e-01	-5.376757e-01	5.661071e-01	-9.068737e-01	-9.911126e-01	8.423887e-02
3.510000e-01	-5.374748e-01	5.658411e-01	-9.066092e-01	-9.907794e-01	8.417019e-02
3.520000e-01	-5.372892e-01	5.655908e-01	-9.063447e-01	-9.904615e-01	8.411683e-02
3.530000e-01	-5.370666e-01	5.653021e-01	-9.060907e-01	-9.901120e-01	8.402127e-02
3.540000e-01	-5.368872e-01	5.650656e-01	-9.058537e-01	-9.898141e-01	8.396038e-02
3.550000e-01	-5.366871e-01	5.648138e-01	-9.056381e-01	-9.895062e-01	8.386808e-02
3.560000e-01	-5.364908e-01	5.645786e-01	-9.053820e-01	-9.891818e-01	8.379985e-02
3.570000e-01	-5.362511e-01	5.643082e-01	-9.051124e-01	-9.888073e-01	8.369484e-02
3.580000e-01	-5.359940e-01	5.640315e-01	-9.047655e-01	-9.883767e-01	8.361122e-02
3.590000e-01	-5.356840e-01	5.637102e-01	-9.043710e-01	-9.878695e-01	8.349856e-02
3.600000e-01	-5.353912e-01	5.634175e-01	-9.039516e-01	-9.873670e-01	8.341542e-02
3.610000e-01	-5.350879e-01	5.631190e-01	-9.035837e-01	-9.868797e-01	8.329601e-02
3.620000e-01	-5.347942e-01	5.628362e-01	-9.031924e-01	-9.863904e-01	8.319803e-02
3.630000e-01	-5.344808e-01	5.625383e-01	-9.028250e-01	-9.858933e-01	8.306835e-02
3.640000e-01	-5.341688e-01	5.622427e-01	-9.024093e-01	-9.853735e-01	8.296414e-02
3.650000e-01	-5.338344e-01	5.619277e-01	-9.020186e-01	-9.848437e-01	8.282511e-02
3.660000e-01	-5.335216e-01	5.616377e-01	-9.016089e-01	-9.843260e-01	8.271711e-02
3.670000e-01	-5.332108e-01	5.613507e-01	-9.012425e-01	-9.838320e-01	8.258953e-02
3.680000e-01	-5.329360e-01	5.611023e-01	-9.008581e-01	-9.833650e-01	8.250690e-02
3.690000e-01	-5.326852e-01	5.608790e-01	-9.005391e-01	-9.829547e-01	8.241559e-02
3.700000e-01	-5.324603e-01	5.606812e-01	-9.001967e-01	-9.825587e-01	8.236195e-02
3.710000e-01	-5.322223e-01	5.604690e-01	-8.998855e-01	-9.821650e-01	8.227951e-02
3.720000e-01	-5.320314e-01	5.603059e-01	-8.995813e-01	-9.818221e-01	8.224072e-02
3.730000e-01	-5.318837e-01	5.601876e-01	-8.993742e-01	-9.815708e-01	8.219659e-02
3.740000e-01	-5.317777e-01	5.601190e-01	-8.991283e-01	-9.813418e-01	8.221350e-02
3.750000e-01	-5.317233e-01	5.601045e-01	-8.989812e-01	-9.812139e-01	8.223274e-02
3.760000e-01	-5.317195e-01	5.601410e-01	-8.988237e-01	-9.811313e-01	8.230767e-02
3.770000e-01	-5.317358e-01	5.601950e-01	-8.987215e-01	-9.810965e-01	8.237505e-02
3.780000e-01	-5.317998e-01	5.602943e-01	-8.986347e-01	-9.811171e-01	8.248242e-02
3.790000e-01	-5.319043e-01	5.604270e-01	-8.986416e-01	-9.812251e-01	8.258347e-02
3.800000e-01	-5.320661e-01	5.606187e-01	-8.986766e-01	-9.814044e-01	8.272779e-02
3.810000e-01	-5.322625e-01	5.608371e-01	-8.988069e-01	-9.816660e-01	8.285909e-02
3.820000e-01	-5.325202e-01	5.611171e-01	-8.989804e-01	-9.820104e-01	8.302999e-02
3.830000e-01	-5.328049e-01	5.614198e-01	-8.992345e-01	-9.824222e-01	8.318770e-02
3.840000e-01	-5.331417e-01	5.617797e-01	-8.995031e-01	-9.828932e-01	8.339013e-02
3.850000e-01	-5.335150e-01	5.621725e-01	-8.998751e-01	-9.834525e-01	8.357749e-02
3.860000e-01	-5.339259e-01	5.626094e-01	-9.002595e-01	-9.840557e-01	8.379620e-02
3.870000e-01	-5.343519e-01	5.630586e-01	-9.007258e-01	-9.847147e-01	8.398897e-02
3.880000e-01	-5.347893e-01	5.635214e-01	-9.011788e-01	-9.853787e-01	8.419992e-02
3.890000e-01	-5.352503e-01	5.639994e-01	-9.017320e-01	-9.861163e-01	8.438430e-02
3.900000e-01	-5.357656e-01	5.645397e-01	-9.023241e-01	-9.869276e-01	8.460350e-02
3.910000e-01	-5.362829e-01	5.650737e-01	-9.029875e-01	-9.877767e-01	8.478916e-02
3.920000e-01	-5.368627e-01	5.656759e-01	-9.037150e-01	-9.887202e-01	8.500515e-02
3.930000e-01	-5.374315e-01	5.662602e-01	-9.044854e-01	-9.896742e-01	8.518881e-02
3.940000e-01	-5.380579e-01	5.669081e-01	-9.053013e-01	-9.907085e-01	8.540720e-02
3.950000e-01	-5.386818e-01	5.675448e-01	-9.061821e-01	-9.917728e-01	8.559074e-02
3.960000e-01	-5.392939e-01	5.681781e-01	-9.070237e-01	-9.928057e-01	8.578209e-02
3.970000e-01	-5.398744e-01	5.687703e-01	-9.078984e-01	-9.938236e-01	8.592524e-02
3.980000e-01	-5.404496e-01	5.693600e-01	-9.087431e-01	-9.948211e-01	8.607800e-02
3.990000e-01	-5.409413e-01	5.698568e-01	-9.095433e-01	-9.957130e-01	8.616963e-02
4.000000e-01	-5.414040e-01	5.703311e-01	-9.102888e-01	-9.965484e-01	8.625962e-02
4.010000e-01	-5.418170e-01	5.707516e-01	-9.110328e-01	-9.973334e-01	8.630061e-02
4.020000e-01	-5.422068e-01	5.711564e-01	-9.117397e-01	-9.980767e-01	8.633696e-02
4.030000e-01	-5.425474e-01	5.715059e-01	-9.124486e-01	-9.987717e-01	8.632303e-02
4.040000e-01	-5.428698e-01	5.718449e-01	-9.131245e-01	-9.994321e-01	8.630754e-02
4.050000e-01	-5.431366e-01	5.721156e-01	-9.137892e-01	-1.000031e+00	8.624197e-02
4.060000e-01	-5.434007e-01	5.723832e-01	-9.144339e-01	-1.000618e+00	8.618376e-02
4.070000e-01	-5.436299e-01	5.726011e-01	-9.150848e-01	-1.001172e+00	8.608748e-02
4.080000e-01	-5.438222e-01	5.727791e-01	-9.156480e-01	-1.001646e+00	8.599818e-02
4.090000e-01	-5.439390e-01	5.728709e-01	-9.161265e-01	-1.002002e+00	8.587572e-02
4.100000e-01	-5.440079e-01	5.729174e-01	-9.164779e-01	-1.002247e+00	8.576896e-02
4.110000e-01	-5.439674e-01	5.728457e-01	-9.166873e-01	-1.002311e+00	8.562372e-02
4.120000e-01	-5.438656e-01	5.727177e-01	-9.167594e-01	-1.002245e+00	8.548587e-02
4.130000e-01	-5.436603e-01	5.724796e-01	-9.166802e-01	-1.002000e+00	8.532020e-02
4.140000e-01	-5.434305e-01	5.722244e-01	-9.165082e-01	-1.001685e+00	8.517641e-02
4.150000e-01	-5.431817e-01	5.719426e-01	-9.163191e-01	-1.001341e+00	8.502220e-02
4.160000e-01	-5.429224e-01	5.716519e-01	-9.160702e-01	-1.000958e+00	8.488735e-02
4.170000e-01	-5.426438e-01	5.713280e-01	-9.158309e-01	-1.000559e+00	8.472837e-02
4.180000e-01	-5.423344e-01	5.709702e-01	-9.155055e-01	-1.000087e+00	8.458164e-02
4.190000e-01	-5.420001e-01	5.705723e-01	-9.151823e-01	-9.995912e-01	8.440894e-02
4.200000e-01	-5.416723e-01	5.701826e-01	-9.148278e-01	-9.990862e-01	8.425840e-02
4.210000e-01	-5.413362e-01	5.697731e-01	-9.145186e-01	-9.985955e-01	8.407692e-02
4.220000e-01	-5.409867e-01	5.693535e-01	-9.141791e-01	-9.980762e-01	8.389714e-02
4.230000e-01	-5.406055e-01	5.688926e-01	-9.138480e-01	-9.975295e-01	8.368150e-02
4.240000e-01	-5.402128e-01	5.684277e-01	-9.134733e-01	-9.969495e-01	8.347620e-02
4.250000e-01	-5.397894e-01	5.679289e-01	-9.130958e-01	-9.963373e-01	8.324154e-02
4.260000e-01	-5.393392e-01	5.674215e-01	-9.126296e-01	-9.956541e-01	8.302442e-02
4.270000e-01	-5.388805e-01	5.669029e-01	-9.121919e-01	-9.949764e-01	8.278457e-02
4.280000e-01	-5.384120e-01	5.663907e-01	-9.116920e-01	-9.942580e-01	8.256600e-02
4.290000e-01	-5.379393e-01	5.658789e-01	-9.112071e-01	-9.935429e-01	8.233579e-02
4.300000e-01	-5.374728e-01	5.653895e-01	-9.106698e-01	-9.928077e-01	8.213788e-02
4.310000e-01	-5.370263e-01	5.649216e-01	-9.101844e-01	-9.921185e-01	8.193409e-02
4.320000e-01	-5.366014e-01	5.644907e-01	-9.096780e-01	-9.914404e-01	8.176236e-02
4.330000e-01	-5.361627e-01	5.640405e-01	-9.091859e-01	-9.907557e-01	8.156979e-02
4.340000e-01	-5.357557e-01	5.636317e-01	-9.086880e-01	-9.900997e-01	8.141164e-02
4.350000e-01	-5.353375e-01	5.632049e-01	-9.082034e-01	-9.894392e-01	8.123587e-02
4.360000e-01	-5.349573e-01	5.628186e-01	-9.077504e-01	-9.888325e-01	8.108209e-02
4.370000e-01	-5.345562e-01	5.624050e-01	-9.073249e-01	-9.882186e-01	8.089374e-02
4.380000e-01	-5.341894e-01	5.620360e-01	-9.069008e-01	-9.876398e-01	8.073902e-02
4.390000e-01	-5.338099e-01	5.616506e-01	-9.064831e-01	-9.870515e-01	8.056835e-02
4.400000e-01	-5.334582e-01	5.613024e-01	-9.060394e-01	-9.864779e-01	8.043849e-02
4.410000e-01	-5.331141e-01	5.609539e-01	-9.056398e-01	-9.859340e-01	8.029424e-02
4.420000e-01	-5.328190e-01	5.606629e-01	-9.052480e-01	-9.854430e-01	8.019502e-02
4.430000e-01	-5.325619e-01	5.604072e-01	-9.049231e-01	-9.850234e-01	8.010037e-02
4.440000e-01	-5.323461e-01	5.602006e-01	-9.045962e-01	-9.846442e-01	8.004804e-02
4.450000e-01	-5.321566e-01	5.600082e-01	-9.043402e-01	-9.843267e-01	7.998655e-02
4.460000e-01	-5.319776e-01	5.598204e-01	-9.040800e-01	-9.840176e-01	7.993759e-02
4.470000e-01	-5.318297e-01	5.596522e-01	-9.039007e-01	-9.837800e-01	7.987931e-02
4.480000e-01	-5.317203e-01	5.595281e-01	-9.037340e-01	-9.835873e-01	7.985329e-02
4.490000e-01	-5.316332e-01	5.594225e-01	-9.036262e-01	-9.834463e-01	7.982009e-02
4.500000e-01	-5.315766e-01	5.593571e-01	-9.035062e-01	-9.833297e-01	7.982348e-02
4.510000e-01	-5.315493e-01	5.593182e-01	-9.034350e-01	-9.832668e-01	7.983182e-02
4.520000e-01	-5.315383e-01	5.593113e-01	-9.033155e-01	-9.831960e-01	7.988050e-02
4.530000e-01	-5.315598e-01	5.593432e-01	-9.032473e-01	-9.831834e-01	7.993612e-02
4.540000e-01	-5.316042e-01	5.594121e-01	-9.031449e-01	-9.831767e-01	8.003179e-02
4.550000e-01	-5.316281e-01	5.594552e-01	-9.030554e-01	-9.831558e-01	8.010037e-02
4.560000e-01	-5.316228e-01	5.594738e-01	-9.028984e-01	-9.830720e-01	8.017353e-02
4.570000e-01	-5.316356e-01	5.595036e-01	-9.028157e-01	-9.830435e-01	8.022777e-02
4.580000e-01	-5.316795e-01	5.595670e-01	-9.027344e-01	-9.830467e-01	8.031228e-02
4.590000e-01	-5.317448e-01	5.596456e-01	-9.027115e-01	-9.831006e-01	8.038910e-02
4.600000e-01	-5.318085e-01	5.597283e-01	-9.026723e-01	-9.831447e-01	8.047238e-02
4.610000e-01	-5.318758e-01	5.598030e-01	-9.026931e-01	-9.832224e-01	8.052929e-02
4.620000e-01	-5.319476e-01	5.598813e-01	-9.026611e-01	-9.832781e-01	8.061701e-02
4.630000e-01	-5.320298e-01	5.599657e-01	-9.026235e-01	-9.833416e-01	8.071807e-02
4.640000e-01	-5.321019e-01	5.600525e-01	-9.025003e-01	-9.833520e-01	8.085171e-02
4.650000e-01	-5.321472e-01	5.601112e-01	-9.023629e-01	-9.833287e-01	8.096573e-02
4.660000e-01	-5.322046e-01	5.601942e-01	-9.021795e-01	-9.832944e-01	8.111486e-02
4.670000e-01	-5.322643e-01	5.602714e-01	-9.020243e-01	-9.832765e-01	8.125217e-02
4.680000e-01	-5.322990e-01	5.603353e-01	-9.017655e-01	-9.831818e-01	8.141624e-02
4.690000e-01	-5.323555e-01	5.604258e-01	-9.015594e-01	-9.831352e-01	8.157584e-02
4.700000e-01	-5.323973e-01	5.605140e-01	-9.013004e-01	-9.830475e-01	8.174708e-02
4.710000e-01	-5.324165e-01	5.605757e-01	-9.010376e-01	-9.829353e-01	8.189770e-02
4.720000e-01	-5.324414e-01	5.606539e-01	-9.007532e-01	-9.828180e-01	8.206474e-02
4.730000e-01	-5.324839e-01	5.607397e-01	-9.005385e-01	-9.827531e-01	8.221466e-02
4.740000e-01	-5.325131e-01	5.608174e-01	-9.002865e-01	-9.826564e-01	8.236987e-02
4.750000e-01	-5.325788e-01	5.609169e-01	-9.001334e-01	-9.826455e-01	8.251210e-02
4.760000e-01	-5.326790e-01	5.610562e-01	-9.000183e-01	-9.826881e-01	8.266980e-02
4.770000e-01	-5.328063e-01	5.612090e-01	-8.999930e-01	-9.828028e-01	8.280979e-02
4.780000e-01	-5.329779e-01	5.614181e-01	-9.000037e-01	-9.829797e-01	8.297602e-02
4.790000e-01	-5.331926e-01	5.616574e-01	-9.001240e-01	-9.832546e-01	8.313066e-02
4.800000e-01	-5.334200e-01	5.619222e-01	-9.002203e-01	-9.835301e-01	8.330981e-02
4.810000e-01	-5.336694e-01	5.621995e-01	-9.003757e-01	-9.838573e-01	8.348158e-02
4.820000e-01	-5.339149e-01	5.624789e-01	-9.005036e-01	-9.841667e-01	8.366305e-02
4.830000e-01	-5.341690e-01	5.627519e-01	-9.006911e-01	-9.845146e-01	8.382348e-02
4.840000e-01	-5.344426e-01	5.630473e-01	-9.008987e-01	-9.848919e-01	8.399320e-02
4.850000e-01	-5.347161e-01	5.633245e-01	-9.011694e-01	-9.853008e-01	8.413142e-02
4.860000e-01	-5.350114e-01	5.636289e-01	-9.014730e-01	-9.857478e-01	8.427488e-02
4.870000e-01	-5.353147e-01	5.639231e-01	-9.018557e-01	-9.862426e-01	8.438683e-02
4.880000e-01	-5.356397e-01	5.642445e-01	-9.022699e-01	-9.867747e-01	8.450476e-02
4.890000e-01	-5.359594e-01	5.645401e-01	-9.027456e-01	-9.873322e-01	8.458661e-02
4.900000e-01	-5.362882e-01	5.648517e-01	-9.032182e-01	-9.878973e-01	8.467909e-02
4.910000e-01	-5.366190e-01	5.651451e-01	-9.037549e-01	-9.884965e-01	8.474161e-02
4.920000e-01	-5.369675e-01	5.654658e-01	-9.042891e-01	-9.891120e-01	8.482296e-02
4.930000e-01	-5.372956e-01	5.657511e-01	-9.048418e-01	-9.897165e-01	8.487470e-02
4.940000e-01	-5.376199e-01	5.660488e-01	-9.053572e-01	-9.902985e-01	8.494134e-02
4.950000e-01	-5.379181e-01	5.663059e-01	-9.058850e-01	-9.908606e-01	8.497561e-02
4.960000e-01	-5.382179e-01	5.665822e-01	-9.063814e-01	-9.914086e-01	8.502723e-02
4.970000e-01	-5.384778e-01	5.668034e-01	-9.068889e-01	-9.919223e-01	8.503338e-02
4.980000e-01	-5.386943e-01	5.669937e-01	-9.073089e-01	-9.923487e-01	8.503983e-02
4.990000e-01	-5.388457e-01	5.671088e-01	-9.076897e-01	-9.926906e-01	8.500088e-02
5.000000e-01	-5.389612e-01	5.672037e-01	-9.079690e-01	-9.929457e-01	8.497665e-02
5.010000e-01	-5.390223e-01	5.672352e-01	-9.082206e-01	-9.931325e-01	8.491196e-02
5.020000e-01	-5.390442e-01	5.672428e-01	-9.083572e-01	-9.932228e-01	8.486558e-02
5.030000e-01	-5.390186e-01	5.671903e-01	-9.084704e-01	-9.932538e-01	8.478334e-02
5.040000e-01	-5.389580e-01	5.671165e-01	-9.084845e-01	-9.932002e-01	8.471574e-02
5.050000e-01	-5.388167e-01	5.669444e-01	-9.084252e-01	-9.930293e-01	8.460409e-02
5.060000e-01	-5.386757e-01	5.667864e-01	-9.083154e-01	-9.928334e-01	8.451799e-02
5.070000e-01	-5.385008e-01	5.665785e-01	-9.082089e-01	-9.926053e-01	8.439636e-02
5.080000e-01	-5.383427e-01	5.663962e-01	-9.080901e-01	-9.923878e-01	8.429769e-02
5.090000e-01	-5.381268e-01	5.661438e-01	-9.079395e-01	-9.920966e-01	8.415711e-02
5.100000e-01	-5.379002e-01	5.658980e-01	-9.076897e-01	-9.917450e-01	8.405532e-02
5.110000e-01	-5.376294e-01	5.655932e-01	-9.074219e-01	-9.913403e-01	8.391839e-02
5.120000e-01	-5.373505e-01	5.652958e-01	-9.070835e-01	-9.908922e-01	8.380873e-02
5.130000e-01	-5.370502e-01	5.649662e-01	-9.067758e-01	-9.904381e-01	8.366230e-02
5.140000e-01	-5.367748e-01	5.646762e-01	-9.064635e-01	-9.900065e-01	8.354307e-02
5.150000e-01	-5.364719e-01	5.643454e-01	-9.061614e-01	-9.895526e-01	8.339120e-02
5.160000e-01	-5.361859e-01	5.640480e-01	-9.058358e-01	-9.891038e-01	8.326803e-02
5.170000e-01	-5.358942e-01	5.637333e-01	-9.055630e-01	-9.886757e-01	8.311270e-02
5.180000e-01	-5.356229e-01	5.634582e-01	-9.052584e-01	-9.882521e-01	8.299373e-02
5.190000e-01	-5.353155e-01	5.631439e-01	-9.049488e-01	-9.877899e-01	8.284112e-02
5.200000e-01	-5.350048e-01	5.628386e-01	-9.045643e-01	-9.872869e-01	8.272263e-02
5.210000e-01	-5.346774e-01	5.625079e-01	-9.042175e-01	-9.867862e-01	8.256870e-02
5.220000e-01	-5.343589e-01	5.621986e-01	-9.038344e-01	-9.862761e-01	8.244174e-02
5.230000e-01	-5.340342e-01	5.618751e-01	-9.035022e-01	-9.857853e-01	8.228316e-02
5.240000e-01	-5.337357e-01	5.615867e-01	-9.031607e-01	-9.853161e-01	8.215531e-02
5.250000e-01	-5.334332e-01	5.612908e-01	-9.028605e-01	-9.848634e-01	8.200295e-02
5.260000e-01	-5.331615e-01	5.610336e-01	-9.025489e-01	-9.844359e-01	8.188705e-02
5.270000e-01	-5.328804e-01	5.607543e-01	-9.022843e-01	-9.840226e-01	8.173825e-02
5.280000e-01	-5.326046e-01	5.604870e-01	-9.019685e-01	-9.835889e-01	8.162036e-02
5.290000e-01	-5.322883e-01	5.601629e-01	-9.016574e-01	-9.831171e-01	8.145963e-02
5.300000e-01	-5.319837e-01	5.598476e-01	-9.013051e-01	-9.826363e-01	8.133117e-02
5.310000e-01	-5.316730e-01	5.595167e-01	-9.009864e-01	-9.821662e-01	8.117975e-02
5.320000e-01	-5.314043e-01	5.592323e-01	-9.006748e-01	-9.817417e-01	8.106695e-02
5.330000e-01	-5.311624e-01	5.589639e-01	-9.004688e-01	-9.813968e-01	8.092803e-02
5.340000e-01	-5.309169e-01	5.586957e-01	-9.002308e-01	-9.810324e-01	8.080151e-02
5.350000e-01	-5.306661e-01	5.584145e-01	-9.000525e-01	-9.806923e-01	8.063981e-02
5.360000e-01	-5.303756e-01	5.581029e-01	-8.997655e-01	-9.802583e-01	8.049282e-02
5.370000e-01	-5.300709e-01	5.577757e-01	-8.995297e-01	-9.798357e-01	8.030607e-02
5.380000e-01	-5.297463e-01	5.574429e-01	-8.992074e-01	-9.793500e-01	8.014265e-02
5.390000e-01	-5.294378e-01	5.571250e-01	-8.989556e-01	-9.789156e-01	7.996000e-02
5.400000e-01	-5.291225e-01	5.568175e-01	-8.986110e-01	-9.784280e-01	7.981697e-02
5.410000e-01	-5.288142e-01	5.565143e-01	-8.983236e-01	-9.779760e-01	7.965234e-02
5.420000e-01	-5.284820e-01	5.561906e-01	-8.979461e-01	-9.774551e-01	7.950899e-02
5.430000e-01	-5.281536e-01	5.558656e-01	-8.976166e-01	-9.769619e-01	7.934533e-02
5.440000e-01	-5.278486e-01	5.555706e-01	-8.972346e-01	-9.764659e-01	7.923126e-02
5.450000e-01	-5.276068e-01	5.553366e-01	-8.969620e-01	-9.760878e-01	7.912582e-02
5.460000e-01	-5.273597e-01	5.551071e-01	-8.966157e-01	-9.756675e-01	7.905182e-02
5.470000e-01	-5.271431e-01	5.549178e-01	-8.963445e-01	-9.753153e-01	7.897086e-02
5.480000e-01	-5.269716e-01	5.547823e-01	-8.960814e-01	-9.750123e-01	7.893094e-02
5.490000e-01	-5.268069e-01	5.546502e-01	-8.958750e-01	-9.747444e-01	7.886936e-02
5.500000e-01	-5.266420e-01	5.545165e-01	-8.956125e-01	-9.744482e-01	7.883572e-02
5.510000e-01	-5.265279e-01	5.544312e-01	-8.954441e-01	-9.742499e-01	7.880585e-02
5.520000e-01	-5.264393e-01	5.543777e-01	-8.952301e-01	-9.740544e-01	7.882430e-02
5.530000e-01	-5.264034e-01	5.543789e-01	-8.951177e-01	-9.739623e-01	7.884451e-02
5.540000e-01	-5.264005e-01	5.544133e-01	-8.950060e-01	-9.739035e-01	7.889749e-02
5.550000e-01	-5.264248e-01	5.544714e-01	-8.949793e-01	-9.739145e-01	7.893513e-02
5.560000e-01	-5.264809e-01	5.545590e-01	-8.949544e-01	-9.739580e-01	7.900367e-02
5.570000e-01	-5.265626e-01	5.546618e-01	-8.950326e-01	-9.740789e-01	7.904634e-02
5.580000e-01	-5.266530e-01	5.547706e-01	-8.950917e-01	-9.741989e-01	7.910715e-02
5.590000e-01	-5.267634e-01	5.548886e-01	-8.952499e-01	-9.743883e-01	7.913842e-02
5.600000e-01	-5.269045e-01	5.550355e-01	-8.954165e-01	-9.746128e-01	7.919632e-02
5.610000e-01	-5.270511e-01	5.551867e-01	-8.956256e-01	-9.748638e-01	7.923827e-02
5.620000e-01	-5.272050e-01	5.553490e-01	-8.957760e-01	-9.750929e-01	7.931698e-02
5.630000e-01	-5.273890e-01	5.555426e-01	-8.959641e-01	-9.753711e-01	7.940699e-02
5.640000e-01	-5.275518e-01	5.557191e-01	-8.960328e-01	-9.755682e-01	7.953534e-02
5.650000e-01	-5.277079e-01	5.558838e-01	-8.961149e-01	-9.757654e-01	7.965046e-02
5.660000e-01	-5.278891e-01	5.560747e-01	-8.961881e-01	-9.759832e-01	7.979512e-02
5.670000e-01	-5.280841e-01	5.562761e-01	-8.963312e-01	-9.762497e-01	7.991846e-02
5.680000e-01	-5.282978e-01	5.564932e-01	-8.964919e-01	-9.765438e-01	8.005188e-02
5.690000e-01	-5.285264e-01	5.567174e-01	-8.967349e-01	-9.768939e-01	8.015896e-02
5.700000e-01	-5.287499e-01	5.569337e-01	-8.969294e-01	-9.772146e-01	8.028516e-02
5.710000e-01	-5.289738e-01	5.571561e-01	-8.971494e-01	-9.775485e-01	8.039915e-02
5.720000e-01	-5.292111e-01	5.573954e-01	-8.973249e-01	-9.778735e-01	8.054863e-02
5.730000e-01	-5.294418e-01	5.576259e-01	-8.975267e-01	-9.782051e-01	8.067845e-02
5.740000e-01	-5.296575e-01	5.578412e-01	-8.976484e-01	-9.784817e-01	8.083332e-02
5.750000e-01	-5.298819e-01	5.580667e-01	-8.978025e-01	-9.787831e-01	8.098063e-02
5.760000e-01	-5.301259e-01	5.583135e-01	-8.979364e-01	-9.790941e-01	8.115771e-02
5.770000e-01	-5.303795e-01	5.585730e-01	-8.981126e-01	-9.794357e-01	8.132317e-02
5.780000e-01	-5.306634e-01	5.588671e-01	-8.982885e-01	-9.798076e-01	8.151915e-02
5.790000e-01	-5.309676e-01	5.591860e-01	-8.985237e-01	-9.802294e-01	8.170574e-02
5.800000e-01	-5.312925e-01	5.595222e-01	-8.987736e-01	-9.806793e-01	8.190571e-02
5.810000e-01	-5.316225e-01	5.598610e-01	-8.990829e-01	-9.811640e-01	8.208108e-02
5.820000e-01	-5.319480e-01	5.601927e-01	-8.993607e-01	-9.816284e-01	8.226770e-02
5.830000e-01	-5.322737e-01	5.605266e-01	-8.996764e-01	-9.821118e-01	8.243547e-02
5.840000e-01	-5.325749e-01	5.608331e-01	-8.999268e-01	-9.825383e-01	8.261151e-02
5.850000e-01	-5.328291e-01	5.610929e-01	-9.001388e-01	-9.828985e-01	8.275975e-02
5.860000e-01	-5.330616e-01	5.613331e-01	-9.002875e-01	-9.832054e-01	8.291785e-02
5.870000e-01	-5.332700e-01	5.615447e-01	-9.004314e-01	-9.834857e-01	8.305432e-02
5.880000e-01	-5.334591e-01	5.617354e-01	-9.005373e-01	-9.837277e-01	8.319045e-02
5.890000e-01	-5.336369e-01	5.619131e-01	-9.006562e-01	-9.839650e-01	8.330876e-02
5.900000e-01	-5.338122e-01	5.620877e-01	-9.007390e-01	-9.841817e-01	8.344266e-02
5.910000e-01	-5.339569e-01	5.622275e-01	-9.008106e-01	-9.843622e-01	8.355157e-02
5.920000e-01	-5.340963e-01	5.623611e-01	-9.008458e-01	-9.845192e-01	8.367339e-02
5.930000e-01	-5.342332e-01	5.624865e-01	-9.009210e-01	-9.846937e-01	8.377269e-02
5.940000e-01	-5.343636e-01	5.626040e-01	-9.009630e-01	-9.848450e-01	8.388206e-02
5.950000e-01	-5.344885e-01	5.627142e-01	-9.010369e-01	-9.850070e-01	8.397006e-02
5.960000e-01	-5.346015e-01	5.628161e-01	-9.010575e-01	-9.851302e-01	8.407272e-02
5.970000e-01	-5.346958e-01	5.628997e-01	-9.010860e-01	-9.852388e-01	8.415277e-02
5.980000e-01	-5.348001e-01	5.630036e-01	-9.010970e-01	-9.853486e-01	8.425160e-02
5.990000e-01	-5.349183e-01	5.631175e-01	-9.011774e-01	-9.855069e-01	8.432957e-02
6.000000e-01	-5.350460e-01	5.632499e-01	-9.012556e-01	-9.856738e-01	8.441816e-02
6.010000e-01	-5.351934e-01	5.634000e-01	-9.014088e-01	-9.858978e-01	8.448901e-02
6.020000e-01	-5.353549e-01	5.635696e-01	-9.015720e-01	-9.861409e-01	8.456895e-02
6.030000e-01	-5.355334e-01	5.637513e-01	-9.018280e-01	-9.864474e-01	8.461942e-02
6.040000e-01	-5.357095e-01	5.639394e-01	-9.020690e-01	-9.867439e-01	8.467498e-02
6.050000e-01	-5.358794e-01	5.641142e-01	-9.023687e-01	-9.870638e-01	8.469511e-02
6.060000e-01	-5.360354e-01	5.642852e-01	-9.026008e-01	-9.873357e-01	8.473498e-02
6.070000e-01	-5.361507e-01	5.644089e-01	-9.028395e-01	-9.875704e-01	8.473091e-02
6.080000e-01	-5.362455e-01	5.645230e-01	-9.030224e-01	-9.877567e-01	8.473429e-02
6.090000e-01	-5.362909e-01	5.645830e-01	-9.031984e-01	-9.878901e-01	8.469168e-02
6.100000e-01	-5.362846e-01	5.645968e-01	-9.032810e-01	-9.879251e-01	8.464407e-02
6.110000e-01	-5.362197e-01	5.645388e-01	-9.033366e-01	-9.878880e-01	8.455136e-02
6.120000e-01	-5.361486e-01	5.644781e-01	-9.033805e-01	-9.878389e-01	8.445837e-02
6.130000e-01	-5.360610e-01	5.643938e-01	-9.034440e-01	-9.877830e-01	8.433901e-02
6.140000e-01	-5.359657e-01	5.643076e-01	-9.034774e-01	-9.877044e-01	8.422705e-02
6.150000e-01	-5.358810e-01	5.642296e-01	-9.035661e-01	-9.876641e-01	8.409800e-02
6.160000e-01	-5.357822e-01	5.641416e-01	-9.036126e-01	-9.875885e-01	8.397588e-02
6.170000e-01	-5.356776e-01	5.640370e-01	-9.037093e-01	-9.875323e-01	8.382292e-02
6.180000e-01	-5.355499e-01	5.639117e-01	-9.037352e-01	-9.874175e-01	8.368225e-02
6.190000e-01	-5.354149e-01	5.637685e-01	-9.037884e-01	-9.873091e-01	8.352072e-02
6.200000e-01	-5.352573e-01	5.636063e-01	-9.037591e-01	-9.871368e-01	8.337778e-02
6.210000e-01	-5.350550e-01	5.633985e-01	-9.036458e-01	-9.868779e-01	8.323210e-02
6.220000e-01	-5.348299e-01	5.631731e-01	-9.034458e-01	-9.865528e-01	8.310698e-02
6.230000e-01	-5.345833e-01	5.629187e-01	-9.032165e-01	-9.861915e-01	8.297502e-02
6.240000e-01	-5.343760e-01	5.627117e-01	-9.030114e-01	-9.858817e-01	8.287033e-02
6.250000e-01	-5.341744e-01	5.625019e-01	-9.028250e-01	-9.855869e-01	8.276186e-02
6.260000e-01	-5.339672e-01	5.622895e-01	-9.025856e-01	-9.852600e-01	8.267443e-02
6.270000e-01	-5.337668e-01	5.620770e-01	-9.023639e-01	-9.849487e-01	8.258485e-02
6.280000e-01	-5.335494e-01	5.618575e-01	-9.020357e-01	-9.845673e-01	8.253152e-02
6.290000e-01	-5.333819e-01	5.616826e-01	-9.017880e-01	-9.842759e-01	8.248785e-02
6.300000e-01	-5.331943e-01	5.614951e-01	-9.014588e-01	-9.839237e-01	8.246491e-02
6.310000e-01	-5.330617e-01	5.613529e-01	-9.012341e-01	-9.836788e-01	8.244467e-02
6.320000e-01	-5.329353e-01	5.612228e-01	-9.009954e-01	-9.834330e-01	8.243755e-02
6.330000e-01	-5.328510e-01	5.611251e-01	-9.008457e-01	-9.832738e-01	8.242815e-02
6.340000e-01	-5.327725e-01	5.610407e-01	-9.006899e-01	-9.831174e-01	8.242751e-02
6.350000e-01	-5.327431e-01	5.609977e-01	-9.006358e-01	-9.830611e-01	8.242521e-02
6.360000e-01	-5.327177e-01	5.609677e-01	-9.005740e-01	-9.830046e-01	8.243066e-02
6.370000e-01	-5.327540e-01	5.609898e-01	-9.006412e-01	-9.830746e-01	8.243342e-02
6.380000e-01	-5.327899e-01	5.610124e-01	-9.006918e-01	-9.831358e-01	8.244397e-02
6.390000e-01	-5.328866e-01	5.610802e-01	-9.009026e-01	-9.833379e-01	8.243526e-02
6.400000e-01	-5.330070e-01	5.611812e-01	-9.011234e-01	-9.835687e-01	8.244534e-02
6.410000e-01	-5.331935e-01	5.613469e-01	-9.014954e-01	-9.839412e-01	8.244576e-02
6.420000e-01	-5.333531e-01	5.615063e-01	-9.017867e-01	-9.842465e-01	8.245980e-02
6.430000e-01	-5.335523e-01	5.617029e-01	-9.021788e-01	-9.846417e-01	8.246294e-02
6.440000e-01	-5.337455e-01	5.619178e-01	-9.025022e-01	-9.849966e-01	8.249437e-02
6.450000e-01	-5.339320e-01	5.621284e-01	-9.028419e-01	-9.853530e-01	8.251110e-02
6.460000e-01	-5.340651e-01	5.623044e-01	-9.030801e-01	-9.856051e-01	8.252500e-02
6.470000e-01	-5.342024e-01	5.624806e-01	-9.033988e-01	-9.859018e-01	8.250299e-02
6.480000e-01	-5.342849e-01	5.626119e-01	-9.036329e-01	-9.861013e-01	8.246843e-02
6.490000e-01	-5.343900e-01	5.627580e-01	-9.039644e-01	-9.863722e-01	8.240776e-02
6.500000e-01	-5.344724e-01	5.628886e-01	-9.042120e-01	-9.865784e-01	8.236639e-02
6.510000e-01	-5.345759e-01	5.630309e-01	-9.045295e-01	-9.868407e-01	8.231118e-02
6.520000e-01	-5.346457e-01	5.631487e-01	-9.047504e-01	-9.870209e-01	8.227051e-02
6.530000e-01	-5.347082e-01	5.632542e-01	-9.049941e-01	-9.872052e-01	8.221115e-02
6.540000e-01	-5.347532e-01	5.633496e-01	-9.051793e-01	-9.873428e-01	8.216356e-02
6.550000e-01	-5.347913e-01	5.634272e-01	-9.054009e-01	-9.874918e-01	8.209087e-02
6.560000e-01	-5.348093e-01	5.634916e-01	-9.055723e-01	-9.875954e-01	8.202312e-02
6.570000e-01	-5.348280e-01	5.635421e-01	-9.057888e-01	-9.877224e-01	8.193365e-02
6.580000e-01	-5.348315e-01	5.635852e-01	-9.059354e-01	-9.877992e-01	8.186381e-02
6.590000e-01	-5.348626e-01	5.636456e-01	-9.061424e-01	-9.879338e-01	8.179135e-02
6.600000e-01	-5.349016e-01	5.637118e-01	-9.063140e-01	-9.880585e-01	8.174458e-02
6.610000e-01	-5.349606e-01	5.637733e-01	-9.065477e-01	-9.882345e-01	8.168675e-02
6.620000e-01	-5.350262e-01	5.638357e-01	-9.067288e-01	-9.883906e-01	8.166180e-02
6.630000e-01	-5.350820e-01	5.638662e-01	-9.069167e-01	-9.885404e-01	8.162365e-02
6.640000e-01	-5.351406e-01	5.639040e-01	-9.070534e-01	-9.886673e-01	8.161391e-02
6.650000e-01	-5.351736e-01	5.639016e-01	-9.071740e-01	-9.887606e-01	8.158657e-02
6.660000e-01	-5.351884e-01	5.638951e-01	-9.072132e-01	-9.887949e-01	8.158178e-02
6.670000e-01	-5.351916e-01	5.638733e-01	-9.072480e-01	-9.888156e-01	8.156762e-02
6.680000e-01	-5.352167e-01	5.638998e-01	-9.072391e-01	-9.888363e-01	8.159719e-02
6.690000e-01	-5.352396e-01	5.639139e-01	-9.072747e-01	-9.888770e-01	8.160228e-02
6.700000e-01	-5.352536e-01	5.639313e-01	-9.072548e-01	-9.888810e-01	8.162620e-02
6.710000e-01	-5.352710e-01	5.639325e-01	-9.073012e-01	-9.889216e-01	8.162038e-02
6.720000e-01	-5.352820e-01	5.639299e-01	-9.072952e-01	-9.889296e-01	8.163441e-02
6.730000e-01	-5.352809e-01	5.638974e-01	-9.073316e-01	-9.889467e-01	8.161508e-02
6.740000e-01	-5.352554e-01	5.638456e-01	-9.072836e-01	-9.888972e-01	8.161358e-02
6.750000e-01	-5.352515e-01	5.638017e-01	-9.072919e-01	-9.888975e-01	8.160556e-02
6.760000e-01	-5.352595e-01	5.637782e-01	-9.072569e-01	-9.888880e-01	8.163104e-02
6.770000e-01	-5.352915e-01	5.637679e-01	-9.072849e-01	-9.889339e-01	8.164905e-02
6.780000e-01	-5.353438e-01	5.637908e-01	-9.072891e-01	-9.889884e-01	8.169927e-02
6.790000e-01	-5.353940e-01	5.638019e-01	-9.073576e-01	-9.890728e-01	8.171518e-02
6.800000e-01	-5.354230e-01	5.637985e-01	-9.073694e-01	-9.891077e-01	8.173829e-02
6.810000e-01	-5.354460e-01	5.637735e-01	-9.074572e-01	-9.891746e-01	8.171743e-02
6.820000e-01	-5.354470e-01	5.637328e-01	-9.074870e-01	-9.891905e-01	8.170345e-02
6.830000e-01	-5.354153e-01	5.636487e-01	-9.075489e-01	-9.891897e-01	8.164082e-02
6.840000e-01	-5.353764e-01	5.635746e-01	-9.075709e-01	-9.891618e-01	8.159090e-02
6.850000e-01	-5.353107e-01	5.634723e-01	-9.076133e-01	-9.891173e-01	8.150406e-02
6.860000e-01	-5.352343e-01	5.633812e-01	-9.076006e-01	-9.890346e-01	8.143403e-02
6.870000e-01	-5.351452e-01	5.632715e-01	-9.076255e-01	-9.889579e-01	8.133241e-02
6.880000e-01	-5.350309e-01	5.631518e-01	-9.075521e-01	-9.888069e-01	8.125484e-02
6.890000e-01	-5.348796e-01	5.629843e-01	-9.074779e-01	-9.886186e-01	8.114069e-02
6.900000e-01	-5.347416e-01	5.628410e-01	-9.073694e-01	-9.884263e-01	8.105690e-02
6.910000e-01	-5.346027e-01	5.626883e-01	-9.073073e-01	-9.882563e-01	8.094903e-02
6.920000e-01	-5.344788e-01	5.625685e-01	-9.071944e-01	-9.880760e-01	8.088160e-02
6.930000e-01	-5.343824e-01	5.624667e-01	-9.071789e-01	-9.879718e-01	8.079294e-02
6.940000e-01	-5.342838e-01	5.623736e-01	-9.071097e-01	-9.878386e-01	8.072893e-02
6.950000e-01	-5.341701e-01	5.622508e-01	-9.070948e-01	-9.877175e-01	8.062264e-02
6.960000e-01	-5.340369e-01	5.621189e-01	-9.070078e-01	-9.875408e-01	8.053301e-02
6.970000e-01	-5.338872e-01	5.619638e-01	-9.069269e-01	-9.873506e-01	8.042373e-02
6.980000e-01	-5.337246e-01	5.618103e-01	-9.067477e-01	-9.870984e-01	8.035070e-02
6.990000e-01	-5.335730e-01	5.616552e-01	-9.066222e-01	-9.868841e-01	8.026183e-02
7.000000e-01	-5.334304e-01	5.615180e-01	-9.064424e-01	-9.866516e-01	8.020917e-02
7.010000e-01	-5.333167e-01	5.613971e-01	-9.063506e-01	-9.864921e-01	8.014143e-02
7.020000e-01	-5.332392e-01	5.613196e-01	-9.062454e-01	-9.863619e-01	8.011651e-02
7.030000e-01	-5.331615e-01	5.612317e-01	-9.061793e-01	-9.862511e-01	8.007186e-02
7.040000e-01	-5.331003e-01	5.611694e-01	-9.060640e-01	-9.861323e-01	8.006826e-02
7.050000e-01	-5.330429e-01	5.610965e-01	-9.060036e-01	-9.860446e-01	8.004108e-02
7.060000e-01	-5.329966e-01	5.610405e-01	-9.059130e-01	-9.859531e-01	8.004007e-02
7.070000e-01	-5.329561e-01	5.609746e-01	-9.058929e-01	-9.859026e-01	8.000967e-02
7.080000e-01	-5.329403e-01	5.609399e-01	-9.058608e-01	-9.858707e-01	8.000991e-02
7.090000e-01	-5.329197e-01	5.608952e-01	-9.058671e-01	-9.858532e-01	7.998612e-02
7.100000e-01	-5.329133e-01	5.608775e-01	-9.058123e-01	-9.858195e-01	8.000717e-02
7.110000e-01	-5.329254e-01	5.608750e-01	-9.058093e-01	-9.858301e-01	8.002078e-02
7.120000e-01	-5.329711e-01	5.609219e-01	-9.057560e-01	-9.858491e-01	8.009311e-02
7.130000e-01	-5.330289e-01	5.609774e-01	-9.057621e-01	-9.859099e-01	8.014780e-02
7.140000e-01	-5.331188e-01	5.610746e-01	-9.057597e-01	-9.859987e-01	8.023901e-02
7.150000e-01	-5.331865e-01	5.611398e-01	-9.057914e-01	-9.860822e-01	8.029082e-02
7.160000e-01	-5.332539e-01	5.612069e-01	-9.058025e-01	-9.861551e-01	8.035265e-02
7.170000e-01	-5.333095e-01	5.612437e-01	-9.058826e-01	-9.862508e-01	8.036819e-02
7.180000e-01	-5.333796e-01	5.612960e-01	-9.059422e-01	-9.863507e-01	8.040852e-02
7.190000e-01	-5.334490e-01	5.613386e-01	-9.060643e-01	-9.864811e-01	8.041686e-02
7.200000e-01	-5.335558e-01	5.614281e-01	-9.061625e-01	-9.866370e-01	8.047454e-02
7.210000e-01	-5.336460e-01	5.614965e-01	-9.062803e-01	-9.867862e-01	8.050586e-02
7.220000e-01	-5.337369e-01	5.615765e-01	-9.063321e-01	-9.869029e-01	8.057084e-02
7.230000e-01	-5.338188e-01	5.616440e-01	-9.064259e-01	-9.870318e-01	8.060586e-02
7.240000e-01	-5.338927e-01	5.617139e-01	-9.064721e-01	-9.871288e-01	8.065662e-02
7.250000e-01	-5.339058e-01	5.617175e-01	-9.065131e-01	-9.871624e-01	8.064929e-02
7.260000e-01	-5.339091e-01	5.617181e-01	-9.065071e-01	-9.871627e-01	8.065560e-02
7.270000e-01	-5.338742e-01	5.616754e-01	-9.064946e-01	-9.871215e-01	8.062685e-02
7.280000e-01	-5.338518e-01	5.616547e-01	-9.064332e-01	-9.870684e-01	8.063521e-02
7.290000e-01	-5.338148e-01	5.616209e-01	-9.063885e-01	-9.870091e-01	8.062057e-02
7.300000e-01	-5.338126e-01	5.616283e-01	-9.063436e-01	-9.869844e-01	8.064084e-02
7.310000e-01	-5.337762e-01	5.615993e-01	-9.063089e-01	-9.869307e-01	8.062179e-02
7.320000e-01	-5.337202e-01	5.615535e-01	-9.062091e-01	-9.868247e-01	8.061564e-02
7.330000e-01	-5.336337e-01	5.614750e-01	-9.061285e-01	-9.866980e-01	8.056943e-02
7.340000e-01	-5.335641e-01	5.614170e-01	-9.060304e-01	-9.865793e-01	8.054891e-02
7.350000e-01	-5.334472e-01	5.613089e-01	-9.059174e-01	-9.864059e-01	8.048853e-02
7.360000e-01	-5.333619e-01	5.612333e-01	-9.057934e-01	-9.862586e-01	8.046516e-02
7.370000e-01	-5.332559e-01	5.611324e-01	-9.056791e-01	-9.860955e-01	8.041634e-02
7.380000e-01	-5.331566e-01	5.610392e-01	-9.055287e-01	-9.859209e-01	8.039223e-02
7.390000e-01	-5.330243e-01	5.609111e-01	-9.053768e-01	-9.857127e-01	8.033586e-02
7.400000e-01	-5.329128e-01	5.608062e-01	-9.052016e-01	-9.855136e-01	8.031201e-02
7.410000e-01	-5.327824e-01	5.606750e-01	-9.050475e-01	-9.853062e-01	8.025867e-02
7.420000e-01	-5.326502e-01	5.605442e-01	-9.048270e-01	-9.850637e-01	8.023666e-02
7.430000e-01	-5.325086e-01	5.604016e-01	-9.046275e-01	-9.848224e-01	8.019488e-02
7.440000e-01	-5.323736e-01	5.602655e-01	-9.043837e-01	-9.845655e-01	8.018171e-02
7.450000e-01	-5.322118e-01	5.600955e-01	-9.041434e-01	-9.842835e-01	8.014010e-02
7.460000e-01	-5.320617e-01	5.599391e-01	-9.038691e-01	-9.839962e-01	8.012713e-02
7.470000e-01	-5.318784e-01	5.597414e-01	-9.035929e-01	-9.836749e-01	8.008201e-02
7.480000e-01	-5.317385e-01	5.595934e-01	-9.033140e-01	-9.833955e-01	8.008154e-02
7.490000e-01	-5.315824e-01	5.594239e-01	-9.030551e-01	-9.831100e-01	8.005486e-02
7.500000e-01	-5.314624e-01	5.592950e-01	-9.027827e-01	-9.828538e-01	8.007104e-02
7.510000e-01	-5.313124e-01	5.591297e-01	-9.025242e-01	-9.825745e-01	8.005033e-02
7.520000e-01	-5.311751e-01	5.589814e-01	-9.022275e-01	-9.822889e-01	8.006140e-02
7.530000e-01	-5.309946e-01	5.587824e-01	-9.019166e-01	-9.819529e-01	8.003633e-02
7.540000e-01	-5.308634e-01	5.586421e-01	-9.016129e-01	-9.816698e-01	8.005695e-02
7.550000e-01	-5.307372e-01	5.585043e-01	-9.013527e-01	-9.814136e-01	8.006090e-02
7.560000e-01	-5.306460e-01	5.584044e-01	-9.010925e-01	-9.811922e-01	8.009977e-02
7.570000e-01	-5.305298e-01	5.582763e-01	-9.008395e-01	-9.809496e-01	8.011005e-02
7.580000e-01	-5.304353e-01	5.581750e-01	-9.005522e-01	-9.807114e-01	8.015922e-02
7.590000e-01	-5.303188e-01	5.580451e-01	-9.002818e-01	-9.804597e-01	8.017790e-02
7.600000e-01	-5.302242e-01	5.579411e-01	-8.999986e-01	-9.802235e-01	8.022490e-02
7.610000e-01	-5.301026e-01	5.578030e-01	-8.997268e-01	-9.799661e-01	8.023924e-02
7.620000e-01	-5.300087e-01	5.576954e-01	-8.994525e-01	-9.797350e-01	8.028246e-02
7.630000e-01	-5.299068e-01	5.575735e-01	-8.992006e-01	-9.795071e-01	8.030648e-02
7.640000e-01	-5.298131e-01	5.574673e-01	-8.989079e-01	-9.792670e-01	8.035916e-02
7.650000e-01	-5.297089e-01	5.573479e-01	-8.986350e-01	-9.790264e-01	8.039146e-02
7.660000e-01	-5.296164e-01	5.572451e-01	-8.983294e-01	-9.787811e-01	8.045168e-02
7.670000e-01	-5.295276e-01	5.571439e-01	-8.980566e-01	-9.785560e-01	8.049933e-02
7.680000e-01	-5.294614e-01	5.570732e-01	-8.977664e-01	-9.783446e-01	8.057826e-02
7.690000e-01	-5.294007e-01	5.570085e-01	-8.975213e-01	-9.781614e-01	8.064005e-02
7.700000e-01	-5.293480e-01	5.569582e-01	-8.972507e-01	-9.779734e-01	8.072270e-02
7.710000e-01	-5.292953e-01	5.569035e-01	-8.970133e-01	-9.778020e-01	8.078867e-02
7.720000e-01	-5.292508e-01	5.568615e-01	-8.967539e-01	-9.776278e-01	8.087385e-02
7.730000e-01	-5.291837e-01	5.567914e-01	-8.964865e-01	-9.774270e-01	8.094046e-02
7.740000e-01	-5.291229e-01	5.567332e-01	-8.961776e-01	-9.772117e-01	8.103410e-02
7.750000e-01	-5.290633e-01	5.566741e-01	-8.958797e-01	-9.770032e-01	8.112349e-02
7.760000e-01	-5.290241e-01	5.566458e-01	-8.955765e-01	-9.768124e-01	8.123589e-02
7.770000e-01	-5.289848e-01	5.566169e-01	-8.952973e-01	-9.766334e-01	8.133618e-02
7.780000e-01	-5.289549e-01	5.566067e-01	-8.949896e-01	-9.764497e-01	8.146004e-02
7.790000e-01	-5.289100e-01	5.565768e-01	-8.947065e-01	-9.762633e-01	8.155673e-02
7.800000e-01	-5.288746e-01	5.565668e-01	-8.943976e-01	-9.760734e-01	8.167580e-02
7.810000e-01	-5.288467e-01	5.565588e-01	-8.941327e-01	-9.759131e-01	8.178034e-02
7.820000e-01	-5.288286e-01	5.565709e-01	-8.938477e-01	-9.757525e-01	8.190475e-02
7.830000e-01	-5.288127e-01	5.565824e-01	-8.935956e-01	-9.756105e-01	8.201495e-02
7.840000e-01	-5.288172e-01	5.566220e-01	-8.933314e-01	-9.754829e-01	8.215148e-02
7.850000e-01	-5.288251e-01	5.566613e-01	-8.930947e-01	-9.753724e-01	8.227775e-02
7.860000e-01	-5.288544e-01	5.567314e-01	-8.928440e-01	-9.752763e-01	8.243237e-02
7.870000e-01	-5.288953e-01	5.568099e-01	-8.926389e-01	-9.752148e-01	8.257587e-02
7.880000e-01	-5.289953e-01	5.569596e-01	-8.924778e-01	-9.752342e-01	8.275639e-02
7.890000e-01	-5.291301e-01	5.571420e-01	-8.924008e-01	-9.753305e-01	8.292968e-02
7.900000e-01	-5.293207e-01	5.573846e-01	-8.923783e-01	-9.755098e-01	8.313155e-02
7.910000e-01	-5.295408e-01	5.576426e-01	-8.924574e-01	-9.757695e-01	8.331213e-02
7.920000e-01	-5.298122e-01	5.579505e-01	-8.926001e-01	-9.761123e-01	8.351222e-02
7.930000e-01	-5.300898e-01	5.582473e-01	-8.928091e-01	-9.764944e-01	8.368527e-02
7.940000e-01	-5.304139e-01	5.585976e-01	-8.930590e-01	-9.769434e-01	8.388438e-02
7.950000e-01	-5.307154e-01	5.589132e-01	-8.933273e-01	-9.773790e-01	8.405169e-02
7.960000e-01	-5.310485e-01	5.592677e-01	-8.936322e-01	-9.778646e-01	8.423236e-02
7.970000e-01	-5.313408e-01	5.595637e-01	-8.939428e-01	-9.783122e-01	8.436942e-02
7.980000e-01	-5.316479e-01	5.598826e-01	-8.942415e-01	-9.787687e-01	8.452721e-02
7.990000e-01	-5.319266e-01	5.601573e-01	-8.945480e-01	-9.792006e-01	8.465264e-02
8.000000e-01	-5.322335e-01	5.604745e-01	-8.948590e-01	-9.796630e-01	8.480397e-02
8.010000e-01	-5.325162e-01	5.607561e-01	-8.951966e-01	-9.801145e-01	8.491793e-02
8.020000e-01	-5.328086e-01	5.610598e-01	-8.955282e-01	-9.805727e-01	8.504450e-02
8.030000e-01	-5.330843e-01	5.613325e-01	-8.958975e-01	-9.810331e-01	8.513561e-02
8.040000e-01	-5.333725e-01	5.616313e-01	-8.962545e-01	-9.814997e-01	8.524522e-02
8.050000e-01	-5.336014e-01	5.618544e-01	-8.965910e-01	-9.818970e-01	8.530591e-02
8.060000e-01	-5.338450e-01	5.620985e-01	-8.969452e-01	-9.823177e-01	8.537242e-02
8.070000e-01	-5.340473e-01	5.622883e-01	-8.973047e-01	-9.826996e-01	8.539490e-02
8.080000e-01	-5.342743e-01	5.625159e-01	-8.976836e-01	-9.831161e-01	8.543254e-02
8.090000e-01	-5.344622e-01	5.626976e-01	-8.980556e-01	-9.834900e-01	8.543445e-02
8.100000e-01	-5.346664e-01	5.629161e-01	-8.984207e-01	-9.838768e-01	8.545611e-02
8.110000e-01	-5.348460e-01	5.631048e-01	-8.988068e-01	-9.842494e-01	8.544261e-02
8.120000e-01	-5.350251e-01	5.633077e-01	-8.991540e-01	-9.846021e-01	8.544811e-02
8.130000e-01	-5.351379e-01	5.634386e-01	-8.994470e-01	-9.848614e-01	8.541436e-02
8.140000e-01	-5.352767e-01	5.636085e-01	-8.997458e-01	-9.851496e-01	8.540379e-02
8.150000e-01	-5.353936e-01	5.637460e-01	-9.000603e-01	-9.854237e-01	8.536341e-02
8.160000e-01	-5.355397e-01	5.639238e-01	-9.003871e-01	-9.857333e-01	8.534615e-02
8.170000e-01	-5.356443e-01	5.640488e-01	-9.006932e-01	-9.859909e-01	8.529767e-02
8.180000e-01	-5.357352e-01	5.641643e-01	-9.009397e-01	-9.862051e-01	8.526539e-02
8.190000e-01	-5.358127e-01	5.642585e-01	-9.011933e-01	-9.864093e-01	8.521600e-02
8.200000e-01	-5.358826e-01	5.643527e-01	-9.013789e-01	-9.865721e-01	8.519319e-02
8.210000e-01	-5.359610e-01	5.644534e-01	-9.015944e-01	-9.867582e-01	8.516378e-02
8.220000e-01	-5.360662e-01	5.645876e-01	-9.018065e-01	-9.869694e-01	8.516289e-02
8.230000e-01	-5.361473e-01	5.646850e-01	-9.020291e-01	-9.871619e-01	8.513277e-02
8.240000e-01	-5.362385e-01	5.647994e-01	-9.022356e-01	-9.873564e-01	8.512072e-02
8.250000e-01	-5.363161e-01	5.648949e-01	-9.024548e-01	-9.875435e-01	8.508864e-02
8.260000e-01	-5.364353e-01	5.650359e-01	-9.027070e-01	-9.877888e-01	8.508184e-02
8.270000e-01	-5.365866e-01	5.652022e-01	-9.030494e-01	-9.881113e-01	8.506192e-02
8.280000e-01	-5.367956e-01	5.654357e-01	-9.034468e-01	-9.885190e-01	8.507220e-02
8.290000e-01	-5.370045e-01	5.656593e-01	-9.038954e-01	-9.889521e-01	8.505678e-02
8.300000e-01	-5.372487e-01	5.659212e-01	-9.043624e-01	-9.894299e-01	8.506746e-02
8.310000e-01	-5.374574e-01	5.661395e-01	-9.048338e-01	-9.898743e-01	8.504053e-02
8.320000e-01	-5.376833e-01	5.663690e-01	-9.053342e-01	-9.903504e-01	8.501623e-02
8.330000e-01	-5.378908e-01	5.665602e-01	-9.058984e-01	-9.908400e-01	8.494156e-02
8.340000e-01	-5.381132e-01	5.667632e-01	-9.064794e-01	-9.913529e-01	8.487351e-02
8.350000e-01	-5.383020e-01	5.669320e-01	-9.070415e-01	-9.918227e-01	8.478124e-02
8.360000e-01	-5.385000e-01	5.671198e-01	-9.075927e-01	-9.922964e-01	8.470364e-02
8.370000e-01	-5.386404e-01	5.672562e-01	-9.080812e-01	-9.926810e-01	8.459979e-02
8.380000e-01	-5.387616e-01	5.673848e-01	-9.085251e-01	-9.930242e-01	8.449909e-02
8.390000e-01	-5.388550e-01	5.674774e-01	-9.090161e-01	-9.933631e-01	8.434699e-02
8.400000e-01	-5.389457e-01	5.675715e-01	-9.094876e-01	-9.936895e-01	8.420187e-02
8.410000e-01	-5.389928e-01	5.676124e-01	-9.099635e-01	-9.939746e-01	8.401108e-02
8.420000e-01	-5.390209e-01	5.676388e-01	-9.103594e-01	-9.942006e-01	8.384118e-02
8.430000e-01	-5.389670e-01	5.675783e-01	-9.106695e-01	-9.943018e-01	8.363226e-02
8.440000e-01	-5.388949e-01	5.675080e-01	-9.108983e-01	-9.943441e-01	8.344575e-02
8.450000e-01	-5.387871e-01	5.673956e-01	-9.111112e-01	-9.943427e-01	8.323149e-02
8.460000e-01	-5.386782e-01	5.672921e-01	-9.112659e-01	-9.943112e-01	8.304527e-02
8.470000e-01	-5.385419e-01	5.671503e-01	-9.114094e-01	-9.942466e-01	8.283718e-02
8.480000e-01	-5.383864e-01	5.669988e-01	-9.114453e-01	-9.941091e-01	8.266374e-02
8.490000e-01	-5.381927e-01	5.667967e-01	-9.114568e-01	-9.939211e-01	8.246429e-02
8.500000e-01	-5.379719e-01	5.665753e-01	-9.113474e-01	-9.936456e-01	8.229826e-02
8.510000e-01	-5.377138e-01	5.663052e-01	-9.111957e-01	-9.933117e-01	8.211597e-02
8.520000e-01	-5.374534e-01	5.660435e-01	-9.109585e-01	-9.929327e-01	8.197419e-02
8.530000e-01	-5.371805e-01	5.657572e-01	-9.107270e-01	-9.925440e-01	8.181696e-02
8.540000e-01	-5.369263e-01	5.654944e-01	-9.104523e-01	-9.921524e-01	8.170012e-02
8.550000e-01	-5.366544e-01	5.652008e-01	-9.101828e-01	-9.917458e-01	8.156301e-02
8.560000e-01	-5.364300e-01	5.649659e-01	-9.099143e-01	-9.913872e-01	8.147288e-02
8.570000e-01	-5.362191e-01	5.647314e-01	-9.096951e-01	-9.910666e-01	8.137151e-02
8.580000e-01	-5.360541e-01	5.645557e-01	-9.094725e-01	-9.907904e-01	8.131784e-02
8.590000e-01	-5.358965e-01	5.643778e-01	-9.092738e-01	-9.905334e-01	8.125958e-02
8.600000e-01	-5.357867e-01	5.642575e-01	-9.090749e-01	-9.903241e-01	8.124924e-02
8.610000e-01	-5.356784e-01	5.641271e-01	-9.089241e-01	-9.901405e-01	8.121637e-02
8.620000e-01	-5.356002e-01	5.640340e-01	-9.087765e-01	-9.899885e-01	8.121192e-02
8.630000e-01	-5.355620e-01	5.639680e-01	-9.087431e-01	-9.899336e-01	8.119045e-02
8.640000e-01	-5.355388e-01	5.639277e-01	-9.086643e-01	-9.898710e-01	8.120669e-02
8.650000e-01	-5.355242e-01	5.638839e-01	-9.086379e-01	-9.898431e-01	8.120522e-02
8.660000e-01	-5.355278e-01	5.638647e-01	-9.085867e-01	-9.898211e-01	8.123439e-02
8.670000e-01	-5.355347e-01	5.638429e-01	-9.085746e-01	-9.898220e-01	8.124742e-02
8.680000e-01	-5.355514e-01	5.638376e-01	-9.085294e-01	-9.898161e-01	8.128674e-02
8.690000e-01	-5.355505e-01	5.638027e-01	-9.085097e-01	-9.898053e-01	8.129563e-02
8.700000e-01	-5.355531e-01	5.637757e-01	-9.084559e-01	-9.897810e-01	8.132508e-02
8.710000e-01	-5.355459e-01	5.637279e-01	-9.084263e-01	-9.897591e-01	8.133276e-02
8.720000e-01	-5.355666e-01	5.637105e-01	-9.083895e-01	-9.897613e-01	8.137180e-02
8.730000e-01	-5.355739e-01	5.636706e-01	-9.083776e-01	-9.897627e-01	8.138516e-02
8.740000e-01	-5.355905e-01	5.636487e-01	-9.083245e-01	-9.897528e-01	8.142828e-02
8.750000e-01	-5.355797e-01	5.635925e-01	-9.082635e-01	-9.897115e-01	8.144798e-02
8.760000e-01	-5.355507e-01	5.635301e-01	-9.081232e-01	-9.896123e-01	8.148913e-02
8.770000e-01	-5.354811e-01	5.634267e-01	-9.079661e-01	-9.894641e-01	8.149803e-02
8.780000e-01	-5.354201e-01	5.633423e-01	-9.077904e-01	-9.893152e-01	8.152488e-02
8.790000e-01	-5.353102e-01	5.632059e-01	-9.075862e-01	-9.891033e-01	8.151714e-02
8.800000e-01	-5.352024e-01	5.630818e-01	-9.073294e-01	-9.888671e-01	8.153774e-02
8.810000e-01	-5.351040e-01	5.629608e-01	-9.071217e-01	-9.886648e-01	8.154313e-02
8.820000e-01	-5.350076e-01	5.628515e-01	-9.068600e-01	-9.884376e-01	8.157764e-02
8.830000e-01	-5.349039e-01	5.627321e-01	-9.066108e-01	-9.882093e-01	8.159845e-02
8.840000e-01	-5.348191e-01	5.626399e-01	-9.063419e-01	-9.879901e-01	8.164817e-02
8.850000e-01	-5.347060e-01	5.625065e-01	-9.060777e-01	-9.877449e-01	8.166718e-02
8.860000e-01	-5.345944e-01	5.623850e-01	-9.057766e-01	-9.874827e-01	8.170610e-02
8.870000e-01	-5.344648e-01	5.622385e-01	-9.054941e-01	-9.872119e-01	8.171777e-02
8.880000e-01	-5.343330e-01	5.621017e-01	-9.051596e-01	-9.869128e-01	8.175323e-02
8.890000e-01	-5.341447e-01	5.618968e-01	-9.047975e-01	-9.865434e-01	8.174592e-02
8.900000e-01	-5.339540e-01	5.616972e-01	-9.043795e-01	-9.861437e-01	8.176418e-02
8.910000e-01	-5.337357e-01	5.614668e-01	-9.039603e-01	-9.857159e-01	8.175554e-02
8.920000e-01	-5.335084e-01	5.612386e-01	-9.034693e-01	-9.852431e-01	8.177379e-02
8.930000e-01	-5.332576e-01	5.609811e-01	-9.029713e-01	-9.847432e-01	8.177195e-02
8.940000e-01	-5.329999e-01	5.607251e-01	-9.023991e-01	-9.841995e-01	8.180041e-02
8.950000e-01	-5.327350e-01	5.604567e-01	-9.018195e-01	-9.836448e-01	8.182531e-02
8.960000e-01	-5.324583e-01	5.601799e-01	-9.011611e-01	-9.830389e-01	8.187777e-02
8.970000e-01	-5.322023e-01	5.599182e-01	-9.005434e-01	-9.824740e-01	8.193055e-02
8.980000e-01	-5.319708e-01	5.596849e-01	-8.998910e-01	-9.819163e-01	8.202532e-02
8.990000e-01	-5.317492e-01	5.594582e-01	-8.992935e-01	-9.813959e-01	8.210245e-02
9.000000e-01	-5.315137e-01	5.592226e-01	-8.986139e-01	-9.808207e-01	8.220671e-02
9.010000e-01	-5.312859e-01	5.589903e-01	-8.979831e-01	-9.802775e-01	8.229436e-02
9.020000e-01	-5.310399e-01	5.587438e-01	-8.972619e-01	-9.796708e-01	8.240897e-02
9.030000e-01	-5.308075e-01	5.585117e-01	-8.965876e-01	-9.791013e-01	8.251365e-02
9.040000e-01	-5.305847e-01	5.582951e-01	-8.959006e-01	-9.785350e-01	8.263444e-02
9.050000e-01	-5.303673e-01	5.580825e-01	-8.952494e-01	-9.779920e-01	8.274255e-02
9.060000e-01	-5.301788e-01	5.579090e-01	-8.946014e-01	-9.774796e-01	8.287812e-02
9.070000e-01	-5.300202e-01	5.577655e-01	-8.940257e-01	-9.770330e-01	8.300732e-02
9.080000e-01	-5.298868e-01	5.576591e-01	-8.934509e-01	-9.766123e-01	8.316138e-02
9.090000e-01	-5.297604e-01	5.575646e-01	-8.929068e-01	-9.762138e-01	8.330700e-02
9.100000e-01	-5.296562e-01	5.575055e-01	-8.923279e-01	-9.758202e-01	8.349223e-02
9.110000e-01	-5.295833e-01	5.574816e-01	-8.918192e-01	-9.754929e-01	8.367373e-02
9.120000e-01	-5.295558e-01	5.575146e-01	-8.913269e-01	-9.752193e-01	8.389236e-02
9.130000e-01	-5.295540e-01	5.575691e-01	-8.909190e-01	-9.750134e-01	8.409448e-02
9.140000e-01	-5.296250e-01	5.577020e-01	-8.905992e-01	-9.749246e-01	8.432536e-02
9.150000e-01	-5.297308e-01	5.578626e-01	-8.903899e-01	-9.749258e-01	8.453586e-02
9.160000e-01	-5.298986e-01	5.580840e-01	-8.902858e-01	-9.750415e-01	8.475571e-02
9.170000e-01	-5.301202e-01	5.583462e-01	-8.903402e-01	-9.752903e-01	8.495011e-02
9.180000e-01	-5.303895e-01	5.586594e-01	-8.904800e-01	-9.756295e-01	8.514952e-02
9.190000e-01	-5.306778e-01	5.589791e-01	-8.907421e-01	-9.760488e-01	8.530679e-02
9.200000e-01	-5.309772e-01	5.593194e-01	-8.910077e-01	-9.764811e-01	8.547338e-02
9.210000e-01	-5.312724e-01	5.596507e-01	-8.913271e-01	-9.769359e-01	8.560885e-02
9.220000e-01	-5.315851e-01	5.600089e-01	-8.916642e-01	-9.774172e-01	8.575295e-02
9.230000e-01	-5.319142e-01	5.603769e-01	-8.921162e-01	-9.779723e-01	8.585616e-02
9.240000e-01	-5.323081e-01	5.608152e-01	-8.926808e-01	-9.786486e-01	8.596772e-02
9.250000e-01	-5.327231e-01	5.612635e-01	-8.933710e-01	-9.794086e-01	8.603764e-02
9.260000e-01	-5.331744e-01	5.617490e-01	-8.941516e-01	-9.802502e-01	8.609863e-02
9.270000e-01	-5.336445e-01	5.622454e-01	-8.950480e-01	-9.811685e-01	8.612053e-02
9.280000e-01	-5.341763e-01	5.628013e-01	-8.960665e-01	-9.822095e-01	8.614301e-02
9.290000e-01	-5.347233e-01	5.633592e-01	-8.971996e-01	-9.833231e-01	8.612355e-02
9.300000e-01	-5.352838e-01	5.639356e-01	-8.983700e-01	-9.844688e-01	8.609882e-02
9.310000e-01	-5.357971e-01	5.644595e-01	-8.995309e-01	-9.855626e-01	8.603171e-02
9.320000e-01	-5.363295e-01	5.650058e-01	-9.007166e-01	-9.866878e-01	8.597122e-02
9.330000e-01	-5.368281e-01	5.655043e-01	-9.019161e-01	-9.877861e-01	8.587001e-02
9.340000e-01	-5.373154e-01	5.660000e-01	-9.030894e-01	-9.888601e-01	8.577071e-02
9.350000e-01	-5.377915e-01	5.664766e-01	-9.043077e-01	-9.899453e-01	8.563767e-02
9.360000e-01	-5.383020e-01	5.669972e-01	-9.055679e-01	-9.910860e-01	8.551804e-02
9.370000e-01	-5.388159e-01	5.675090e-01	-9.069005e-01	-9.922661e-01	8.536560e-02
9.380000e-01	-5.393116e-01	5.680071e-01	-9.081941e-01	-9.934087e-01	8.521455e-02
9.390000e-01	-5.397625e-01	5.684482e-01	-9.094787e-01	-9.945019e-01	8.502318e-02
9.400000e-01	-5.401706e-01	5.688443e-01	-9.106769e-01	-9.955091e-01	8.483216e-02
9.410000e-01	-5.405086e-01	5.691573e-01	-9.117899e-01	-9.964035e-01	8.461363e-02
9.420000e-01	-5.407853e-01	5.694194e-01	-9.127271e-01	-9.971488e-01	8.442173e-02
9.430000e-01	-5.410018e-01	5.696189e-01	-9.135381e-01	-9.977708e-01	8.423270e-02
9.440000e-01	-5.411846e-01	5.698031e-01	-9.141783e-01	-9.982737e-01	8.409542e-02
9.450000e-01	-5.413157e-01	5.699303e-01	-9.147248e-01	-9.986781e-01	8.395331e-02
9.460000e-01	-5.413844e-01	5.700096e-01	-9.150734e-01	-9.989211e-01	8.384768e-02
9.470000e-01	-5.414026e-01	5.700264e-01	-9.153424e-01	-9.990738e-01	8.373140e-02
9.480000e-01	-5.413986e-01	5.700379e-01	-9.154624e-01	-9.991298e-01	8.366737e-02
9.490000e-01	-5.413444e-01	5.699866e-01	-9.155121e-01	-9.991005e-01	8.358840e-02
9.500000e-01	-5.413127e-01	5.699692e-01	-9.155209e-01	-9.990731e-01	8.355226e-02
9.510000e-01	-5.412569e-01	5.699139e-01	-9.155026e-01	-9.990082e-01	8.350561e-02
9.520000e-01	-5.412121e-01	5.698789e-01	-9.154303e-01	-9.989272e-01	8.349693e-02
9.530000e-01	-5.411869e-01	5.698428e-01	-9.154375e-01	-9.989057e-01	8.346815e-02
9.540000e-01	-5.412022e-01	5.698536e-01	-9.154467e-01	-9.989256e-01	8.347887e-02
9.550000e-01	-5.412290e-01	5.698611e-01	-9.155087e-01	-9.989833e-01	8.347466e-02
9.560000e-01	-5.412769e-01	5.699021e-01	-9.155437e-01	-9.990488e-01	8.350506e-02
9.570000e-01	-5.412802e-01	5.698899e-01	-9.155432e-01	-9.990518e-01	8.350863e-02
9.580000e-01	-5.412641e-01	5.698777e-01	-9.154351e-01	-9.989817e-01	8.354654e-02
9.590000e-01	-5.412017e-01	5.698114e-01	-9.152768e-01	-9.988401e-01	8.356328e-02
9.600000e-01	-5.411128e-01	5.697326e-01	-9.150296e-01	-9.986276e-01	8.359802e-02
9.610000e-01	-5.410017e-01	5.696200e-01	-9.148053e-01	-9.984044e-01	8.359909e-02
9.620000e-01	-5.409143e-01	5.695458e-01	-9.145831e-01	-9.982059e-01	8.362275e-02
9.630000e-01	-5.407828e-01	5.694135e-01	-9.143592e-01	-9.979624e-01	8.360322e-02
9.640000e-01	-5.406519e-01	5.692930e-01	-9.141064e-01	-9.977052e-01	8.359872e-02
9.650000e-01	-5.405033e-01	5.691496e-01	-9.138764e-01	-9.974415e-01	8.356507e-02
9.660000e-01	-5.403439e-01	5.690153e-01	-9.135882e-01	-9.971380e-01	8.354983e-02
9.670000e-01	-5.401453e-01	5.688345e-01	-9.132978e-01	-9.967941e-01	8.349639e-02
9.680000e-01	-5.399589e-01	5.686743e-01	-9.129834e-01	-9.964506e-01	8.346719e-02
9.690000e-01	-5.397441e-01	5.684666e-01	-9.126760e-01	-9.960821e-01	8.340610e-02
9.700000e-01	-5.395686e-01	5.683022e-01	-9.123882e-01	-9.957627e-01	8.337450e-02
9.710000e-01	-5.393689e-01	5.680983e-01	-9.120972e-01	-9.954175e-01	8.332029e-02
9.720000e-01	-5.391581e-01	5.678865e-01	-9.117547e-01	-9.950354e-01	8.328075e-02
9.730000e-01	-5.389056e-01	5.676127e-01	-9.113807e-01	-9.945960e-01	8.321525e-02
9.740000e-01	-5.386535e-01	5.673362e-01	-9.109687e-01	-9.941379e-01	8.316919e-02
9.750000e-01	-5.383585e-01	5.670010e-01	-9.105345e-01	-9.936258e-01	8.309128e-02
9.760000e-01	-5.380933e-01	5.667073e-01	-9.100693e-01	-9.931280e-01	8.305870e-02
9.770000e-01	-5.378336e-01	5.664095e-01	-9.096268e-01	-9.926470e-01	8.302021e-02
9.780000e-01	-5.375807e-01	5.661202e-01	-9.091594e-01	-9.921605e-01	8.300103e-02
9.790000e-01	-5.373255e-01	5.658130e-01	-9.087388e-01	-9.916949e-01	8.295607e-02
9.800000e-01	-5.371159e-01	5.655578e-01	-9.083512e-01	-9.912914e-01	8.294026e-02
9.810000e-01	-5.368896e-01	5.652731e-01	-9.079805e-01	-9.908799e-01	8.289940e-02
9.820000e-01	-5.366890e-01	5.650240e-01	-9.076155e-01	-9.904967e-01	8.288123e-02
9.830000e-01	-5.364395e-01	5.647123e-01	-9.072225e-01	-9.900508e-01	8.282828e-02
9.840000e-01	-5.361986e-01	5.644168e-01	-9.067938e-01	-9.895955e-01	8.280167e-02
9.850000e-01	-5.359612e-01	5.641159e-01	-9.063783e-01	-9.891504e-01	8.277204e-02
9.860000e-01	-5.357445e-01	5.638508e-01	-9.059484e-01	-9.887187e-01	8.277025e-02
9.870000e-01	-5.355155e-01	5.635771e-01	-9.055374e-01	-9.882842e-01	8.274682e-02
9.880000e-01	-5.352582e-01	5.632923e-01	-9.050499e-01	-9.877831e-01	8.273323e-02
9.890000e-01	-5.349983e-01	5.629943e-01	-9.045870e-01	-9.872918e-01	8.270480e-02
9.900000e-01	-5.347503e-01	5.627156e-01	-9.040806e-01	-9.867906e-01	8.271005e-02
9.910000e-01	-5.345003e-01	5.624369e-01	-9.036134e-01	-9.863070e-01	8.269359e-02
9.920000e-01	-5.342519e-01	5.621785e-01	-9.031197e-01	-9.858117e-01	8.269200e-02
9.930000e-01	-5.339845e-01	5.618952e-01	-9.026182e-01	-9.852936e-01	8.267540e-02
9.940000e-01	-5.337291e-01	5.616308e-01	-9.020815e-01	-9.847698e-01	8.268831e-02
9.950000e-01	-5.334875e-01	5.613708e-01	-9.015851e-01	-9.842800e-01	8.269490e-02
9.960000e-01	-5.332472e-01	5.611255e-01	-9.010678e-01	-9.837811e-01	8.271336e-02
9.970000e-01	-5.330141e-01	5.608818e-01	-9.006092e-01	-9.833187e-01	8.270945e-02
9.980000e-01	-5.327789e-01	5.606415e-01	-9.001180e-01	-9.828379e-01	8.271992e-02
9.990000e-01	-5.325421e-01	5.603911e-01	-8.996683e-01	-9.823762e-01	8.270790e-02
1.000000e+00	-5.322788e-01	5.601263e-01	-8.991365e-01	-9.818470e-01	8.271056e-02
