# Force coefficients
# liftDir    : (0.000000e+00 1.000000e+00 0.000000e+00)
# dragDir    : (1.000000e+00 0.000000e+00 0.000000e+00)
# pitchAxis  : (0.000000e+00 0.000000e+00 1.000000e+00)
# magUInf    : 5.148000e+01
# lRef       : 4.530000e-01
# Aref       : 4.348800e-01
# CofR       : (0.000000e+00 0.000000e+00 0.000000e+00)
# Time       	Cm           	Cd           	Cl           	Cl(f)        	Cl(r)        	Cm	Cd	Cl	Cl(f)	Cl(r)
1.000000e-03	-1.775838e-03	1.970293e-03	-3.035502e-03	-3.293589e-03	2.580875e-04
2.000000e-03	-1.156322e-02	1.320529e-02	-2.102086e-02	-2.207365e-02	1.052794e-03
3.000000e-03	-1.992130e-02	2.273410e-02	-3.798130e-02	-3.891195e-02	9.306539e-04
4.000000e-03	-2.209842e-02	2.515454e-02	-4.404475e-02	-4.412079e-02	7.604087e-05
5.000000e-03	-2.254587e-02	2.535832e-02	-4.756187e-02	-4.632681e-02	-1.235063e-03
6.000000e-03	-2.339631e-02	2.572704e-02	-5.212375e-02	-4.945819e-02	-2.665562e-03
7.000000e-03	-2.503602e-02	2.680464e-02	-5.822908e-02	-5.415056e-02	-4.078522e-03
8.000000e-03	-2.874444e-02	3.012858e-02	-6.799849e-02	-6.274369e-02	-5.254807e-03
9.000000e-03	-3.393532e-02	3.510895e-02	-8.045295e-02	-7.416180e-02	-6.291152e-03
1.000000e-02	-3.954046e-02	4.062461e-02	-9.362286e-02	-8.635189e-02	-7.270969e-03
1.100000e-02	-4.458449e-02	4.555609e-02	-1.057671e-01	-9.746803e-02	-8.299061e-03
1.200000e-02	-4.937162e-02	5.026736e-02	-1.174461e-01	-1.080947e-01	-9.351410e-03
1.300000e-02	-5.370147e-02	5.450274e-02	-1.283653e-01	-1.178841e-01	-1.048118e-02
1.400000e-02	-5.795496e-02	5.867858e-02	-1.392424e-01	-1.275761e-01	-1.166621e-02
1.500000e-02	-6.314760e-02	6.391099e-02	-1.520409e-01	-1.391680e-01	-1.287283e-02
1.600000e-02	-6.985600e-02	7.077261e-02	-1.680738e-01	-1.538929e-01	-1.418090e-02
1.700000e-02	-7.796228e-02	7.906738e-02	-1.872766e-01	-1.716006e-01	-1.567602e-02
1.800000e-02	-8.697561e-02	8.821397e-02	-2.088229e-01	-1.913871e-01	-1.743584e-02
1.900000e-02	-9.605597e-02	9.728676e-02	-2.311270e-01	-2.116195e-01	-1.950753e-02
2.000000e-02	-1.049309e-01	1.059812e-01	-2.535810e-01	-2.317214e-01	-2.185964e-02
2.100000e-02	-1.133102e-01	1.140322e-01	-2.754092e-01	-2.510148e-01	-2.439441e-02
2.200000e-02	-1.212425e-01	1.215262e-01	-2.965415e-01	-2.695132e-01	-2.702829e-02
2.300000e-02	-1.292499e-01	1.290582e-01	-3.178794e-01	-2.881896e-01	-2.968978e-02
2.400000e-02	-1.379450e-01	1.372613e-01	-3.406823e-01	-3.082862e-01	-3.239610e-02
2.500000e-02	-1.474761e-01	1.463619e-01	-3.650744e-01	-3.300133e-01	-3.506112e-02
2.600000e-02	-1.582662e-01	1.567649e-01	-3.921133e-01	-3.543228e-01	-3.779047e-02
2.700000e-02	-1.700959e-01	1.682616e-01	-4.214407e-01	-3.808162e-01	-4.062449e-02
2.800000e-02	-1.829180e-01	1.807807e-01	-4.531340e-01	-4.094850e-01	-4.364898e-02
2.900000e-02	-1.962337e-01	1.937805e-01	-4.862881e-01	-4.393778e-01	-4.691037e-02
3.000000e-02	-2.097941e-01	2.070113e-01	-5.203698e-01	-4.699790e-01	-5.039076e-02
3.100000e-02	-2.233775e-01	2.202660e-01	-5.547337e-01	-5.007443e-01	-5.398937e-02
3.200000e-02	-2.370979e-01	2.336567e-01	-5.894555e-01	-5.318257e-01	-5.762986e-02
3.300000e-02	-2.511185e-01	2.473535e-01	-6.247203e-01	-5.634786e-01	-6.124170e-02
3.400000e-02	-2.657533e-01	2.616943e-01	-6.610180e-01	-5.962623e-01	-6.475575e-02
3.500000e-02	-2.810367e-01	2.767269e-01	-6.985556e-01	-6.303145e-01	-6.824115e-02
3.600000e-02	-2.970221e-01	2.925336e-01	-7.374960e-01	-6.657701e-01	-7.172592e-02
3.700000e-02	-3.135606e-01	3.089567e-01	-7.775417e-01	-7.023315e-01	-7.521023e-02
3.800000e-02	-3.306476e-01	3.259980e-01	-8.186295e-01	-7.399623e-01	-7.866714e-02
3.900000e-02	-3.483355e-01	3.436875e-01	-8.607740e-01	-7.787225e-01	-8.205146e-02
4.000000e-02	-3.665945e-01	3.619781e-01	-9.038505e-01	-8.185197e-01	-8.533075e-02
4.100000e-02	-3.850900e-01	3.805001e-01	-9.473589e-01	-8.587695e-01	-8.858943e-02
4.200000e-02	-4.037747e-01	3.992207e-01	-9.910352e-01	-8.992923e-01	-9.174288e-02
4.300000e-02	-4.228239e-01	4.182913e-01	-1.035297e+00	-9.404724e-01	-9.482469e-02
4.400000e-02	-4.422572e-01	4.377549e-01	-1.079954e+00	-9.822340e-01	-9.771955e-02
4.500000e-02	-4.619471e-01	4.574998e-01	-1.124634e+00	-1.024264e+00	-1.003697e-01
4.600000e-02	-4.820706e-01	4.777068e-01	-1.169638e+00	-1.066890e+00	-1.027484e-01
4.700000e-02	-5.018143e-01	4.976524e-01	-1.212952e+00	-1.108290e+00	-1.046619e-01
4.800000e-02	-5.211964e-01	5.173054e-01	-1.254701e+00	-1.148547e+00	-1.061543e-01
4.900000e-02	-5.404318e-01	5.369393e-01	-1.295182e+00	-1.188023e+00	-1.071593e-01
5.000000e-02	-5.594513e-01	5.563994e-01	-1.334567e+00	-1.226735e+00	-1.078324e-01
5.100000e-02	-5.781884e-01	5.756182e-01	-1.372847e+00	-1.264612e+00	-1.082353e-01
5.200000e-02	-5.965244e-01	5.944283e-01	-1.410083e+00	-1.301566e+00	-1.085173e-01
5.300000e-02	-6.141839e-01	6.125724e-01	-1.445616e+00	-1.336992e+00	-1.086241e-01
5.400000e-02	-6.308111e-01	6.297016e-01	-1.478630e+00	-1.370126e+00	-1.085041e-01
5.500000e-02	-6.458966e-01	6.453580e-01	-1.507807e+00	-1.399800e+00	-1.080069e-01
5.600000e-02	-6.599199e-01	6.599932e-01	-1.534179e+00	-1.427009e+00	-1.071696e-01
5.700000e-02	-6.727086e-01	6.734434e-01	-1.557431e+00	-1.451424e+00	-1.060070e-01
5.800000e-02	-6.847753e-01	6.861972e-01	-1.578694e+00	-1.474123e+00	-1.045719e-01
5.900000e-02	-6.963243e-01	6.984461e-01	-1.598558e+00	-1.495603e+00	-1.029548e-01
6.000000e-02	-7.076805e-01	7.104595e-01	-1.617916e+00	-1.516638e+00	-1.012773e-01
6.100000e-02	-7.188488e-01	7.222047e-01	-1.636975e+00	-1.537336e+00	-9.963854e-02
6.200000e-02	-7.298712e-01	7.336789e-01	-1.656032e+00	-1.557887e+00	-9.814465e-02
6.300000e-02	-7.407734e-01	7.448961e-01	-1.675247e+00	-1.578397e+00	-9.685015e-02
6.400000e-02	-7.515886e-01	7.558702e-01	-1.694766e+00	-1.598972e+00	-9.579443e-02
6.500000e-02	-7.624952e-01	7.667898e-01	-1.715012e+00	-1.620001e+00	-9.501103e-02
6.600000e-02	-7.734934e-01	7.776412e-01	-1.736152e+00	-1.641570e+00	-9.458266e-02
6.700000e-02	-7.844435e-01	7.883230e-01	-1.757896e+00	-1.663392e+00	-9.450461e-02
6.800000e-02	-7.949738e-01	7.984574e-01	-1.779658e+00	-1.684803e+00	-9.485537e-02
6.900000e-02	-8.052181e-01	8.082079e-01	-1.801638e+00	-1.706037e+00	-9.560087e-02
7.000000e-02	-8.150639e-01	8.174624e-01	-1.823610e+00	-1.726869e+00	-9.674089e-02
7.100000e-02	-8.245716e-01	8.263300e-01	-1.845494e+00	-1.747318e+00	-9.817523e-02
7.200000e-02	-8.339592e-01	8.350227e-01	-1.867581e+00	-1.767750e+00	-9.983138e-02
7.300000e-02	-8.432873e-01	8.436179e-01	-1.889803e+00	-1.788189e+00	-1.016142e-01
7.400000e-02	-8.525897e-01	8.521291e-01	-1.912191e+00	-1.808685e+00	-1.035057e-01
7.500000e-02	-8.620012e-01	8.607018e-01	-1.935063e+00	-1.829532e+00	-1.055301e-01
7.600000e-02	-8.713665e-01	8.691512e-01	-1.958249e+00	-1.850491e+00	-1.077580e-01
7.700000e-02	-8.809130e-01	8.777086e-01	-1.982179e+00	-1.872002e+00	-1.101764e-01
7.800000e-02	-8.904618e-01	8.861812e-01	-2.006476e+00	-1.893700e+00	-1.127762e-01
7.900000e-02	-9.002031e-01	8.948006e-01	-2.031313e+00	-1.915859e+00	-1.154533e-01
8.000000e-02	-9.101785e-01	9.036606e-01	-2.056540e+00	-1.938449e+00	-1.180917e-01
8.100000e-02	-9.204216e-01	9.128445e-01	-2.082045e+00	-1.961444e+00	-1.206008e-01
8.200000e-02	-9.314794e-01	9.229154e-01	-2.108741e+00	-1.985850e+00	-1.228911e-01
8.300000e-02	-9.433857e-01	9.339118e-01	-2.136713e+00	-2.011742e+00	-1.249710e-01
8.400000e-02	-9.556004e-01	9.452693e-01	-2.165127e+00	-2.038164e+00	-1.269631e-01
8.500000e-02	-9.673139e-01	9.561369e-01	-2.192668e+00	-2.063648e+00	-1.290200e-01
8.600000e-02	-9.788134e-01	9.668153e-01	-2.219955e+00	-2.088791e+00	-1.311640e-01
8.700000e-02	-9.898778e-01	9.770736e-01	-2.246685e+00	-2.113221e+00	-1.334649e-01
8.800000e-02	-1.000541e+00	9.869931e-01	-2.272819e+00	-2.136950e+00	-1.358686e-01
8.900000e-02	-1.009556e+00	9.953314e-01	-2.296240e+00	-2.157676e+00	-1.385636e-01
9.000000e-02	-1.017138e+00	1.002215e+00	-2.317589e+00	-2.175932e+00	-1.416562e-01
9.100000e-02	-1.023596e+00	1.007925e+00	-2.337381e+00	-2.192286e+00	-1.450951e-01
9.200000e-02	-1.028644e+00	1.012129e+00	-2.355041e+00	-2.206164e+00	-1.488769e-01
9.300000e-02	-1.031692e+00	1.014267e+00	-2.369261e+00	-2.216323e+00	-1.529379e-01
9.400000e-02	-1.032536e+00	1.014141e+00	-2.379299e+00	-2.222186e+00	-1.571130e-01
9.500000e-02	-1.032485e+00	1.013154e+00	-2.386901e+00	-2.225936e+00	-1.609656e-01
9.600000e-02	-1.032606e+00	1.012419e+00	-2.393731e+00	-2.229471e+00	-1.642600e-01
9.700000e-02	-1.033909e+00	1.013024e+00	-2.401419e+00	-2.234618e+00	-1.668008e-01
9.800000e-02	-1.037017e+00	1.015567e+00	-2.411201e+00	-2.242617e+00	-1.685832e-01
9.900000e-02	-1.041958e+00	1.019999e+00	-2.423343e+00	-2.253629e+00	-1.697139e-01
1.000000e-01	-1.048245e+00	1.025731e+00	-2.437321e+00	-2.266906e+00	-1.704154e-01
1.010000e-01	-1.055511e+00	1.032381e+00	-2.452678e+00	-2.281850e+00	-1.708280e-01
1.020000e-01	-1.063506e+00	1.039732e+00	-2.469093e+00	-2.298052e+00	-1.710407e-01
1.030000e-01	-1.072158e+00	1.047819e+00	-2.486288e+00	-2.315302e+00	-1.709862e-01
1.040000e-01	-1.081208e+00	1.056484e+00	-2.503666e+00	-2.333041e+00	-1.706247e-01
1.050000e-01	-1.091080e+00	1.066294e+00	-2.521760e+00	-2.351961e+00	-1.697999e-01
1.060000e-01	-1.102240e+00	1.077809e+00	-2.541311e+00	-2.372896e+00	-1.684152e-01
1.070000e-01	-1.114394e+00	1.090651e+00	-2.561995e+00	-2.395391e+00	-1.666040e-01
1.080000e-01	-1.126814e+00	1.103948e+00	-2.582948e+00	-2.418288e+00	-1.646604e-01
1.090000e-01	-1.138715e+00	1.116796e+00	-2.603107e+00	-2.440269e+00	-1.628382e-01
1.100000e-01	-1.149933e+00	1.128983e+00	-2.622359e+00	-2.461113e+00	-1.612461e-01
1.110000e-01	-1.160153e+00	1.140188e+00	-2.640108e+00	-2.480207e+00	-1.599008e-01
1.120000e-01	-1.169349e+00	1.150385e+00	-2.656336e+00	-2.497517e+00	-1.588190e-01
1.130000e-01	-1.177315e+00	1.159359e+00	-2.670672e+00	-2.512652e+00	-1.580206e-01
1.140000e-01	-1.183980e+00	1.167011e+00	-2.682978e+00	-2.525469e+00	-1.575089e-01
1.150000e-01	-1.189344e+00	1.173348e+00	-2.693111e+00	-2.535900e+00	-1.572113e-01
1.160000e-01	-1.193707e+00	1.178650e+00	-2.701476e+00	-2.544445e+00	-1.570313e-01
1.170000e-01	-1.197320e+00	1.183158e+00	-2.708519e+00	-2.551580e+00	-1.569391e-01
1.180000e-01	-1.200185e+00	1.186898e+00	-2.714128e+00	-2.557249e+00	-1.568788e-01
1.190000e-01	-1.202396e+00	1.189973e+00	-2.718392e+00	-2.561592e+00	-1.567995e-01
1.200000e-01	-1.204155e+00	1.192622e+00	-2.721518e+00	-2.564914e+00	-1.566038e-01
1.210000e-01	-1.205550e+00	1.194905e+00	-2.723710e+00	-2.567405e+00	-1.563046e-01
1.220000e-01	-1.206918e+00	1.197154e+00	-2.725557e+00	-2.569696e+00	-1.558608e-01
1.230000e-01	-1.208393e+00	1.199469e+00	-2.727355e+00	-2.572070e+00	-1.552846e-01
1.240000e-01	-1.210305e+00	1.202202e+00	-2.729484e+00	-2.575047e+00	-1.544372e-01
1.250000e-01	-1.212771e+00	1.205453e+00	-2.732266e+00	-2.578903e+00	-1.533621e-01
1.260000e-01	-1.215933e+00	1.209350e+00	-2.735983e+00	-2.583925e+00	-1.520579e-01
1.270000e-01	-1.219654e+00	1.213772e+00	-2.740468e+00	-2.589888e+00	-1.505799e-01
1.280000e-01	-1.223957e+00	1.218751e+00	-2.745807e+00	-2.596861e+00	-1.489461e-01
1.290000e-01	-1.228480e+00	1.223911e+00	-2.751508e+00	-2.604234e+00	-1.472734e-01
1.300000e-01	-1.233255e+00	1.229352e+00	-2.757430e+00	-2.611970e+00	-1.454601e-01
1.310000e-01	-1.238114e+00	1.234905e+00	-2.763332e+00	-2.619780e+00	-1.435519e-01
1.320000e-01	-1.243386e+00	1.240917e+00	-2.769735e+00	-2.628254e+00	-1.414818e-01
1.330000e-01	-1.249030e+00	1.247340e+00	-2.776595e+00	-2.637328e+00	-1.392673e-01
1.340000e-01	-1.255200e+00	1.254336e+00	-2.784142e+00	-2.647271e+00	-1.368704e-01
1.350000e-01	-1.261757e+00	1.261714e+00	-2.792361e+00	-2.657937e+00	-1.344235e-01
1.360000e-01	-1.268675e+00	1.269439e+00	-2.801283e+00	-2.669316e+00	-1.319668e-01
1.370000e-01	-1.275653e+00	1.277173e+00	-2.810576e+00	-2.680941e+00	-1.296350e-01
1.380000e-01	-1.282663e+00	1.284877e+00	-2.820223e+00	-2.692774e+00	-1.274486e-01
1.390000e-01	-1.289470e+00	1.292318e+00	-2.829922e+00	-2.704431e+00	-1.254909e-01
1.400000e-01	-1.296147e+00	1.299617e+00	-2.839652e+00	-2.715973e+00	-1.236786e-01
1.410000e-01	-1.302588e+00	1.306649e+00	-2.849306e+00	-2.727241e+00	-1.220656e-01
1.420000e-01	-1.308748e+00	1.313396e+00	-2.858703e+00	-2.738100e+00	-1.206030e-01
1.430000e-01	-1.314429e+00	1.319633e+00	-2.867620e+00	-2.748239e+00	-1.193806e-01
1.440000e-01	-1.319704e+00	1.325431e+00	-2.876124e+00	-2.757766e+00	-1.183577e-01
1.450000e-01	-1.324508e+00	1.330685e+00	-2.884172e+00	-2.766594e+00	-1.175778e-01
1.460000e-01	-1.328917e+00	1.335477e+00	-2.891856e+00	-2.774845e+00	-1.170110e-01
1.470000e-01	-1.332948e+00	1.339784e+00	-2.899280e+00	-2.782588e+00	-1.166920e-01
1.480000e-01	-1.336654e+00	1.343673e+00	-2.906462e+00	-2.789885e+00	-1.165768e-01
1.490000e-01	-1.340008e+00	1.347122e+00	-2.913390e+00	-2.796703e+00	-1.166869e-01
1.500000e-01	-1.343048e+00	1.350182e+00	-2.920029e+00	-2.803063e+00	-1.169665e-01
1.510000e-01	-1.345896e+00	1.352964e+00	-2.926626e+00	-2.809209e+00	-1.174173e-01
1.520000e-01	-1.348717e+00	1.355659e+00	-2.933416e+00	-2.815424e+00	-1.179913e-01
1.530000e-01	-1.351601e+00	1.358322e+00	-2.940612e+00	-2.821907e+00	-1.187048e-01
1.540000e-01	-1.354646e+00	1.361071e+00	-2.948304e+00	-2.828798e+00	-1.195058e-01
1.550000e-01	-1.357929e+00	1.363963e+00	-2.956698e+00	-2.836278e+00	-1.204199e-01
1.560000e-01	-1.361533e+00	1.367101e+00	-2.965871e+00	-2.844469e+00	-1.214025e-01
1.570000e-01	-1.365410e+00	1.370420e+00	-2.975812e+00	-2.853316e+00	-1.224961e-01
1.580000e-01	-1.369511e+00	1.373905e+00	-2.986384e+00	-2.862703e+00	-1.236812e-01
1.590000e-01	-1.373786e+00	1.377472e+00	-2.997567e+00	-2.872569e+00	-1.249977e-01
1.600000e-01	-1.378248e+00	1.381168e+00	-3.009290e+00	-2.882893e+00	-1.263970e-01
1.610000e-01	-1.382897e+00	1.384980e+00	-3.021609e+00	-2.893701e+00	-1.279078e-01
1.620000e-01	-1.387764e+00	1.388962e+00	-3.034462e+00	-2.904995e+00	-1.294676e-01
1.630000e-01	-1.392862e+00	1.393110e+00	-3.047914e+00	-2.916819e+00	-1.310949e-01
1.640000e-01	-1.398248e+00	1.397507e+00	-3.061981e+00	-2.929239e+00	-1.327424e-01
1.650000e-01	-1.404001e+00	1.402207e+00	-3.076900e+00	-2.942451e+00	-1.344492e-01
1.660000e-01	-1.410082e+00	1.407187e+00	-3.092547e+00	-2.956355e+00	-1.361913e-01
1.670000e-01	-1.416471e+00	1.412403e+00	-3.108977e+00	-2.970960e+00	-1.380173e-01
1.680000e-01	-1.423272e+00	1.417990e+00	-3.126285e+00	-2.986415e+00	-1.398706e-01
1.690000e-01	-1.430498e+00	1.423932e+00	-3.144607e+00	-3.002801e+00	-1.418059e-01
1.700000e-01	-1.438162e+00	1.430274e+00	-3.163870e+00	-3.020097e+00	-1.437728e-01
1.710000e-01	-1.446218e+00	1.436950e+00	-3.184102e+00	-3.038269e+00	-1.458329e-01
1.720000e-01	-1.454726e+00	1.444046e+00	-3.205337e+00	-3.057395e+00	-1.479427e-01
1.730000e-01	-1.463706e+00	1.451566e+00	-3.227688e+00	-3.077550e+00	-1.501375e-01
1.740000e-01	-1.473054e+00	1.459442e+00	-3.250796e+00	-3.098452e+00	-1.523440e-01
1.750000e-01	-1.482620e+00	1.467512e+00	-3.274469e+00	-3.119854e+00	-1.546143e-01
1.760000e-01	-1.492211e+00	1.475598e+00	-3.298283e+00	-3.141352e+00	-1.569309e-01
1.770000e-01	-1.501506e+00	1.483360e+00	-3.321820e+00	-3.162416e+00	-1.594038e-01
1.780000e-01	-1.510219e+00	1.490553e+00	-3.344288e+00	-3.182363e+00	-1.619251e-01
1.790000e-01	-1.518204e+00	1.497028e+00	-3.365499e+00	-3.200954e+00	-1.645450e-01
1.800000e-01	-1.525455e+00	1.502830e+00	-3.385096e+00	-3.218003e+00	-1.670931e-01
1.810000e-01	-1.531991e+00	1.507970e+00	-3.403078e+00	-3.233530e+00	-1.695476e-01
1.820000e-01	-1.537905e+00	1.512575e+00	-3.419337e+00	-3.247573e+00	-1.717637e-01
1.830000e-01	-1.543066e+00	1.516476e+00	-3.433886e+00	-3.260009e+00	-1.738770e-01
1.840000e-01	-1.547501e+00	1.519693e+00	-3.446889e+00	-3.270946e+00	-1.759435e-01
1.850000e-01	-1.551311e+00	1.522289e+00	-3.458730e+00	-3.280676e+00	-1.780546e-01
1.860000e-01	-1.554758e+00	1.524545e+00	-3.469810e+00	-3.289663e+00	-1.801472e-01
1.870000e-01	-1.557963e+00	1.526581e+00	-3.480265e+00	-3.298095e+00	-1.821699e-01
1.880000e-01	-1.560938e+00	1.528447e+00	-3.489991e+00	-3.305934e+00	-1.840570e-01
1.890000e-01	-1.563602e+00	1.530054e+00	-3.498863e+00	-3.313033e+00	-1.858296e-01
1.900000e-01	-1.566063e+00	1.531553e+00	-3.506975e+00	-3.319550e+00	-1.874249e-01
1.910000e-01	-1.568328e+00	1.532947e+00	-3.514400e+00	-3.325528e+00	-1.888719e-01
1.920000e-01	-1.570471e+00	1.534336e+00	-3.521218e+00	-3.331080e+00	-1.901376e-01
1.930000e-01	-1.572428e+00	1.535631e+00	-3.527443e+00	-3.336150e+00	-1.912932e-01
1.940000e-01	-1.574215e+00	1.536870e+00	-3.533051e+00	-3.340741e+00	-1.923103e-01
1.950000e-01	-1.575736e+00	1.537930e+00	-3.538018e+00	-3.344745e+00	-1.932726e-01
1.960000e-01	-1.577044e+00	1.538891e+00	-3.542324e+00	-3.348206e+00	-1.941173e-01
1.970000e-01	-1.578050e+00	1.539653e+00	-3.545890e+00	-3.350995e+00	-1.948950e-01
1.980000e-01	-1.578828e+00	1.540312e+00	-3.548754e+00	-3.353205e+00	-1.955488e-01
1.990000e-01	-1.579327e+00	1.540791e+00	-3.550933e+00	-3.354794e+00	-1.961393e-01
2.000000e-01	-1.579593e+00	1.541140e+00	-3.552463e+00	-3.355825e+00	-1.966387e-01
2.010000e-01	-1.579520e+00	1.541214e+00	-3.553305e+00	-3.356172e+00	-1.971322e-01
2.020000e-01	-1.579152e+00	1.541064e+00	-3.553474e+00	-3.355889e+00	-1.975853e-01
2.030000e-01	-1.578434e+00	1.540615e+00	-3.552958e+00	-3.354913e+00	-1.980453e-01
2.040000e-01	-1.577459e+00	1.539971e+00	-3.551827e+00	-3.353373e+00	-1.984548e-01
2.050000e-01	-1.576192e+00	1.539075e+00	-3.550123e+00	-3.351254e+00	-1.988689e-01
2.060000e-01	-1.574739e+00	1.538036e+00	-3.547947e+00	-3.348713e+00	-1.992340e-01
2.070000e-01	-1.573089e+00	1.536817e+00	-3.545398e+00	-3.345788e+00	-1.996107e-01
2.080000e-01	-1.571351e+00	1.535529e+00	-3.542599e+00	-3.342650e+00	-1.999488e-01
2.090000e-01	-1.569517e+00	1.534149e+00	-3.539580e+00	-3.339308e+00	-2.002726e-01
2.100000e-01	-1.567707e+00	1.532792e+00	-3.536483e+00	-3.335949e+00	-2.005338e-01
2.110000e-01	-1.565885e+00	1.531407e+00	-3.533311e+00	-3.332540e+00	-2.007707e-01
2.120000e-01	-1.564224e+00	1.530172e+00	-3.530286e+00	-3.329368e+00	-2.009189e-01
2.130000e-01	-1.562696e+00	1.529051e+00	-3.527408e+00	-3.326400e+00	-2.010081e-01
2.140000e-01	-1.561433e+00	1.528174e+00	-3.524844e+00	-3.323855e+00	-2.009889e-01
2.150000e-01	-1.560379e+00	1.527473e+00	-3.522585e+00	-3.321671e+00	-2.009137e-01
2.160000e-01	-1.559614e+00	1.527035e+00	-3.520667e+00	-3.319948e+00	-2.007192e-01
2.170000e-01	-1.559161e+00	1.526871e+00	-3.519208e+00	-3.318765e+00	-2.004428e-01
2.180000e-01	-1.559044e+00	1.527017e+00	-3.518164e+00	-3.318126e+00	-2.000380e-01
2.190000e-01	-1.559322e+00	1.527522e+00	-3.517739e+00	-3.318191e+00	-1.995477e-01
2.200000e-01	-1.559973e+00	1.528386e+00	-3.517783e+00	-3.318865e+00	-1.989184e-01
2.210000e-01	-1.561024e+00	1.529621e+00	-3.518466e+00	-3.320257e+00	-1.982086e-01
2.220000e-01	-1.562422e+00	1.531190e+00	-3.519641e+00	-3.322243e+00	-1.973986e-01
2.230000e-01	-1.564154e+00	1.533069e+00	-3.521412e+00	-3.324860e+00	-1.965516e-01
2.240000e-01	-1.566205e+00	1.535253e+00	-3.523684e+00	-3.328047e+00	-1.956372e-01
2.250000e-01	-1.568492e+00	1.537668e+00	-3.526344e+00	-3.331664e+00	-1.946803e-01
2.260000e-01	-1.570960e+00	1.540275e+00	-3.529198e+00	-3.335559e+00	-1.936385e-01
2.270000e-01	-1.573509e+00	1.542979e+00	-3.532103e+00	-3.339560e+00	-1.925427e-01
2.280000e-01	-1.576158e+00	1.545806e+00	-3.535050e+00	-3.343683e+00	-1.913669e-01
2.290000e-01	-1.578794e+00	1.548650e+00	-3.537859e+00	-3.347723e+00	-1.901351e-01
2.300000e-01	-1.581409e+00	1.551503e+00	-3.540532e+00	-3.351676e+00	-1.888567e-01
2.310000e-01	-1.583906e+00	1.554276e+00	-3.542929e+00	-3.355371e+00	-1.875582e-01
2.320000e-01	-1.586283e+00	1.556967e+00	-3.545057e+00	-3.358811e+00	-1.862459e-01
2.330000e-01	-1.588440e+00	1.559474e+00	-3.546768e+00	-3.361824e+00	-1.849442e-01
2.340000e-01	-1.590392e+00	1.561808e+00	-3.548103e+00	-3.364443e+00	-1.836593e-01
2.350000e-01	-1.592022e+00	1.563840e+00	-3.548862e+00	-3.366453e+00	-1.824092e-01
2.360000e-01	-1.593405e+00	1.565647e+00	-3.549181e+00	-3.367995e+00	-1.811857e-01
2.370000e-01	-1.594422e+00	1.567106e+00	-3.548861e+00	-3.368853e+00	-1.800080e-01
2.380000e-01	-1.595211e+00	1.568359e+00	-3.548129e+00	-3.369275e+00	-1.788540e-01
2.390000e-01	-1.595687e+00	1.569306e+00	-3.546827e+00	-3.369101e+00	-1.777262e-01
2.400000e-01	-1.595995e+00	1.570098e+00	-3.545208e+00	-3.368599e+00	-1.766086e-01
2.410000e-01	-1.596087e+00	1.570661e+00	-3.543198e+00	-3.367686e+00	-1.755121e-01
2.420000e-01	-1.596084e+00	1.571132e+00	-3.541022e+00	-3.366595e+00	-1.744266e-01
2.430000e-01	-1.595929e+00	1.571433e+00	-3.538554e+00	-3.365206e+00	-1.733473e-01
2.440000e-01	-1.595721e+00	1.571681e+00	-3.535964e+00	-3.363703e+00	-1.722607e-01
2.450000e-01	-1.595458e+00	1.571846e+00	-3.533244e+00	-3.362080e+00	-1.711642e-01
2.460000e-01	-1.595254e+00	1.572067e+00	-3.530593e+00	-3.360550e+00	-1.700424e-01
2.470000e-01	-1.595080e+00	1.572287e+00	-3.527996e+00	-3.359078e+00	-1.689185e-01
2.480000e-01	-1.595076e+00	1.572670e+00	-3.525678e+00	-3.357915e+00	-1.677636e-01
2.490000e-01	-1.595226e+00	1.573169e+00	-3.523668e+00	-3.357059e+00	-1.666081e-01
2.500000e-01	-1.595667e+00	1.573952e+00	-3.522163e+00	-3.356749e+00	-1.654143e-01
2.510000e-01	-1.596361e+00	1.574946e+00	-3.521133e+00	-3.356927e+00	-1.642057e-01
2.520000e-01	-1.597360e+00	1.576237e+00	-3.520627e+00	-3.357673e+00	-1.629535e-01
2.530000e-01	-1.598609e+00	1.577729e+00	-3.520653e+00	-3.358936e+00	-1.617172e-01
2.540000e-01	-1.600132e+00	1.579482e+00	-3.521213e+00	-3.360738e+00	-1.604747e-01
2.550000e-01	-1.601882e+00	1.581411e+00	-3.522294e+00	-3.363030e+00	-1.592647e-01
2.560000e-01	-1.603920e+00	1.583619e+00	-3.523944e+00	-3.365892e+00	-1.580522e-01
2.570000e-01	-1.606192e+00	1.586009e+00	-3.526143e+00	-3.369263e+00	-1.568796e-01
2.580000e-01	-1.608731e+00	1.588658e+00	-3.528887e+00	-3.373175e+00	-1.557123e-01
2.590000e-01	-1.611482e+00	1.591470e+00	-3.532131e+00	-3.377547e+00	-1.545842e-01
2.600000e-01	-1.614400e+00	1.594453e+00	-3.535735e+00	-3.382268e+00	-1.534671e-01
2.610000e-01	-1.617407e+00	1.597477e+00	-3.539639e+00	-3.387226e+00	-1.524128e-01
2.620000e-01	-1.620442e+00	1.600528e+00	-3.543681e+00	-3.392282e+00	-1.513982e-01
2.630000e-01	-1.623415e+00	1.603470e+00	-3.547795e+00	-3.397312e+00	-1.504825e-01
2.640000e-01	-1.626287e+00	1.606326e+00	-3.551838e+00	-3.402206e+00	-1.496315e-01
2.650000e-01	-1.629017e+00	1.609000e+00	-3.555783e+00	-3.406908e+00	-1.488746e-01
2.660000e-01	-1.631602e+00	1.611561e+00	-3.559508e+00	-3.411356e+00	-1.481522e-01
2.670000e-01	-1.634008e+00	1.613938e+00	-3.563018e+00	-3.415517e+00	-1.475014e-01
2.680000e-01	-1.636220e+00	1.616181e+00	-3.566151e+00	-3.419295e+00	-1.468559e-01
2.690000e-01	-1.638189e+00	1.618195e+00	-3.568914e+00	-3.422646e+00	-1.462682e-01
2.700000e-01	-1.639898e+00	1.620013e+00	-3.571156e+00	-3.425476e+00	-1.456798e-01
2.710000e-01	-1.641295e+00	1.621517e+00	-3.572917e+00	-3.427753e+00	-1.451637e-01
2.720000e-01	-1.642422e+00	1.622801e+00	-3.574159e+00	-3.429501e+00	-1.446580e-01
2.730000e-01	-1.643155e+00	1.623679e+00	-3.574819e+00	-3.430565e+00	-1.442547e-01
2.740000e-01	-1.643602e+00	1.624312e+00	-3.574918e+00	-3.431061e+00	-1.438573e-01
2.750000e-01	-1.643678e+00	1.624555e+00	-3.574473e+00	-3.430915e+00	-1.435584e-01
2.760000e-01	-1.643523e+00	1.624616e+00	-3.573556e+00	-3.430301e+00	-1.432556e-01
2.770000e-01	-1.642989e+00	1.624286e+00	-3.572047e+00	-3.429013e+00	-1.430345e-01
2.780000e-01	-1.642283e+00	1.623837e+00	-3.570130e+00	-3.427349e+00	-1.427817e-01
2.790000e-01	-1.641312e+00	1.623110e+00	-3.567792e+00	-3.425208e+00	-1.425835e-01
2.800000e-01	-1.640265e+00	1.622350e+00	-3.565211e+00	-3.422870e+00	-1.423406e-01
2.810000e-01	-1.639005e+00	1.621358e+00	-3.562319e+00	-3.420164e+00	-1.421550e-01
2.820000e-01	-1.637725e+00	1.620380e+00	-3.559297e+00	-3.417374e+00	-1.419234e-01
2.830000e-01	-1.636319e+00	1.619247e+00	-3.556137e+00	-3.414388e+00	-1.417491e-01
2.840000e-01	-1.634879e+00	1.618105e+00	-3.552861e+00	-3.411310e+00	-1.415514e-01
2.850000e-01	-1.633335e+00	1.616835e+00	-3.549494e+00	-3.408082e+00	-1.414121e-01
2.860000e-01	-1.631787e+00	1.615582e+00	-3.546071e+00	-3.404823e+00	-1.412483e-01
2.870000e-01	-1.630197e+00	1.614263e+00	-3.542658e+00	-3.401526e+00	-1.411324e-01
2.880000e-01	-1.628682e+00	1.613040e+00	-3.539316e+00	-3.398340e+00	-1.409760e-01
2.890000e-01	-1.627204e+00	1.611836e+00	-3.536095e+00	-3.395252e+00	-1.408432e-01
2.900000e-01	-1.625879e+00	1.610803e+00	-3.533066e+00	-3.392413e+00	-1.406538e-01
2.910000e-01	-1.624605e+00	1.609794e+00	-3.530208e+00	-3.389709e+00	-1.404989e-01
2.920000e-01	-1.623486e+00	1.608946e+00	-3.527599e+00	-3.387286e+00	-1.403128e-01
2.930000e-01	-1.622363e+00	1.608053e+00	-3.525100e+00	-3.384913e+00	-1.401872e-01
2.940000e-01	-1.621361e+00	1.607282e+00	-3.522825e+00	-3.382773e+00	-1.400520e-01
2.950000e-01	-1.620280e+00	1.606391e+00	-3.520553e+00	-3.380556e+00	-1.399965e-01
2.960000e-01	-1.619268e+00	1.605570e+00	-3.518418e+00	-3.378477e+00	-1.399407e-01
2.970000e-01	-1.618169e+00	1.604627e+00	-3.516264e+00	-3.376301e+00	-1.399628e-01
2.980000e-01	-1.617143e+00	1.603762e+00	-3.514241e+00	-3.374264e+00	-1.399773e-01
2.990000e-01	-1.616031e+00	1.602778e+00	-3.512179e+00	-3.372121e+00	-1.400582e-01
3.000000e-01	-1.615018e+00	1.601900e+00	-3.510281e+00	-3.370158e+00	-1.401225e-01
3.010000e-01	-1.613956e+00	1.600941e+00	-3.508393e+00	-3.368153e+00	-1.402407e-01
3.020000e-01	-1.613010e+00	1.600106e+00	-3.506678e+00	-3.366349e+00	-1.403296e-01
3.030000e-01	-1.611973e+00	1.599147e+00	-3.504913e+00	-3.364430e+00	-1.404833e-01
3.040000e-01	-1.610973e+00	1.598228e+00	-3.503199e+00	-3.362573e+00	-1.406261e-01
3.050000e-01	-1.609858e+00	1.597156e+00	-3.501394e+00	-3.360555e+00	-1.408390e-01
3.060000e-01	-1.608785e+00	1.596134e+00	-3.499634e+00	-3.358602e+00	-1.410321e-01
3.070000e-01	-1.607608e+00	1.594971e+00	-3.497798e+00	-3.356507e+00	-1.412911e-01
3.080000e-01	-1.606473e+00	1.593859e+00	-3.495995e+00	-3.354471e+00	-1.415242e-01
3.090000e-01	-1.605218e+00	1.592597e+00	-3.494068e+00	-3.352252e+00	-1.418159e-01
3.100000e-01	-1.603999e+00	1.591384e+00	-3.492162e+00	-3.350080e+00	-1.420817e-01
3.110000e-01	-1.602677e+00	1.590045e+00	-3.490132e+00	-3.347743e+00	-1.423883e-01
3.120000e-01	-1.601405e+00	1.588776e+00	-3.488140e+00	-3.345475e+00	-1.426649e-01
3.130000e-01	-1.600031e+00	1.587382e+00	-3.486036e+00	-3.343049e+00	-1.429873e-01
3.140000e-01	-1.598683e+00	1.586036e+00	-3.483951e+00	-3.340659e+00	-1.432922e-01
3.150000e-01	-1.597188e+00	1.584520e+00	-3.481696e+00	-3.338036e+00	-1.436594e-01
3.160000e-01	-1.595679e+00	1.583010e+00	-3.479390e+00	-3.335374e+00	-1.440156e-01
3.170000e-01	-1.594037e+00	1.581336e+00	-3.476949e+00	-3.332511e+00	-1.444376e-01
3.180000e-01	-1.592378e+00	1.579661e+00	-3.474449e+00	-3.329603e+00	-1.448461e-01
3.190000e-01	-1.590603e+00	1.577854e+00	-3.471809e+00	-3.326508e+00	-1.453012e-01
3.200000e-01	-1.588857e+00	1.576101e+00	-3.469161e+00	-3.323437e+00	-1.457234e-01
3.210000e-01	-1.587056e+00	1.574281e+00	-3.466452e+00	-3.320282e+00	-1.461701e-01
3.220000e-01	-1.585319e+00	1.572535e+00	-3.463801e+00	-3.317219e+00	-1.465814e-01
3.230000e-01	-1.583507e+00	1.570677e+00	-3.461097e+00	-3.314055e+00	-1.470415e-01
3.240000e-01	-1.581745e+00	1.568870e+00	-3.458461e+00	-3.310976e+00	-1.474849e-01
3.250000e-01	-1.579962e+00	1.567008e+00	-3.455837e+00	-3.307880e+00	-1.479564e-01
3.260000e-01	-1.578260e+00	1.565237e+00	-3.453316e+00	-3.304918e+00	-1.483978e-01
3.270000e-01	-1.576574e+00	1.563454e+00	-3.450861e+00	-3.302004e+00	-1.488561e-01
3.280000e-01	-1.574959e+00	1.561751e+00	-3.448517e+00	-3.299218e+00	-1.492995e-01
3.290000e-01	-1.573398e+00	1.560079e+00	-3.446303e+00	-3.296549e+00	-1.497536e-01
3.300000e-01	-1.571947e+00	1.558535e+00	-3.444241e+00	-3.294067e+00	-1.501736e-01
3.310000e-01	-1.570600e+00	1.557073e+00	-3.442383e+00	-3.291791e+00	-1.505916e-01
3.320000e-01	-1.569385e+00	1.555758e+00	-3.440717e+00	-3.289743e+00	-1.509737e-01
3.330000e-01	-1.568274e+00	1.554518e+00	-3.439275e+00	-3.287912e+00	-1.513630e-01
3.340000e-01	-1.567292e+00	1.553416e+00	-3.438025e+00	-3.286305e+00	-1.517202e-01
3.350000e-01	-1.566418e+00	1.552394e+00	-3.437011e+00	-3.284924e+00	-1.520871e-01
3.360000e-01	-1.565675e+00	1.551516e+00	-3.436191e+00	-3.283771e+00	-1.524204e-01
3.370000e-01	-1.565043e+00	1.550731e+00	-3.435596e+00	-3.282842e+00	-1.527547e-01
3.380000e-01	-1.564561e+00	1.550117e+00	-3.435214e+00	-3.282168e+00	-1.530462e-01
3.390000e-01	-1.564208e+00	1.549614e+00	-3.435079e+00	-3.281747e+00	-1.533315e-01
3.400000e-01	-1.564014e+00	1.549290e+00	-3.435181e+00	-3.281604e+00	-1.535764e-01
3.410000e-01	-1.563924e+00	1.549047e+00	-3.435501e+00	-3.281675e+00	-1.538261e-01
3.420000e-01	-1.563951e+00	1.548934e+00	-3.435994e+00	-3.281947e+00	-1.540461e-01
3.430000e-01	-1.564042e+00	1.548860e+00	-3.436654e+00	-3.282369e+00	-1.542852e-01
3.440000e-01	-1.564231e+00	1.548898e+00	-3.437465e+00	-3.282963e+00	-1.545017e-01
3.450000e-01	-1.564446e+00	1.548938e+00	-3.438373e+00	-3.283633e+00	-1.547401e-01
3.460000e-01	-1.564737e+00	1.549071e+00	-3.439386e+00	-3.284429e+00	-1.549562e-01
3.470000e-01	-1.565036e+00	1.549194e+00	-3.440468e+00	-3.285270e+00	-1.551978e-01
3.480000e-01	-1.565418e+00	1.549422e+00	-3.441647e+00	-3.286241e+00	-1.554060e-01
3.490000e-01	-1.565782e+00	1.549618e+00	-3.442842e+00	-3.287203e+00	-1.556392e-01
3.500000e-01	-1.566197e+00	1.549890e+00	-3.444080e+00	-3.288237e+00	-1.558433e-01
3.510000e-01	-1.566575e+00	1.550110e+00	-3.445304e+00	-3.289227e+00	-1.560765e-01
3.520000e-01	-1.566983e+00	1.550382e+00	-3.446529e+00	-3.290247e+00	-1.562816e-01
3.530000e-01	-1.567337e+00	1.550585e+00	-3.447722e+00	-3.291198e+00	-1.565235e-01
3.540000e-01	-1.567692e+00	1.550811e+00	-3.448856e+00	-3.292120e+00	-1.567363e-01
3.550000e-01	-1.567993e+00	1.550967e+00	-3.449961e+00	-3.292973e+00	-1.569874e-01
3.560000e-01	-1.568294e+00	1.551145e+00	-3.450997e+00	-3.293792e+00	-1.572051e-01
3.570000e-01	-1.568546e+00	1.551261e+00	-3.452002e+00	-3.294547e+00	-1.574544e-01
3.580000e-01	-1.568806e+00	1.551407e+00	-3.452946e+00	-3.295279e+00	-1.576673e-01
3.590000e-01	-1.569019e+00	1.551492e+00	-3.453869e+00	-3.295954e+00	-1.579152e-01
3.600000e-01	-1.569236e+00	1.551600e+00	-3.454726e+00	-3.296599e+00	-1.581264e-01
3.610000e-01	-1.569420e+00	1.551658e+00	-3.455578e+00	-3.297209e+00	-1.583690e-01
3.620000e-01	-1.569611e+00	1.551742e+00	-3.456370e+00	-3.297796e+00	-1.585741e-01
3.630000e-01	-1.569782e+00	1.551791e+00	-3.457187e+00	-3.298376e+00	-1.588117e-01
3.640000e-01	-1.569979e+00	1.551886e+00	-3.457963e+00	-3.298961e+00	-1.590022e-01
3.650000e-01	-1.570175e+00	1.551964e+00	-3.458785e+00	-3.299567e+00	-1.592181e-01
3.660000e-01	-1.570408e+00	1.552098e+00	-3.459592e+00	-3.300204e+00	-1.593881e-01
3.670000e-01	-1.570655e+00	1.552231e+00	-3.460471e+00	-3.300891e+00	-1.595809e-01
3.680000e-01	-1.570945e+00	1.552424e+00	-3.461350e+00	-3.301619e+00	-1.597302e-01
3.690000e-01	-1.571243e+00	1.552611e+00	-3.462295e+00	-3.302390e+00	-1.599044e-01
3.700000e-01	-1.571592e+00	1.552867e+00	-3.463253e+00	-3.303219e+00	-1.600343e-01
3.710000e-01	-1.571948e+00	1.553115e+00	-3.464267e+00	-3.304082e+00	-1.601853e-01
3.720000e-01	-1.572358e+00	1.553437e+00	-3.465298e+00	-3.305007e+00	-1.602909e-01
3.730000e-01	-1.572755e+00	1.553735e+00	-3.466338e+00	-3.305924e+00	-1.604144e-01
3.740000e-01	-1.573197e+00	1.554099e+00	-3.467398e+00	-3.306896e+00	-1.605022e-01
3.750000e-01	-1.573637e+00	1.554451e+00	-3.468483e+00	-3.307879e+00	-1.606043e-01
3.760000e-01	-1.574116e+00	1.554860e+00	-3.469568e+00	-3.308899e+00	-1.606682e-01
3.770000e-01	-1.574566e+00	1.555230e+00	-3.470649e+00	-3.309890e+00	-1.607587e-01
3.780000e-01	-1.575028e+00	1.555634e+00	-3.471686e+00	-3.310871e+00	-1.608150e-01
3.790000e-01	-1.575470e+00	1.556008e+00	-3.472718e+00	-3.311829e+00	-1.608891e-01
3.800000e-01	-1.575929e+00	1.556421e+00	-3.473722e+00	-3.312791e+00	-1.609317e-01
3.810000e-01	-1.576342e+00	1.556780e+00	-3.474673e+00	-3.313678e+00	-1.609948e-01
3.820000e-01	-1.576740e+00	1.557146e+00	-3.475540e+00	-3.314510e+00	-1.610293e-01
3.830000e-01	-1.577094e+00	1.557460e+00	-3.476361e+00	-3.315274e+00	-1.610861e-01
3.840000e-01	-1.577429e+00	1.557775e+00	-3.477082e+00	-3.315970e+00	-1.611121e-01
3.850000e-01	-1.577703e+00	1.558022e+00	-3.477734e+00	-3.316570e+00	-1.611642e-01
3.860000e-01	-1.577947e+00	1.558257e+00	-3.478282e+00	-3.317089e+00	-1.611936e-01
3.870000e-01	-1.578146e+00	1.558441e+00	-3.478772e+00	-3.317532e+00	-1.612399e-01
3.880000e-01	-1.578338e+00	1.558638e+00	-3.479179e+00	-3.317928e+00	-1.612515e-01
3.890000e-01	-1.578493e+00	1.558791e+00	-3.479559e+00	-3.318273e+00	-1.612858e-01
3.900000e-01	-1.578609e+00	1.558920e+00	-3.479808e+00	-3.318513e+00	-1.612952e-01
3.910000e-01	-1.578674e+00	1.558994e+00	-3.479992e+00	-3.318670e+00	-1.613214e-01
3.920000e-01	-1.578714e+00	1.559057e+00	-3.480070e+00	-3.318749e+00	-1.613209e-01
3.930000e-01	-1.578715e+00	1.559074e+00	-3.480104e+00	-3.318767e+00	-1.613373e-01
3.940000e-01	-1.578687e+00	1.559078e+00	-3.480025e+00	-3.318700e+00	-1.613250e-01
3.950000e-01	-1.578653e+00	1.559067e+00	-3.479951e+00	-3.318629e+00	-1.613218e-01
3.960000e-01	-1.578616e+00	1.559068e+00	-3.479809e+00	-3.318520e+00	-1.612888e-01
3.970000e-01	-1.578556e+00	1.559039e+00	-3.479648e+00	-3.318380e+00	-1.612674e-01
3.980000e-01	-1.578493e+00	1.559018e+00	-3.479427e+00	-3.318206e+00	-1.612205e-01
3.990000e-01	-1.578421e+00	1.558980e+00	-3.479212e+00	-3.318027e+00	-1.611847e-01
4.000000e-01	-1.578368e+00	1.558974e+00	-3.478969e+00	-3.317853e+00	-1.611161e-01
4.010000e-01	-1.578304e+00	1.558947e+00	-3.478733e+00	-3.317671e+00	-1.610627e-01
4.020000e-01	-1.578251e+00	1.558942e+00	-3.478466e+00	-3.317484e+00	-1.609825e-01
4.030000e-01	-1.578205e+00	1.558936e+00	-3.478225e+00	-3.317318e+00	-1.609071e-01
4.040000e-01	-1.578189e+00	1.558971e+00	-3.477984e+00	-3.317181e+00	-1.608035e-01
4.050000e-01	-1.578166e+00	1.558989e+00	-3.477761e+00	-3.317047e+00	-1.607142e-01
4.060000e-01	-1.578167e+00	1.559042e+00	-3.477534e+00	-3.316934e+00	-1.605999e-01
4.070000e-01	-1.578183e+00	1.559098e+00	-3.477356e+00	-3.316861e+00	-1.604951e-01
4.080000e-01	-1.578223e+00	1.559193e+00	-3.477174e+00	-3.316810e+00	-1.603642e-01
4.090000e-01	-1.578271e+00	1.559283e+00	-3.477039e+00	-3.316791e+00	-1.602485e-01
4.100000e-01	-1.578330e+00	1.559397e+00	-3.476881e+00	-3.316770e+00	-1.601107e-01
4.110000e-01	-1.578395e+00	1.559504e+00	-3.476761e+00	-3.316776e+00	-1.599856e-01
4.120000e-01	-1.578493e+00	1.559660e+00	-3.476656e+00	-3.316821e+00	-1.598352e-01
4.130000e-01	-1.578584e+00	1.559794e+00	-3.476580e+00	-3.316875e+00	-1.597056e-01
4.140000e-01	-1.578680e+00	1.559946e+00	-3.476475e+00	-3.316918e+00	-1.595579e-01
4.150000e-01	-1.578774e+00	1.560083e+00	-3.476398e+00	-3.316973e+00	-1.594252e-01
4.160000e-01	-1.578874e+00	1.560242e+00	-3.476289e+00	-3.317019e+00	-1.592703e-01
4.170000e-01	-1.578961e+00	1.560371e+00	-3.476197e+00	-3.317060e+00	-1.591372e-01
4.180000e-01	-1.579046e+00	1.560515e+00	-3.476065e+00	-3.317079e+00	-1.589863e-01
4.190000e-01	-1.579120e+00	1.560632e+00	-3.475952e+00	-3.317096e+00	-1.588557e-01
4.200000e-01	-1.579202e+00	1.560774e+00	-3.475815e+00	-3.317109e+00	-1.587054e-01
4.210000e-01	-1.579265e+00	1.560880e+00	-3.475692e+00	-3.317111e+00	-1.585813e-01
4.220000e-01	-1.579315e+00	1.560988e+00	-3.475506e+00	-3.317068e+00	-1.584381e-01
4.230000e-01	-1.579343e+00	1.561058e+00	-3.475329e+00	-3.317007e+00	-1.583213e-01
4.240000e-01	-1.579376e+00	1.561149e+00	-3.475120e+00	-3.316936e+00	-1.581843e-01
4.250000e-01	-1.579378e+00	1.561191e+00	-3.474902e+00	-3.316828e+00	-1.580733e-01
4.260000e-01	-1.579377e+00	1.561247e+00	-3.474652e+00	-3.316703e+00	-1.579484e-01
4.270000e-01	-1.579357e+00	1.561265e+00	-3.474404e+00	-3.316559e+00	-1.578444e-01
4.280000e-01	-1.579360e+00	1.561321e+00	-3.474159e+00	-3.316440e+00	-1.577197e-01
4.290000e-01	-1.579329e+00	1.561323e+00	-3.473910e+00	-3.316284e+00	-1.576254e-01
4.300000e-01	-1.579303e+00	1.561345e+00	-3.473635e+00	-3.316121e+00	-1.575142e-01
4.310000e-01	-1.579260e+00	1.561330e+00	-3.473371e+00	-3.315945e+00	-1.574257e-01
4.320000e-01	-1.579244e+00	1.561360e+00	-3.473121e+00	-3.315804e+00	-1.573164e-01
4.330000e-01	-1.579205e+00	1.561344e+00	-3.472879e+00	-3.315644e+00	-1.572346e-01
4.340000e-01	-1.579188e+00	1.561367e+00	-3.472643e+00	-3.315509e+00	-1.571340e-01
4.350000e-01	-1.579171e+00	1.561369e+00	-3.472456e+00	-3.315399e+00	-1.570564e-01
4.360000e-01	-1.579186e+00	1.561421e+00	-3.472284e+00	-3.315328e+00	-1.569556e-01
4.370000e-01	-1.579184e+00	1.561431e+00	-3.472134e+00	-3.315251e+00	-1.568833e-01
4.380000e-01	-1.579204e+00	1.561481e+00	-3.471996e+00	-3.315203e+00	-1.567939e-01
4.390000e-01	-1.579215e+00	1.561499e+00	-3.471885e+00	-3.315158e+00	-1.567275e-01
4.400000e-01	-1.579258e+00	1.561568e+00	-3.471798e+00	-3.315157e+00	-1.566417e-01
4.410000e-01	-1.579297e+00	1.561610e+00	-3.471761e+00	-3.315178e+00	-1.565832e-01
4.420000e-01	-1.579364e+00	1.561698e+00	-3.471737e+00	-3.315233e+00	-1.565042e-01
4.430000e-01	-1.579424e+00	1.561757e+00	-3.471742e+00	-3.315295e+00	-1.564474e-01
4.440000e-01	-1.579517e+00	1.561869e+00	-3.471776e+00	-3.315405e+00	-1.563710e-01
4.450000e-01	-1.579582e+00	1.561931e+00	-3.471816e+00	-3.315490e+00	-1.563254e-01
4.460000e-01	-1.579683e+00	1.562044e+00	-3.471890e+00	-3.315628e+00	-1.562623e-01
4.470000e-01	-1.579762e+00	1.562117e+00	-3.471979e+00	-3.315752e+00	-1.562269e-01
4.480000e-01	-1.579872e+00	1.562238e+00	-3.472088e+00	-3.315916e+00	-1.561718e-01
4.490000e-01	-1.579948e+00	1.562305e+00	-3.472184e+00	-3.316039e+00	-1.561442e-01
4.500000e-01	-1.580044e+00	1.562409e+00	-3.472294e+00	-3.316191e+00	-1.561028e-01
4.510000e-01	-1.580109e+00	1.562466e+00	-3.472386e+00	-3.316302e+00	-1.560841e-01
4.520000e-01	-1.580204e+00	1.562569e+00	-3.472506e+00	-3.316456e+00	-1.560493e-01
4.530000e-01	-1.580257e+00	1.562613e+00	-3.472597e+00	-3.316555e+00	-1.560414e-01
4.540000e-01	-1.580329e+00	1.562691e+00	-3.472701e+00	-3.316679e+00	-1.560219e-01
4.550000e-01	-1.580361e+00	1.562714e+00	-3.472776e+00	-3.316749e+00	-1.560266e-01
4.560000e-01	-1.580404e+00	1.562763e+00	-3.472839e+00	-3.316824e+00	-1.560150e-01
4.570000e-01	-1.580404e+00	1.562753e+00	-3.472870e+00	-3.316839e+00	-1.560315e-01
4.580000e-01	-1.580414e+00	1.562767e+00	-3.472897e+00	-3.316862e+00	-1.560343e-01
4.590000e-01	-1.580386e+00	1.562729e+00	-3.472892e+00	-3.316832e+00	-1.560603e-01
4.600000e-01	-1.580367e+00	1.562714e+00	-3.472876e+00	-3.316805e+00	-1.560713e-01
4.610000e-01	-1.580318e+00	1.562654e+00	-3.472845e+00	-3.316740e+00	-1.561049e-01
4.620000e-01	-1.580278e+00	1.562618e+00	-3.472801e+00	-3.316678e+00	-1.561226e-01
4.630000e-01	-1.580204e+00	1.562532e+00	-3.472742e+00	-3.316575e+00	-1.561670e-01
4.640000e-01	-1.580141e+00	1.562473e+00	-3.472663e+00	-3.316472e+00	-1.561910e-01
4.650000e-01	-1.580044e+00	1.562363e+00	-3.472561e+00	-3.316324e+00	-1.562365e-01
4.660000e-01	-1.579969e+00	1.562291e+00	-3.472474e+00	-3.316206e+00	-1.562680e-01
4.670000e-01	-1.579870e+00	1.562177e+00	-3.472384e+00	-3.316063e+00	-1.563216e-01
4.680000e-01	-1.579792e+00	1.562099e+00	-3.472289e+00	-3.315936e+00	-1.563522e-01
4.690000e-01	-1.579693e+00	1.561982e+00	-3.472195e+00	-3.315790e+00	-1.564046e-01
4.700000e-01	-1.579612e+00	1.561900e+00	-3.472100e+00	-3.315662e+00	-1.564386e-01
4.710000e-01	-1.579503e+00	1.561773e+00	-3.471998e+00	-3.315502e+00	-1.564966e-01
4.720000e-01	-1.579433e+00	1.561703e+00	-3.471928e+00	-3.315397e+00	-1.565306e-01
4.730000e-01	-1.579342e+00	1.561590e+00	-3.471856e+00	-3.315270e+00	-1.565865e-01
4.740000e-01	-1.579272e+00	1.561518e+00	-3.471787e+00	-3.315165e+00	-1.566216e-01
4.750000e-01	-1.579194e+00	1.561419e+00	-3.471741e+00	-3.315065e+00	-1.566761e-01
4.760000e-01	-1.579139e+00	1.561362e+00	-3.471686e+00	-3.314981e+00	-1.567044e-01
4.770000e-01	-1.579068e+00	1.561270e+00	-3.471655e+00	-3.314895e+00	-1.567595e-01
4.780000e-01	-1.579026e+00	1.561225e+00	-3.471632e+00	-3.314842e+00	-1.567902e-01
4.790000e-01	-1.578964e+00	1.561141e+00	-3.471616e+00	-3.314772e+00	-1.568440e-01
4.800000e-01	-1.578925e+00	1.561101e+00	-3.471599e+00	-3.314724e+00	-1.568749e-01
4.810000e-01	-1.578879e+00	1.561035e+00	-3.471608e+00	-3.314683e+00	-1.569249e-01
4.820000e-01	-1.578839e+00	1.560993e+00	-3.471594e+00	-3.314636e+00	-1.569578e-01
4.830000e-01	-1.578778e+00	1.560912e+00	-3.471580e+00	-3.314568e+00	-1.570117e-01
4.840000e-01	-1.578740e+00	1.560874e+00	-3.471563e+00	-3.314522e+00	-1.570417e-01
4.850000e-01	-1.578672e+00	1.560787e+00	-3.471537e+00	-3.314440e+00	-1.570965e-01
4.860000e-01	-1.578618e+00	1.560735e+00	-3.471500e+00	-3.314368e+00	-1.571316e-01
4.870000e-01	-1.578555e+00	1.560654e+00	-3.471479e+00	-3.314294e+00	-1.571850e-01
4.880000e-01	-1.578497e+00	1.560599e+00	-3.471425e+00	-3.314209e+00	-1.572159e-01
4.890000e-01	-1.578418e+00	1.560505e+00	-3.471376e+00	-3.314106e+00	-1.572698e-01
4.900000e-01	-1.578355e+00	1.560446e+00	-3.471315e+00	-3.314013e+00	-1.573021e-01
4.910000e-01	-1.578263e+00	1.560339e+00	-3.471237e+00	-3.313882e+00	-1.573553e-01
4.920000e-01	-1.578178e+00	1.560261e+00	-3.471134e+00	-3.313745e+00	-1.573884e-01
4.930000e-01	-1.578086e+00	1.560155e+00	-3.471054e+00	-3.313613e+00	-1.574407e-01
4.940000e-01	-1.577988e+00	1.560062e+00	-3.470929e+00	-3.313452e+00	-1.574764e-01
4.950000e-01	-1.577878e+00	1.559940e+00	-3.470814e+00	-3.313285e+00	-1.575296e-01
4.960000e-01	-1.577787e+00	1.559856e+00	-3.470686e+00	-3.313130e+00	-1.575557e-01
4.970000e-01	-1.577671e+00	1.559728e+00	-3.470545e+00	-3.312943e+00	-1.576016e-01
4.980000e-01	-1.577570e+00	1.559633e+00	-3.470402e+00	-3.312771e+00	-1.576309e-01
4.990000e-01	-1.577463e+00	1.559514e+00	-3.470277e+00	-3.312601e+00	-1.576754e-01
5.000000e-01	-1.577370e+00	1.559427e+00	-3.470138e+00	-3.312439e+00	-1.576992e-01
5.010000e-01	-1.577265e+00	1.559309e+00	-3.470016e+00	-3.312273e+00	-1.577431e-01
5.020000e-01	-1.577177e+00	1.559225e+00	-3.469892e+00	-3.312123e+00	-1.577693e-01
5.030000e-01	-1.577078e+00	1.559112e+00	-3.469768e+00	-3.311961e+00	-1.578064e-01
5.040000e-01	-1.577004e+00	1.559044e+00	-3.469656e+00	-3.311832e+00	-1.578239e-01
5.050000e-01	-1.576935e+00	1.558961e+00	-3.469580e+00	-3.311725e+00	-1.578550e-01
5.060000e-01	-1.576874e+00	1.558903e+00	-3.469488e+00	-3.311618e+00	-1.578703e-01
5.070000e-01	-1.576814e+00	1.558829e+00	-3.469420e+00	-3.311524e+00	-1.578965e-01
5.080000e-01	-1.576786e+00	1.558806e+00	-3.469372e+00	-3.311472e+00	-1.578998e-01
5.090000e-01	-1.576744e+00	1.558749e+00	-3.469335e+00	-3.311412e+00	-1.579236e-01
5.100000e-01	-1.576720e+00	1.558730e+00	-3.469297e+00	-3.311369e+00	-1.579285e-01
5.110000e-01	-1.576697e+00	1.558691e+00	-3.469284e+00	-3.311338e+00	-1.579452e-01
5.120000e-01	-1.576693e+00	1.558692e+00	-3.469281e+00	-3.311334e+00	-1.579470e-01
5.130000e-01	-1.576686e+00	1.558670e+00	-3.469297e+00	-3.311335e+00	-1.579622e-01
5.140000e-01	-1.576702e+00	1.558688e+00	-3.469326e+00	-3.311365e+00	-1.579615e-01
5.150000e-01	-1.576706e+00	1.558678e+00	-3.469360e+00	-3.311386e+00	-1.579733e-01
5.160000e-01	-1.576728e+00	1.558704e+00	-3.469389e+00	-3.311422e+00	-1.579665e-01
5.170000e-01	-1.576742e+00	1.558705e+00	-3.469438e+00	-3.311462e+00	-1.579768e-01
5.180000e-01	-1.576771e+00	1.558737e+00	-3.469487e+00	-3.311515e+00	-1.579726e-01
5.190000e-01	-1.576781e+00	1.558734e+00	-3.469527e+00	-3.311545e+00	-1.579822e-01
5.200000e-01	-1.576830e+00	1.558788e+00	-3.469602e+00	-3.311631e+00	-1.579705e-01
5.210000e-01	-1.576849e+00	1.558795e+00	-3.469660e+00	-3.311679e+00	-1.579805e-01
5.220000e-01	-1.576881e+00	1.558831e+00	-3.469711e+00	-3.311736e+00	-1.579749e-01
5.230000e-01	-1.576904e+00	1.558843e+00	-3.469767e+00	-3.311787e+00	-1.579800e-01
5.240000e-01	-1.576937e+00	1.558881e+00	-3.469817e+00	-3.311846e+00	-1.579712e-01
5.250000e-01	-1.576955e+00	1.558888e+00	-3.469872e+00	-3.311891e+00	-1.579806e-01
5.260000e-01	-1.576997e+00	1.558934e+00	-3.469940e+00	-3.311967e+00	-1.579730e-01
5.270000e-01	-1.577015e+00	1.558941e+00	-3.469993e+00	-3.312011e+00	-1.579818e-01
5.280000e-01	-1.577053e+00	1.558983e+00	-3.470045e+00	-3.312076e+00	-1.579696e-01
5.290000e-01	-1.577074e+00	1.558995e+00	-3.470098e+00	-3.312124e+00	-1.579748e-01
5.300000e-01	-1.577105e+00	1.559028e+00	-3.470145e+00	-3.312178e+00	-1.579678e-01
5.310000e-01	-1.577120e+00	1.559034e+00	-3.470188e+00	-3.312214e+00	-1.579735e-01
5.320000e-01	-1.577167e+00	1.559084e+00	-3.470256e+00	-3.312295e+00	-1.579612e-01
5.330000e-01	-1.577193e+00	1.559100e+00	-3.470321e+00	-3.312353e+00	-1.579673e-01
5.340000e-01	-1.577232e+00	1.559141e+00	-3.470380e+00	-3.312422e+00	-1.579582e-01
5.350000e-01	-1.577267e+00	1.559165e+00	-3.470452e+00	-3.312493e+00	-1.579594e-01
5.360000e-01	-1.577314e+00	1.559214e+00	-3.470522e+00	-3.312575e+00	-1.579468e-01
5.370000e-01	-1.577345e+00	1.559235e+00	-3.470588e+00	-3.312640e+00	-1.579488e-01
5.380000e-01	-1.577406e+00	1.559297e+00	-3.470691e+00	-3.312751e+00	-1.579394e-01
5.390000e-01	-1.577441e+00	1.559323e+00	-3.470758e+00	-3.312820e+00	-1.579376e-01
5.400000e-01	-1.577507e+00	1.559390e+00	-3.470857e+00	-3.312936e+00	-1.579213e-01
5.410000e-01	-1.577562e+00	1.559434e+00	-3.470965e+00	-3.313044e+00	-1.579209e-01
5.420000e-01	-1.577623e+00	1.559495e+00	-3.471067e+00	-3.313156e+00	-1.579105e-01
5.430000e-01	-1.577671e+00	1.559533e+00	-3.471159e+00	-3.313250e+00	-1.579088e-01
5.440000e-01	-1.577752e+00	1.559615e+00	-3.471283e+00	-3.313394e+00	-1.578896e-01
5.450000e-01	-1.577807e+00	1.559661e+00	-3.471393e+00	-3.313504e+00	-1.578891e-01
5.460000e-01	-1.577884e+00	1.559740e+00	-3.471521e+00	-3.313644e+00	-1.578768e-01
5.470000e-01	-1.577944e+00	1.559791e+00	-3.471631e+00	-3.313760e+00	-1.578712e-01
5.480000e-01	-1.578021e+00	1.559871e+00	-3.471753e+00	-3.313898e+00	-1.578551e-01
5.490000e-01	-1.578072e+00	1.559912e+00	-3.471855e+00	-3.313999e+00	-1.578557e-01
5.500000e-01	-1.578147e+00	1.559992e+00	-3.471981e+00	-3.314138e+00	-1.578431e-01
5.510000e-01	-1.578191e+00	1.560026e+00	-3.472069e+00	-3.314225e+00	-1.578435e-01
5.520000e-01	-1.578255e+00	1.560097e+00	-3.472169e+00	-3.314339e+00	-1.578293e-01
5.530000e-01	-1.578312e+00	1.560144e+00	-3.472283e+00	-3.314453e+00	-1.578297e-01
5.540000e-01	-1.578351e+00	1.560191e+00	-3.472341e+00	-3.314522e+00	-1.578191e-01
5.550000e-01	-1.578399e+00	1.560230e+00	-3.472444e+00	-3.314621e+00	-1.578227e-01
5.560000e-01	-1.578463e+00	1.560302e+00	-3.472536e+00	-3.314731e+00	-1.578056e-01
5.570000e-01	-1.578493e+00	1.560324e+00	-3.472613e+00	-3.314800e+00	-1.578136e-01
5.580000e-01	-1.578517e+00	1.560357e+00	-3.472635e+00	-3.314834e+00	-1.578010e-01
5.590000e-01	-1.578545e+00	1.560377e+00	-3.472704e+00	-3.314897e+00	-1.578071e-01
5.600000e-01	-1.578569e+00	1.560412e+00	-3.472725e+00	-3.314932e+00	-1.577934e-01
5.610000e-01	-1.578592e+00	1.560427e+00	-3.472786e+00	-3.314985e+00	-1.578012e-01
5.620000e-01	-1.578613e+00	1.560460e+00	-3.472808e+00	-3.315017e+00	-1.577910e-01
5.630000e-01	-1.578626e+00	1.560465e+00	-3.472853e+00	-3.315053e+00	-1.578000e-01
5.640000e-01	-1.578631e+00	1.560482e+00	-3.472835e+00	-3.315048e+00	-1.577868e-01
5.650000e-01	-1.578638e+00	1.560481e+00	-3.472865e+00	-3.315070e+00	-1.577943e-01
5.660000e-01	-1.578637e+00	1.560491e+00	-3.472845e+00	-3.315059e+00	-1.577859e-01
5.670000e-01	-1.578638e+00	1.560485e+00	-3.472865e+00	-3.315071e+00	-1.577942e-01
5.680000e-01	-1.578643e+00	1.560502e+00	-3.472848e+00	-3.315068e+00	-1.577808e-01
5.690000e-01	-1.578643e+00	1.560495e+00	-3.472869e+00	-3.315077e+00	-1.577913e-01
5.700000e-01	-1.578636e+00	1.560499e+00	-3.472831e+00	-3.315051e+00	-1.577800e-01
5.710000e-01	-1.578633e+00	1.560490e+00	-3.472835e+00	-3.315050e+00	-1.577847e-01
5.720000e-01	-1.578626e+00	1.560494e+00	-3.472795e+00	-3.315023e+00	-1.577715e-01
5.730000e-01	-1.578622e+00	1.560485e+00	-3.472802e+00	-3.315023e+00	-1.577790e-01
5.740000e-01	-1.578623e+00	1.560496e+00	-3.472782e+00	-3.315014e+00	-1.577676e-01
5.750000e-01	-1.578621e+00	1.560490e+00	-3.472785e+00	-3.315014e+00	-1.577710e-01
5.760000e-01	-1.578620e+00	1.560499e+00	-3.472749e+00	-3.314994e+00	-1.577548e-01
5.770000e-01	-1.578617e+00	1.560493e+00	-3.472753e+00	-3.314994e+00	-1.577590e-01
5.780000e-01	-1.578613e+00	1.560499e+00	-3.472721e+00	-3.314974e+00	-1.577473e-01
5.790000e-01	-1.578606e+00	1.560488e+00	-3.472714e+00	-3.314963e+00	-1.577516e-01
5.800000e-01	-1.578611e+00	1.560503e+00	-3.472693e+00	-3.314957e+00	-1.577360e-01
5.810000e-01	-1.578607e+00	1.560496e+00	-3.472695e+00	-3.314954e+00	-1.577410e-01
5.820000e-01	-1.578600e+00	1.560499e+00	-3.472659e+00	-3.314930e+00	-1.577294e-01
5.830000e-01	-1.578594e+00	1.560491e+00	-3.472649e+00	-3.314918e+00	-1.577309e-01
5.840000e-01	-1.578584e+00	1.560491e+00	-3.472600e+00	-3.314884e+00	-1.577158e-01
5.850000e-01	-1.578571e+00	1.560478e+00	-3.472578e+00	-3.314860e+00	-1.577185e-01
5.860000e-01	-1.578568e+00	1.560485e+00	-3.472546e+00	-3.314841e+00	-1.577052e-01
5.870000e-01	-1.578555e+00	1.560471e+00	-3.472529e+00	-3.314819e+00	-1.577098e-01
5.880000e-01	-1.578540e+00	1.560466e+00	-3.472467e+00	-3.314774e+00	-1.576933e-01
5.890000e-01	-1.578523e+00	1.560449e+00	-3.472443e+00	-3.314745e+00	-1.576979e-01
5.900000e-01	-1.578505e+00	1.560439e+00	-3.472389e+00	-3.314700e+00	-1.576896e-01
5.910000e-01	-1.578479e+00	1.560412e+00	-3.472342e+00	-3.314649e+00	-1.576922e-01
5.920000e-01	-1.578464e+00	1.560408e+00	-3.472284e+00	-3.314607e+00	-1.576778e-01
5.930000e-01	-1.578442e+00	1.560385e+00	-3.472248e+00	-3.314566e+00	-1.576824e-01
5.940000e-01	-1.578421e+00	1.560374e+00	-3.472185e+00	-3.314513e+00	-1.576719e-01
5.950000e-01	-1.578404e+00	1.560357e+00	-3.472154e+00	-3.314481e+00	-1.576730e-01
5.960000e-01	-1.578379e+00	1.560342e+00	-3.472077e+00	-3.314418e+00	-1.576595e-01
5.970000e-01	-1.578347e+00	1.560307e+00	-3.472021e+00	-3.314357e+00	-1.576638e-01
5.980000e-01	-1.578325e+00	1.560295e+00	-3.471953e+00	-3.314301e+00	-1.576519e-01
5.990000e-01	-1.578296e+00	1.560264e+00	-3.471907e+00	-3.314250e+00	-1.576572e-01
6.000000e-01	-1.578275e+00	1.560254e+00	-3.471834e+00	-3.314193e+00	-1.576419e-01
6.010000e-01	-1.578262e+00	1.560237e+00	-3.471813e+00	-3.314168e+00	-1.576447e-01
6.020000e-01	-1.578241e+00	1.560227e+00	-3.471748e+00	-3.314115e+00	-1.576333e-01
6.030000e-01	-1.578224e+00	1.560205e+00	-3.471719e+00	-3.314083e+00	-1.576355e-01
6.040000e-01	-1.578211e+00	1.560203e+00	-3.471661e+00	-3.314041e+00	-1.576196e-01
6.050000e-01	-1.578197e+00	1.560183e+00	-3.471643e+00	-3.314019e+00	-1.576245e-01
6.060000e-01	-1.578183e+00	1.560179e+00	-3.471593e+00	-3.313980e+00	-1.576136e-01
6.070000e-01	-1.578179e+00	1.560168e+00	-3.471592e+00	-3.313975e+00	-1.576168e-01
6.080000e-01	-1.578168e+00	1.560167e+00	-3.471541e+00	-3.313939e+00	-1.576026e-01
6.090000e-01	-1.578158e+00	1.560150e+00	-3.471526e+00	-3.313922e+00	-1.576048e-01
6.100000e-01	-1.578156e+00	1.560158e+00	-3.471493e+00	-3.313903e+00	-1.575910e-01
6.110000e-01	-1.578152e+00	1.560147e+00	-3.471493e+00	-3.313899e+00	-1.575942e-01
6.120000e-01	-1.578149e+00	1.560154e+00	-3.471457e+00	-3.313877e+00	-1.575797e-01
6.130000e-01	-1.578152e+00	1.560148e+00	-3.471474e+00	-3.313889e+00	-1.575849e-01
6.140000e-01	-1.578143e+00	1.560149e+00	-3.471438e+00	-3.313862e+00	-1.575760e-01
6.150000e-01	-1.578148e+00	1.560145e+00	-3.471453e+00	-3.313875e+00	-1.575783e-01
6.160000e-01	-1.578157e+00	1.560165e+00	-3.471436e+00	-3.313875e+00	-1.575607e-01
6.170000e-01	-1.578163e+00	1.560161e+00	-3.471459e+00	-3.313893e+00	-1.575663e-01
6.180000e-01	-1.578161e+00	1.560169e+00	-3.471432e+00	-3.313877e+00	-1.575550e-01
6.190000e-01	-1.578167e+00	1.560166e+00	-3.471459e+00	-3.313896e+00	-1.575624e-01
6.200000e-01	-1.578166e+00	1.560175e+00	-3.471432e+00	-3.313882e+00	-1.575506e-01
6.210000e-01	-1.578170e+00	1.560168e+00	-3.471461e+00	-3.313901e+00	-1.575607e-01
6.220000e-01	-1.578174e+00	1.560180e+00	-3.471450e+00	-3.313899e+00	-1.575515e-01
6.230000e-01	-1.578172e+00	1.560168e+00	-3.471464e+00	-3.313904e+00	-1.575602e-01
6.240000e-01	-1.578166e+00	1.560173e+00	-3.471428e+00	-3.313880e+00	-1.575479e-01
6.250000e-01	-1.578169e+00	1.560167e+00	-3.471449e+00	-3.313894e+00	-1.575550e-01
6.260000e-01	-1.578165e+00	1.560171e+00	-3.471431e+00	-3.313881e+00	-1.575506e-01
6.270000e-01	-1.578167e+00	1.560163e+00	-3.471447e+00	-3.313890e+00	-1.575567e-01
6.280000e-01	-1.578171e+00	1.560177e+00	-3.471436e+00	-3.313889e+00	-1.575467e-01
6.290000e-01	-1.578167e+00	1.560161e+00	-3.471449e+00	-3.313891e+00	-1.575579e-01
6.300000e-01	-1.578159e+00	1.560162e+00	-3.471427e+00	-3.313873e+00	-1.575545e-01
6.310000e-01	-1.578159e+00	1.560151e+00	-3.471446e+00	-3.313881e+00	-1.575642e-01
6.320000e-01	-1.578157e+00	1.560158e+00	-3.471427e+00	-3.313870e+00	-1.575565e-01
6.330000e-01	-1.578156e+00	1.560146e+00	-3.471450e+00	-3.313881e+00	-1.575686e-01
6.340000e-01	-1.578158e+00	1.560156e+00	-3.471447e+00	-3.313882e+00	-1.575658e-01
6.350000e-01	-1.578160e+00	1.560146e+00	-3.471470e+00	-3.313895e+00	-1.575751e-01
6.360000e-01	-1.578160e+00	1.560155e+00	-3.471455e+00	-3.313887e+00	-1.575677e-01
6.370000e-01	-1.578160e+00	1.560143e+00	-3.471474e+00	-3.313897e+00	-1.575769e-01
6.380000e-01	-1.578153e+00	1.560142e+00	-3.471457e+00	-3.313881e+00	-1.575760e-01
6.390000e-01	-1.578151e+00	1.560130e+00	-3.471482e+00	-3.313892e+00	-1.575900e-01
6.400000e-01	-1.578165e+00	1.560152e+00	-3.471496e+00	-3.313913e+00	-1.575828e-01
6.410000e-01	-1.578172e+00	1.560147e+00	-3.471527e+00	-3.313936e+00	-1.575915e-01
6.420000e-01	-1.578173e+00	1.560155e+00	-3.471519e+00	-3.313933e+00	-1.575863e-01
6.430000e-01	-1.578178e+00	1.560148e+00	-3.471552e+00	-3.313954e+00	-1.575983e-01
6.440000e-01	-1.578182e+00	1.560159e+00	-3.471545e+00	-3.313954e+00	-1.575911e-01
6.450000e-01	-1.578189e+00	1.560154e+00	-3.471585e+00	-3.313981e+00	-1.576036e-01
6.460000e-01	-1.578201e+00	1.560172e+00	-3.471601e+00	-3.314001e+00	-1.575997e-01
6.470000e-01	-1.578210e+00	1.560169e+00	-3.471646e+00	-3.314033e+00	-1.576135e-01
6.480000e-01	-1.578217e+00	1.560184e+00	-3.471649e+00	-3.314041e+00	-1.576076e-01
6.490000e-01	-1.578223e+00	1.560178e+00	-3.471687e+00	-3.314067e+00	-1.576202e-01
6.500000e-01	-1.578220e+00	1.560182e+00	-3.471674e+00	-3.314057e+00	-1.576171e-01
6.510000e-01	-1.578223e+00	1.560173e+00	-3.471707e+00	-3.314077e+00	-1.576303e-01
6.520000e-01	-1.578235e+00	1.560194e+00	-3.471716e+00	-3.314093e+00	-1.576232e-01
6.530000e-01	-1.578239e+00	1.560186e+00	-3.471749e+00	-3.314113e+00	-1.576351e-01
6.540000e-01	-1.578235e+00	1.560190e+00	-3.471735e+00	-3.314102e+00	-1.576323e-01
6.550000e-01	-1.578245e+00	1.560190e+00	-3.471780e+00	-3.314135e+00	-1.576449e-01
6.560000e-01	-1.578246e+00	1.560198e+00	-3.471766e+00	-3.314128e+00	-1.576372e-01
6.570000e-01	-1.578247e+00	1.560189e+00	-3.471792e+00	-3.314143e+00	-1.576493e-01
6.580000e-01	-1.578245e+00	1.560196e+00	-3.471781e+00	-3.314136e+00	-1.576456e-01
6.590000e-01	-1.578241e+00	1.560182e+00	-3.471804e+00	-3.314143e+00	-1.576607e-01
6.600000e-01	-1.578243e+00	1.560193e+00	-3.471792e+00	-3.314139e+00	-1.576531e-01
6.610000e-01	-1.578248e+00	1.560187e+00	-3.471827e+00	-3.314161e+00	-1.576658e-01
6.620000e-01	-1.578239e+00	1.560186e+00	-3.471807e+00	-3.314143e+00	-1.576644e-01
6.630000e-01	-1.578226e+00	1.560164e+00	-3.471807e+00	-3.314130e+00	-1.576773e-01
6.640000e-01	-1.578218e+00	1.560165e+00	-3.471783e+00	-3.314110e+00	-1.576734e-01
6.650000e-01	-1.578214e+00	1.560151e+00	-3.471798e+00	-3.314113e+00	-1.576849e-01
6.660000e-01	-1.578206e+00	1.560151e+00	-3.471773e+00	-3.314093e+00	-1.576806e-01
6.670000e-01	-1.578205e+00	1.560142e+00	-3.471795e+00	-3.314103e+00	-1.576922e-01
6.680000e-01	-1.578193e+00	1.560137e+00	-3.471762e+00	-3.314074e+00	-1.576879e-01
6.690000e-01	-1.578180e+00	1.560117e+00	-3.471759e+00	-3.314060e+00	-1.576992e-01
6.700000e-01	-1.578175e+00	1.560118e+00	-3.471737e+00	-3.314043e+00	-1.576938e-01
6.710000e-01	-1.578164e+00	1.560101e+00	-3.471739e+00	-3.314034e+00	-1.577049e-01
6.720000e-01	-1.578160e+00	1.560102e+00	-3.471718e+00	-3.314019e+00	-1.576994e-01
6.730000e-01	-1.578155e+00	1.560091e+00	-3.471727e+00	-3.314018e+00	-1.577086e-01
6.740000e-01	-1.578143e+00	1.560085e+00	-3.471697e+00	-3.313992e+00	-1.577054e-01
6.750000e-01	-1.578140e+00	1.560076e+00	-3.471704e+00	-3.313992e+00	-1.577124e-01
6.760000e-01	-1.578145e+00	1.560088e+00	-3.471696e+00	-3.313993e+00	-1.577033e-01
6.770000e-01	-1.578141e+00	1.560078e+00	-3.471703e+00	-3.313993e+00	-1.577103e-01
6.780000e-01	-1.578136e+00	1.560078e+00	-3.471683e+00	-3.313977e+00	-1.577060e-01
6.790000e-01	-1.578127e+00	1.560063e+00	-3.471683e+00	-3.313969e+00	-1.577145e-01
6.800000e-01	-1.578124e+00	1.560065e+00	-3.471667e+00	-3.313958e+00	-1.577093e-01
6.810000e-01	-1.578119e+00	1.560055e+00	-3.471675e+00	-3.313957e+00	-1.577186e-01
6.820000e-01	-1.578120e+00	1.560061e+00	-3.471665e+00	-3.313953e+00	-1.577124e-01
6.830000e-01	-1.578110e+00	1.560047e+00	-3.471661e+00	-3.313941e+00	-1.577198e-01
6.840000e-01	-1.578108e+00	1.560052e+00	-3.471635e+00	-3.313925e+00	-1.577098e-01
6.850000e-01	-1.578112e+00	1.560051e+00	-3.471648e+00	-3.313935e+00	-1.577123e-01
6.860000e-01	-1.578112e+00	1.560057e+00	-3.471633e+00	-3.313929e+00	-1.577044e-01
6.870000e-01	-1.578112e+00	1.560052e+00	-3.471649e+00	-3.313936e+00	-1.577126e-01
6.880000e-01	-1.578114e+00	1.560060e+00	-3.471634e+00	-3.313931e+00	-1.577031e-01
6.890000e-01	-1.578108e+00	1.560049e+00	-3.471640e+00	-3.313927e+00	-1.577124e-01
6.900000e-01	-1.578104e+00	1.560053e+00	-3.471616e+00	-3.313912e+00	-1.577033e-01
6.910000e-01	-1.578105e+00	1.560049e+00	-3.471625e+00	-3.313917e+00	-1.577077e-01
6.920000e-01	-1.578105e+00	1.560057e+00	-3.471606e+00	-3.313908e+00	-1.576974e-01
6.930000e-01	-1.578102e+00	1.560048e+00	-3.471611e+00	-3.313908e+00	-1.577029e-01
6.940000e-01	-1.578100e+00	1.560054e+00	-3.471591e+00	-3.313896e+00	-1.576954e-01
6.950000e-01	-1.578102e+00	1.560049e+00	-3.471613e+00	-3.313909e+00	-1.577045e-01
6.960000e-01	-1.578099e+00	1.560053e+00	-3.471578e+00	-3.313887e+00	-1.576904e-01
6.970000e-01	-1.578099e+00	1.560047e+00	-3.471591e+00	-3.313895e+00	-1.576968e-01
6.980000e-01	-1.578088e+00	1.560043e+00	-3.471558e+00	-3.313867e+00	-1.576915e-01
6.990000e-01	-1.578078e+00	1.560027e+00	-3.471555e+00	-3.313855e+00	-1.576996e-01
7.000000e-01	-1.578078e+00	1.560036e+00	-3.471533e+00	-3.313845e+00	-1.576879e-01
7.010000e-01	-1.578077e+00	1.560028e+00	-3.471546e+00	-3.313850e+00	-1.576959e-01
7.020000e-01	-1.578071e+00	1.560030e+00	-3.471516e+00	-3.313829e+00	-1.576868e-01
7.030000e-01	-1.578070e+00	1.560023e+00	-3.471523e+00	-3.313832e+00	-1.576913e-01
7.040000e-01	-1.578067e+00	1.560027e+00	-3.471493e+00	-3.313814e+00	-1.576790e-01
7.050000e-01	-1.578067e+00	1.560022e+00	-3.471507e+00	-3.313821e+00	-1.576860e-01
7.060000e-01	-1.578069e+00	1.560029e+00	-3.471491e+00	-3.313814e+00	-1.576768e-01
7.070000e-01	-1.578070e+00	1.560024e+00	-3.471508e+00	-3.313824e+00	-1.576843e-01
7.080000e-01	-1.578068e+00	1.560030e+00	-3.471480e+00	-3.313808e+00	-1.576720e-01
7.090000e-01	-1.578071e+00	1.560028e+00	-3.471499e+00	-3.313821e+00	-1.576784e-01
7.100000e-01	-1.578067e+00	1.560030e+00	-3.471473e+00	-3.313804e+00	-1.576692e-01
7.110000e-01	-1.578066e+00	1.560024e+00	-3.471483e+00	-3.313807e+00	-1.576755e-01
7.120000e-01	-1.578074e+00	1.560039e+00	-3.471470e+00	-3.313809e+00	-1.576608e-01
7.130000e-01	-1.578081e+00	1.560040e+00	-3.471501e+00	-3.313832e+00	-1.576696e-01
7.140000e-01	-1.578081e+00	1.560046e+00	-3.471481e+00	-3.313822e+00	-1.576590e-01
7.150000e-01	-1.578090e+00	1.560050e+00	-3.471506e+00	-3.313843e+00	-1.576629e-01
7.160000e-01	-1.578091e+00	1.560056e+00	-3.471485e+00	-3.313834e+00	-1.576510e-01
7.170000e-01	-1.578089e+00	1.560049e+00	-3.471499e+00	-3.313839e+00	-1.576603e-01
7.180000e-01	-1.578089e+00	1.560053e+00	-3.471485e+00	-3.313832e+00	-1.576535e-01
7.190000e-01	-1.578086e+00	1.560046e+00	-3.471495e+00	-3.313833e+00	-1.576613e-01
7.200000e-01	-1.578093e+00	1.560058e+00	-3.471481e+00	-3.313833e+00	-1.576477e-01
7.210000e-01	-1.578106e+00	1.560068e+00	-3.471520e+00	-3.313866e+00	-1.576536e-01
7.220000e-01	-1.578108e+00	1.560073e+00	-3.471500e+00	-3.313859e+00	-1.576417e-01
7.230000e-01	-1.578107e+00	1.560068e+00	-3.471511e+00	-3.313863e+00	-1.576483e-01
7.240000e-01	-1.578112e+00	1.560079e+00	-3.471496e+00	-3.313860e+00	-1.576358e-01
7.250000e-01	-1.578115e+00	1.560078e+00	-3.471517e+00	-3.313874e+00	-1.576432e-01
7.260000e-01	-1.578121e+00	1.560088e+00	-3.471511e+00	-3.313877e+00	-1.576343e-01
7.270000e-01	-1.578132e+00	1.560095e+00	-3.471546e+00	-3.313905e+00	-1.576412e-01
7.280000e-01	-1.578137e+00	1.560102e+00	-3.471539e+00	-3.313906e+00	-1.576324e-01
7.290000e-01	-1.578134e+00	1.560095e+00	-3.471550e+00	-3.313909e+00	-1.576410e-01
7.300000e-01	-1.578132e+00	1.560097e+00	-3.471534e+00	-3.313899e+00	-1.576349e-01
7.310000e-01	-1.578127e+00	1.560088e+00	-3.471542e+00	-3.313898e+00	-1.576441e-01
7.320000e-01	-1.578128e+00	1.560094e+00	-3.471520e+00	-3.313888e+00	-1.576314e-01
7.330000e-01	-1.578133e+00	1.560095e+00	-3.471542e+00	-3.313904e+00	-1.576377e-01
7.340000e-01	-1.578135e+00	1.560102e+00	-3.471532e+00	-3.313901e+00	-1.576310e-01
7.350000e-01	-1.578134e+00	1.560097e+00	-3.471544e+00	-3.313907e+00	-1.576378e-01
7.360000e-01	-1.578144e+00	1.560113e+00	-3.471543e+00	-3.313916e+00	-1.576271e-01
7.370000e-01	-1.578146e+00	1.560107e+00	-3.471560e+00	-3.313926e+00	-1.576345e-01
7.380000e-01	-1.578146e+00	1.560113e+00	-3.471549e+00	-3.313920e+00	-1.576287e-01
7.390000e-01	-1.578150e+00	1.560111e+00	-3.471574e+00	-3.313937e+00	-1.576366e-01
7.400000e-01	-1.578152e+00	1.560118e+00	-3.471563e+00	-3.313933e+00	-1.576298e-01
7.410000e-01	-1.578153e+00	1.560113e+00	-3.471585e+00	-3.313946e+00	-1.576390e-01
7.420000e-01	-1.578151e+00	1.560118e+00	-3.471565e+00	-3.313934e+00	-1.576313e-01
7.430000e-01	-1.578147e+00	1.560105e+00	-3.471573e+00	-3.313933e+00	-1.576400e-01
7.440000e-01	-1.578142e+00	1.560109e+00	-3.471547e+00	-3.313916e+00	-1.576312e-01
7.450000e-01	-1.578145e+00	1.560105e+00	-3.471564e+00	-3.313927e+00	-1.576377e-01
7.460000e-01	-1.578144e+00	1.560111e+00	-3.471553e+00	-3.313921e+00	-1.576321e-01
7.470000e-01	-1.578148e+00	1.560107e+00	-3.471576e+00	-3.313936e+00	-1.576401e-01
7.480000e-01	-1.578155e+00	1.560121e+00	-3.471570e+00	-3.313940e+00	-1.576303e-01
7.490000e-01	-1.578156e+00	1.560114e+00	-3.471588e+00	-3.313950e+00	-1.576378e-01
7.500000e-01	-1.578149e+00	1.560115e+00	-3.471560e+00	-3.313929e+00	-1.576315e-01
7.510000e-01	-1.578151e+00	1.560109e+00	-3.471580e+00	-3.313941e+00	-1.576395e-01
7.520000e-01	-1.578148e+00	1.560113e+00	-3.471560e+00	-3.313927e+00	-1.576322e-01
7.530000e-01	-1.578146e+00	1.560103e+00	-3.471576e+00	-3.313934e+00	-1.576417e-01
7.540000e-01	-1.578146e+00	1.560111e+00	-3.471566e+00	-3.313929e+00	-1.576369e-01
7.550000e-01	-1.578147e+00	1.560103e+00	-3.471582e+00	-3.313938e+00	-1.576441e-01
7.560000e-01	-1.578144e+00	1.560110e+00	-3.471560e+00	-3.313924e+00	-1.576355e-01
7.570000e-01	-1.578146e+00	1.560103e+00	-3.471576e+00	-3.313934e+00	-1.576422e-01
7.580000e-01	-1.578137e+00	1.560102e+00	-3.471550e+00	-3.313912e+00	-1.576379e-01
7.590000e-01	-1.578134e+00	1.560092e+00	-3.471563e+00	-3.313916e+00	-1.576470e-01
7.600000e-01	-1.578141e+00	1.560109e+00	-3.471555e+00	-3.313918e+00	-1.576365e-01
7.610000e-01	-1.578145e+00	1.560103e+00	-3.471576e+00	-3.313933e+00	-1.576430e-01
7.620000e-01	-1.578140e+00	1.560108e+00	-3.471553e+00	-3.313916e+00	-1.576368e-01
7.630000e-01	-1.578142e+00	1.560100e+00	-3.471575e+00	-3.313930e+00	-1.576457e-01
7.640000e-01	-1.578135e+00	1.560104e+00	-3.471548e+00	-3.313909e+00	-1.576389e-01
7.650000e-01	-1.578131e+00	1.560091e+00	-3.471555e+00	-3.313909e+00	-1.576462e-01
7.660000e-01	-1.578131e+00	1.560100e+00	-3.471540e+00	-3.313901e+00	-1.576392e-01
7.670000e-01	-1.578131e+00	1.560089e+00	-3.471560e+00	-3.313911e+00	-1.576495e-01
7.680000e-01	-1.578125e+00	1.560094e+00	-3.471533e+00	-3.313892e+00	-1.576416e-01
7.690000e-01	-1.578126e+00	1.560085e+00	-3.471550e+00	-3.313901e+00	-1.576493e-01
7.700000e-01	-1.578115e+00	1.560083e+00	-3.471516e+00	-3.313873e+00	-1.576435e-01
7.710000e-01	-1.578110e+00	1.560069e+00	-3.471525e+00	-3.313872e+00	-1.576526e-01
7.720000e-01	-1.578110e+00	1.560080e+00	-3.471507e+00	-3.313864e+00	-1.576434e-01
7.730000e-01	-1.578109e+00	1.560067e+00	-3.471520e+00	-3.313869e+00	-1.576510e-01
7.740000e-01	-1.578096e+00	1.560067e+00	-3.471482e+00	-3.313837e+00	-1.576451e-01
7.750000e-01	-1.578095e+00	1.560055e+00	-3.471504e+00	-3.313847e+00	-1.576565e-01
7.760000e-01	-1.578083e+00	1.560054e+00	-3.471460e+00	-3.313813e+00	-1.576467e-01
7.770000e-01	-1.578082e+00	1.560042e+00	-3.471475e+00	-3.313819e+00	-1.576560e-01
7.780000e-01	-1.578078e+00	1.560049e+00	-3.471445e+00	-3.313801e+00	-1.576446e-01
7.790000e-01	-1.578084e+00	1.560045e+00	-3.471477e+00	-3.313823e+00	-1.576543e-01
7.800000e-01	-1.578083e+00	1.560057e+00	-3.471445e+00	-3.313806e+00	-1.576398e-01
7.810000e-01	-1.578092e+00	1.560054e+00	-3.471483e+00	-3.313834e+00	-1.576493e-01
7.820000e-01	-1.578081e+00	1.560054e+00	-3.471447e+00	-3.313805e+00	-1.576426e-01
7.830000e-01	-1.578073e+00	1.560033e+00	-3.471454e+00	-3.313800e+00	-1.576540e-01
7.840000e-01	-1.578064e+00	1.560037e+00	-3.471415e+00	-3.313772e+00	-1.576434e-01
7.850000e-01	-1.578066e+00	1.560026e+00	-3.471441e+00	-3.313787e+00	-1.576544e-01
7.860000e-01	-1.578057e+00	1.560031e+00	-3.471403e+00	-3.313758e+00	-1.576451e-01
7.870000e-01	-1.578063e+00	1.560025e+00	-3.471431e+00	-3.313779e+00	-1.576523e-01
7.880000e-01	-1.578057e+00	1.560031e+00	-3.471395e+00	-3.313754e+00	-1.576409e-01
7.890000e-01	-1.578058e+00	1.560022e+00	-3.471415e+00	-3.313766e+00	-1.576495e-01
7.900000e-01	-1.578055e+00	1.560031e+00	-3.471388e+00	-3.313749e+00	-1.576384e-01
7.910000e-01	-1.578057e+00	1.560021e+00	-3.471407e+00	-3.313761e+00	-1.576467e-01
7.920000e-01	-1.578053e+00	1.560030e+00	-3.471377e+00	-3.313741e+00	-1.576356e-01
7.930000e-01	-1.578062e+00	1.560028e+00	-3.471416e+00	-3.313770e+00	-1.576455e-01
7.940000e-01	-1.578057e+00	1.560035e+00	-3.471395e+00	-3.313755e+00	-1.576400e-01
7.950000e-01	-1.578057e+00	1.560023e+00	-3.471409e+00	-3.313762e+00	-1.576473e-01
7.960000e-01	-1.578059e+00	1.560036e+00	-3.471385e+00	-3.313751e+00	-1.576340e-01
7.970000e-01	-1.578060e+00	1.560024e+00	-3.471411e+00	-3.313765e+00	-1.576455e-01
7.980000e-01	-1.578048e+00	1.560025e+00	-3.471370e+00	-3.313733e+00	-1.576369e-01
7.990000e-01	-1.578051e+00	1.560016e+00	-3.471398e+00	-3.313750e+00	-1.576476e-01
8.000000e-01	-1.578045e+00	1.560022e+00	-3.471362e+00	-3.313726e+00	-1.576359e-01
8.010000e-01	-1.578050e+00	1.560015e+00	-3.471394e+00	-3.313747e+00	-1.576469e-01
8.020000e-01	-1.578050e+00	1.560025e+00	-3.471373e+00	-3.313736e+00	-1.576366e-01
8.030000e-01	-1.578052e+00	1.560015e+00	-3.471394e+00	-3.313748e+00	-1.576452e-01
8.040000e-01	-1.578047e+00	1.560022e+00	-3.471360e+00	-3.313727e+00	-1.576332e-01
8.050000e-01	-1.578053e+00	1.560018e+00	-3.471391e+00	-3.313749e+00	-1.576423e-01
8.060000e-01	-1.578048e+00	1.560023e+00	-3.471367e+00	-3.313731e+00	-1.576355e-01
8.070000e-01	-1.578049e+00	1.560012e+00	-3.471392e+00	-3.313745e+00	-1.576472e-01
8.080000e-01	-1.578050e+00	1.560024e+00	-3.471364e+00	-3.313732e+00	-1.576325e-01
8.090000e-01	-1.578054e+00	1.560018e+00	-3.471391e+00	-3.313749e+00	-1.576413e-01
8.100000e-01	-1.578046e+00	1.560022e+00	-3.471354e+00	-3.313724e+00	-1.576307e-01
8.110000e-01	-1.578053e+00	1.560018e+00	-3.471381e+00	-3.313743e+00	-1.576377e-01
8.120000e-01	-1.578052e+00	1.560028e+00	-3.471357e+00	-3.313731e+00	-1.576263e-01
8.130000e-01	-1.578056e+00	1.560021e+00	-3.471388e+00	-3.313750e+00	-1.576378e-01
8.140000e-01	-1.578056e+00	1.560030e+00	-3.471371e+00	-3.313742e+00	-1.576296e-01
8.150000e-01	-1.578057e+00	1.560021e+00	-3.471396e+00	-3.313755e+00	-1.576406e-01
8.160000e-01	-1.578053e+00	1.560028e+00	-3.471362e+00	-3.313735e+00	-1.576277e-01
8.170000e-01	-1.578061e+00	1.560025e+00	-3.471395e+00	-3.313758e+00	-1.576367e-01
8.180000e-01	-1.578056e+00	1.560030e+00	-3.471372e+00	-3.313742e+00	-1.576297e-01
8.190000e-01	-1.578059e+00	1.560024e+00	-3.471398e+00	-3.313757e+00	-1.576402e-01
8.200000e-01	-1.578062e+00	1.560038e+00	-3.471376e+00	-3.313750e+00	-1.576259e-01
8.210000e-01	-1.578068e+00	1.560033e+00	-3.471405e+00	-3.313770e+00	-1.576345e-01
8.220000e-01	-1.578062e+00	1.560037e+00	-3.471381e+00	-3.313752e+00	-1.576291e-01
8.230000e-01	-1.578061e+00	1.560026e+00	-3.471397e+00	-3.313760e+00	-1.576370e-01
8.240000e-01	-1.578056e+00	1.560031e+00	-3.471372e+00	-3.313742e+00	-1.576296e-01
8.250000e-01	-1.578057e+00	1.560022e+00	-3.471385e+00	-3.313749e+00	-1.576360e-01
8.260000e-01	-1.578061e+00	1.560036e+00	-3.471379e+00	-3.313751e+00	-1.576286e-01
8.270000e-01	-1.578068e+00	1.560033e+00	-3.471411e+00	-3.313774e+00	-1.576378e-01
8.280000e-01	-1.578066e+00	1.560042e+00	-3.471386e+00	-3.313759e+00	-1.576266e-01
8.290000e-01	-1.578067e+00	1.560034e+00	-3.471403e+00	-3.313769e+00	-1.576339e-01
8.300000e-01	-1.578062e+00	1.560036e+00	-3.471381e+00	-3.313752e+00	-1.576291e-01
8.310000e-01	-1.578058e+00	1.560025e+00	-3.471392e+00	-3.313755e+00	-1.576378e-01
8.320000e-01	-1.578064e+00	1.560039e+00	-3.471383e+00	-3.313756e+00	-1.576272e-01
8.330000e-01	-1.578067e+00	1.560031e+00	-3.471409e+00	-3.313772e+00	-1.576372e-01
8.340000e-01	-1.578060e+00	1.560033e+00	-3.471386e+00	-3.313754e+00	-1.576329e-01
8.350000e-01	-1.578062e+00	1.560026e+00	-3.471408e+00	-3.313766e+00	-1.576421e-01
8.360000e-01	-1.578060e+00	1.560032e+00	-3.471387e+00	-3.313753e+00	-1.576335e-01
8.370000e-01	-1.578057e+00	1.560022e+00	-3.471396e+00	-3.313755e+00	-1.576408e-01
8.380000e-01	-1.578061e+00	1.560033e+00	-3.471392e+00	-3.313758e+00	-1.576348e-01
8.390000e-01	-1.578065e+00	1.560029e+00	-3.471414e+00	-3.313771e+00	-1.576424e-01
8.400000e-01	-1.578067e+00	1.560039e+00	-3.471397e+00	-3.313766e+00	-1.576316e-01
8.410000e-01	-1.578072e+00	1.560036e+00	-3.471418e+00	-3.313781e+00	-1.576375e-01
8.420000e-01	-1.578069e+00	1.560037e+00	-3.471406e+00	-3.313772e+00	-1.576340e-01
8.430000e-01	-1.578060e+00	1.560023e+00	-3.471409e+00	-3.313764e+00	-1.576450e-01
8.440000e-01	-1.578063e+00	1.560032e+00	-3.471399e+00	-3.313763e+00	-1.576361e-01
8.450000e-01	-1.578063e+00	1.560025e+00	-3.471414e+00	-3.313770e+00	-1.576443e-01
8.460000e-01	-1.578064e+00	1.560032e+00	-3.471410e+00	-3.313769e+00	-1.576404e-01
8.470000e-01	-1.578067e+00	1.560030e+00	-3.471424e+00	-3.313779e+00	-1.576451e-01
8.480000e-01	-1.578071e+00	1.560038e+00	-3.471418e+00	-3.313781e+00	-1.576377e-01
8.490000e-01	-1.578065e+00	1.560028e+00	-3.471421e+00	-3.313776e+00	-1.576454e-01
8.500000e-01	-1.578068e+00	1.560034e+00	-3.471418e+00	-3.313778e+00	-1.576408e-01
8.510000e-01	-1.578064e+00	1.560026e+00	-3.471426e+00	-3.313777e+00	-1.576487e-01
8.520000e-01	-1.578067e+00	1.560033e+00	-3.471413e+00	-3.313773e+00	-1.576400e-01
8.530000e-01	-1.578066e+00	1.560030e+00	-3.471422e+00	-3.313777e+00	-1.576449e-01
8.540000e-01	-1.578067e+00	1.560032e+00	-3.471416e+00	-3.313775e+00	-1.576410e-01
8.550000e-01	-1.578060e+00	1.560024e+00	-3.471420e+00	-3.313771e+00	-1.576499e-01
8.560000e-01	-1.578069e+00	1.560035e+00	-3.471416e+00	-3.313777e+00	-1.576393e-01
8.570000e-01	-1.578068e+00	1.560031e+00	-3.471431e+00	-3.313783e+00	-1.576471e-01
8.580000e-01	-1.578066e+00	1.560032e+00	-3.471418e+00	-3.313775e+00	-1.576424e-01
8.590000e-01	-1.578065e+00	1.560028e+00	-3.471431e+00	-3.313781e+00	-1.576505e-01
8.600000e-01	-1.578068e+00	1.560033e+00	-3.471421e+00	-3.313778e+00	-1.576427e-01
8.610000e-01	-1.578063e+00	1.560025e+00	-3.471430e+00	-3.313778e+00	-1.576516e-01
8.620000e-01	-1.578066e+00	1.560031e+00	-3.471423e+00	-3.313778e+00	-1.576454e-01
8.630000e-01	-1.578061e+00	1.560022e+00	-3.471432e+00	-3.313777e+00	-1.576548e-01
8.640000e-01	-1.578058e+00	1.560025e+00	-3.471407e+00	-3.313761e+00	-1.576453e-01
8.650000e-01	-1.578059e+00	1.560022e+00	-3.471422e+00	-3.313770e+00	-1.576521e-01
8.660000e-01	-1.578059e+00	1.560025e+00	-3.471413e+00	-3.313766e+00	-1.576472e-01
8.670000e-01	-1.578058e+00	1.560020e+00	-3.471429e+00	-3.313773e+00	-1.576566e-01
8.680000e-01	-1.578067e+00	1.560033e+00	-3.471423e+00	-3.313779e+00	-1.576442e-01
8.690000e-01	-1.578066e+00	1.560027e+00	-3.471434e+00	-3.313783e+00	-1.576506e-01
8.700000e-01	-1.578065e+00	1.560032e+00	-3.471420e+00	-3.313774e+00	-1.576451e-01
8.710000e-01	-1.578064e+00	1.560026e+00	-3.471428e+00	-3.313778e+00	-1.576501e-01
8.720000e-01	-1.578064e+00	1.560032e+00	-3.471412e+00	-3.313771e+00	-1.576417e-01
8.730000e-01	-1.578062e+00	1.560023e+00	-3.471426e+00	-3.313775e+00	-1.576510e-01
8.740000e-01	-1.578065e+00	1.560033e+00	-3.471422e+00	-3.313776e+00	-1.576462e-01
8.750000e-01	-1.578064e+00	1.560025e+00	-3.471436e+00	-3.313782e+00	-1.576537e-01
8.760000e-01	-1.578065e+00	1.560034e+00	-3.471419e+00	-3.313775e+00	-1.576440e-01
8.770000e-01	-1.578067e+00	1.560028e+00	-3.471432e+00	-3.313783e+00	-1.576489e-01
8.780000e-01	-1.578062e+00	1.560029e+00	-3.471412e+00	-3.313769e+00	-1.576438e-01
8.790000e-01	-1.578057e+00	1.560019e+00	-3.471422e+00	-3.313768e+00	-1.576539e-01
8.800000e-01	-1.578063e+00	1.560032e+00	-3.471413e+00	-3.313769e+00	-1.576433e-01
8.810000e-01	-1.578065e+00	1.560027e+00	-3.471437e+00	-3.313783e+00	-1.576532e-01
8.820000e-01	-1.578058e+00	1.560028e+00	-3.471403e+00	-3.313760e+00	-1.576432e-01
8.830000e-01	-1.578057e+00	1.560020e+00	-3.471416e+00	-3.313765e+00	-1.576510e-01
8.840000e-01	-1.578057e+00	1.560027e+00	-3.471399e+00	-3.313756e+00	-1.576426e-01
8.850000e-01	-1.578055e+00	1.560019e+00	-3.471415e+00	-3.313762e+00	-1.576529e-01
8.860000e-01	-1.578057e+00	1.560027e+00	-3.471401e+00	-3.313757e+00	-1.576439e-01
8.870000e-01	-1.578058e+00	1.560020e+00	-3.471423e+00	-3.313769e+00	-1.576539e-01
8.880000e-01	-1.578054e+00	1.560024e+00	-3.471394e+00	-3.313751e+00	-1.576426e-01
8.890000e-01	-1.578052e+00	1.560016e+00	-3.471410e+00	-3.313757e+00	-1.576527e-01
8.900000e-01	-1.578043e+00	1.560013e+00	-3.471376e+00	-3.313731e+00	-1.576444e-01
8.910000e-01	-1.578037e+00	1.560001e+00	-3.471380e+00	-3.313726e+00	-1.576533e-01
8.920000e-01	-1.578044e+00	1.560016e+00	-3.471372e+00	-3.313730e+00	-1.576413e-01
8.930000e-01	-1.578047e+00	1.560011e+00	-3.471391e+00	-3.313743e+00	-1.576489e-01
8.940000e-01	-1.578044e+00	1.560015e+00	-3.471378e+00	-3.313733e+00	-1.576449e-01
8.950000e-01	-1.578042e+00	1.560007e+00	-3.471388e+00	-3.313736e+00	-1.576521e-01
8.960000e-01	-1.578041e+00	1.560012e+00	-3.471370e+00	-3.313726e+00	-1.576435e-01
8.970000e-01	-1.578035e+00	1.560000e+00	-3.471370e+00	-3.313720e+00	-1.576504e-01
8.980000e-01	-1.578036e+00	1.560005e+00	-3.471356e+00	-3.313713e+00	-1.576423e-01
8.990000e-01	-1.578036e+00	1.560001e+00	-3.471376e+00	-3.313724e+00	-1.576520e-01
9.000000e-01	-1.578041e+00	1.560013e+00	-3.471359e+00	-3.313720e+00	-1.576386e-01
9.010000e-01	-1.578048e+00	1.560015e+00	-3.471388e+00	-3.313742e+00	-1.576459e-01
9.020000e-01	-1.578048e+00	1.560020e+00	-3.471376e+00	-3.313737e+00	-1.576397e-01
9.030000e-01	-1.578043e+00	1.560009e+00	-3.471384e+00	-3.313735e+00	-1.576489e-01
9.040000e-01	-1.578050e+00	1.560020e+00	-3.471377e+00	-3.313738e+00	-1.576392e-01
9.050000e-01	-1.578053e+00	1.560017e+00	-3.471398e+00	-3.313752e+00	-1.576463e-01
9.060000e-01	-1.578054e+00	1.560023e+00	-3.471390e+00	-3.313749e+00	-1.576414e-01
9.070000e-01	-1.578056e+00	1.560020e+00	-3.471409e+00	-3.313761e+00	-1.576480e-01
9.080000e-01	-1.578056e+00	1.560025e+00	-3.471392e+00	-3.313752e+00	-1.576396e-01
9.090000e-01	-1.578051e+00	1.560016e+00	-3.471394e+00	-3.313748e+00	-1.576463e-01
9.100000e-01	-1.578054e+00	1.560024e+00	-3.471385e+00	-3.313746e+00	-1.576392e-01
9.110000e-01	-1.578053e+00	1.560017e+00	-3.471398e+00	-3.313752e+00	-1.576459e-01
9.120000e-01	-1.578057e+00	1.560027e+00	-3.471389e+00	-3.313752e+00	-1.576373e-01
9.130000e-01	-1.578063e+00	1.560027e+00	-3.471412e+00	-3.313769e+00	-1.576434e-01
9.140000e-01	-1.578063e+00	1.560031e+00	-3.471402e+00	-3.313764e+00	-1.576384e-01
9.150000e-01	-1.578057e+00	1.560021e+00	-3.471408e+00	-3.313761e+00	-1.576472e-01
9.160000e-01	-1.578064e+00	1.560033e+00	-3.471403e+00	-3.313765e+00	-1.576377e-01
9.170000e-01	-1.578062e+00	1.560025e+00	-3.471408e+00	-3.313766e+00	-1.576425e-01
9.180000e-01	-1.578060e+00	1.560030e+00	-3.471394e+00	-3.313757e+00	-1.576372e-01
9.190000e-01	-1.578063e+00	1.560027e+00	-3.471414e+00	-3.313770e+00	-1.576446e-01
9.200000e-01	-1.578065e+00	1.560035e+00	-3.471410e+00	-3.313770e+00	-1.576399e-01
9.210000e-01	-1.578066e+00	1.560027e+00	-3.471434e+00	-3.313783e+00	-1.576510e-01
9.220000e-01	-1.578068e+00	1.560033e+00	-3.471438e+00	-3.313787e+00	-1.576514e-01
9.230000e-01	-1.578066e+00	1.560023e+00	-3.471453e+00	-3.313792e+00	-1.576606e-01
9.240000e-01	-1.578063e+00	1.560027e+00	-3.471436e+00	-3.313781e+00	-1.576556e-01
9.250000e-01	-1.578066e+00	1.560025e+00	-3.471455e+00	-3.313794e+00	-1.576610e-01
9.260000e-01	-1.578065e+00	1.560030e+00	-3.471441e+00	-3.313786e+00	-1.576551e-01
9.270000e-01	-1.578067e+00	1.560026e+00	-3.471457e+00	-3.313796e+00	-1.576609e-01
9.280000e-01	-1.578078e+00	1.560042e+00	-3.471459e+00	-3.313807e+00	-1.576517e-01
9.290000e-01	-1.578080e+00	1.560036e+00	-3.471474e+00	-3.313817e+00	-1.576575e-01
9.300000e-01	-1.578076e+00	1.560039e+00	-3.471459e+00	-3.313806e+00	-1.576532e-01
9.310000e-01	-1.578085e+00	1.560040e+00	-3.471495e+00	-3.313832e+00	-1.576629e-01
9.320000e-01	-1.578093e+00	1.560053e+00	-3.471498e+00	-3.313842e+00	-1.576566e-01
9.330000e-01	-1.578101e+00	1.560055e+00	-3.471534e+00	-3.313868e+00	-1.576665e-01
9.340000e-01	-1.578110e+00	1.560071e+00	-3.471533e+00	-3.313877e+00	-1.576560e-01
9.350000e-01	-1.578118e+00	1.560072e+00	-3.471554e+00	-3.313895e+00	-1.576593e-01
9.360000e-01	-1.578128e+00	1.560088e+00	-3.471552e+00	-3.313904e+00	-1.576483e-01
9.370000e-01	-1.578142e+00	1.560095e+00	-3.471595e+00	-3.313940e+00	-1.576550e-01
9.380000e-01	-1.578150e+00	1.560105e+00	-3.471603e+00	-3.313951e+00	-1.576520e-01
9.390000e-01	-1.578156e+00	1.560104e+00	-3.471639e+00	-3.313975e+00	-1.576634e-01
9.400000e-01	-1.578172e+00	1.560125e+00	-3.471655e+00	-3.314000e+00	-1.576555e-01
9.410000e-01	-1.578178e+00	1.560124e+00	-3.471684e+00	-3.314020e+00	-1.576639e-01
9.420000e-01	-1.578179e+00	1.560131e+00	-3.471669e+00	-3.314014e+00	-1.576552e-01
9.430000e-01	-1.578183e+00	1.560129e+00	-3.471683e+00	-3.314025e+00	-1.576584e-01
9.440000e-01	-1.578190e+00	1.560144e+00	-3.471673e+00	-3.314027e+00	-1.576461e-01
9.450000e-01	-1.578199e+00	1.560147e+00	-3.471699e+00	-3.314048e+00	-1.576511e-01
9.460000e-01	-1.578212e+00	1.560167e+00	-3.471703e+00	-3.314064e+00	-1.576394e-01
9.470000e-01	-1.578222e+00	1.560171e+00	-3.471734e+00	-3.314089e+00	-1.576450e-01
9.480000e-01	-1.578226e+00	1.560184e+00	-3.471715e+00	-3.314084e+00	-1.576316e-01
9.490000e-01	-1.578228e+00	1.560182e+00	-3.471734e+00	-3.314095e+00	-1.576388e-01
9.500000e-01	-1.578219e+00	1.560181e+00	-3.471693e+00	-3.314065e+00	-1.576274e-01
9.510000e-01	-1.578209e+00	1.560168e+00	-3.471683e+00	-3.314050e+00	-1.576331e-01
9.520000e-01	-1.578210e+00	1.560178e+00	-3.471658e+00	-3.314039e+00	-1.576188e-01
9.530000e-01	-1.578203e+00	1.560167e+00	-3.471663e+00	-3.314034e+00	-1.576287e-01
9.540000e-01	-1.578188e+00	1.560161e+00	-3.471615e+00	-3.313995e+00	-1.576201e-01
9.550000e-01	-1.578175e+00	1.560144e+00	-3.471605e+00	-3.313978e+00	-1.576276e-01
9.560000e-01	-1.578161e+00	1.560139e+00	-3.471556e+00	-3.313939e+00	-1.576166e-01
9.570000e-01	-1.578144e+00	1.560118e+00	-3.471541e+00	-3.313915e+00	-1.576264e-01
9.580000e-01	-1.578131e+00	1.560113e+00	-3.471501e+00	-3.313881e+00	-1.576198e-01
9.590000e-01	-1.578114e+00	1.560092e+00	-3.471491e+00	-3.313860e+00	-1.576315e-01
9.600000e-01	-1.578099e+00	1.560086e+00	-3.471442e+00	-3.313820e+00	-1.576221e-01
9.610000e-01	-1.578086e+00	1.560068e+00	-3.471436e+00	-3.313804e+00	-1.576316e-01
9.620000e-01	-1.578065e+00	1.560052e+00	-3.471384e+00	-3.313757e+00	-1.576275e-01
9.630000e-01	-1.578040e+00	1.560022e+00	-3.471356e+00	-3.313718e+00	-1.576382e-01
9.640000e-01	-1.578031e+00	1.560020e+00	-3.471322e+00	-3.313692e+00	-1.576297e-01
9.650000e-01	-1.578022e+00	1.560004e+00	-3.471322e+00	-3.313683e+00	-1.576392e-01
9.660000e-01	-1.578014e+00	1.560002e+00	-3.471294e+00	-3.313661e+00	-1.576336e-01
9.670000e-01	-1.578009e+00	1.559989e+00	-3.471302e+00	-3.313660e+00	-1.576419e-01
9.680000e-01	-1.578004e+00	1.559987e+00	-3.471276e+00	-3.313641e+00	-1.576343e-01
9.690000e-01	-1.577993e+00	1.559970e+00	-3.471271e+00	-3.313629e+00	-1.576423e-01
9.700000e-01	-1.577992e+00	1.559974e+00	-3.471255e+00	-3.313620e+00	-1.576353e-01
9.710000e-01	-1.577994e+00	1.559968e+00	-3.471272e+00	-3.313630e+00	-1.576417e-01
9.720000e-01	-1.578007e+00	1.559985e+00	-3.471275e+00	-3.313644e+00	-1.576305e-01
9.730000e-01	-1.578024e+00	1.559994e+00	-3.471327e+00	-3.313687e+00	-1.576391e-01
9.740000e-01	-1.578032e+00	1.560004e+00	-3.471322e+00	-3.313693e+00	-1.576288e-01
9.750000e-01	-1.578039e+00	1.560005e+00	-3.471352e+00	-3.313715e+00	-1.576365e-01
9.760000e-01	-1.578058e+00	1.560026e+00	-3.471360e+00	-3.313738e+00	-1.576224e-01
9.770000e-01	-1.578071e+00	1.560033e+00	-3.471402e+00	-3.313772e+00	-1.576297e-01
9.780000e-01	-1.578086e+00	1.560052e+00	-3.471415e+00	-3.313794e+00	-1.576211e-01
9.790000e-01	-1.578106e+00	1.560066e+00	-3.471468e+00	-3.313839e+00	-1.576284e-01
9.800000e-01	-1.578124e+00	1.560088e+00	-3.471478e+00	-3.313863e+00	-1.576147e-01
9.810000e-01	-1.578136e+00	1.560096e+00	-3.471517e+00	-3.313894e+00	-1.576225e-01
9.820000e-01	-1.578150e+00	1.560113e+00	-3.471531e+00	-3.313915e+00	-1.576161e-01
9.830000e-01	-1.578151e+00	1.560110e+00	-3.471547e+00	-3.313924e+00	-1.576232e-01
9.840000e-01	-1.578156e+00	1.560120e+00	-3.471547e+00	-3.313929e+00	-1.576179e-01
9.850000e-01	-1.578156e+00	1.560118e+00	-3.471564e+00	-3.313938e+00	-1.576258e-01
9.860000e-01	-1.578155e+00	1.560120e+00	-3.471557e+00	-3.313934e+00	-1.576231e-01
9.870000e-01	-1.578143e+00	1.560106e+00	-3.471550e+00	-3.313919e+00	-1.576318e-01
9.880000e-01	-1.578143e+00	1.560110e+00	-3.471536e+00	-3.313910e+00	-1.576253e-01
9.890000e-01	-1.578127e+00	1.560093e+00	-3.471524e+00	-3.313889e+00	-1.576346e-01
9.900000e-01	-1.578111e+00	1.560084e+00	-3.471483e+00	-3.313852e+00	-1.576302e-01
9.910000e-01	-1.578094e+00	1.560065e+00	-3.471467e+00	-3.313828e+00	-1.576388e-01
9.920000e-01	-1.578082e+00	1.560057e+00	-3.471434e+00	-3.313799e+00	-1.576355e-01
9.930000e-01	-1.578060e+00	1.560031e+00	-3.471412e+00	-3.313766e+00	-1.576458e-01
9.940000e-01	-1.578043e+00	1.560019e+00	-3.471377e+00	-3.313732e+00	-1.576454e-01
9.950000e-01	-1.578021e+00	1.559992e+00	-3.471351e+00	-3.313696e+00	-1.576544e-01
9.960000e-01	-1.578006e+00	1.559984e+00	-3.471313e+00	-3.313663e+00	-1.576504e-01
9.970000e-01	-1.577993e+00	1.559966e+00	-3.471300e+00	-3.313643e+00	-1.576573e-01
9.980000e-01	-1.577980e+00	1.559955e+00	-3.471271e+00	-3.313615e+00	-1.576559e-01
9.990000e-01	-1.577966e+00	1.559937e+00	-3.471266e+00	-3.313599e+00	-1.576669e-01
1.000000e+00	-1.577966e+00	1.559941e+00	-3.471247e+00	-3.313590e+00	-1.576574e-01
