# Force coefficients
# liftDir    : (0.000000e+00 1.000000e+00 0.000000e+00)
# dragDir    : (1.000000e+00 0.000000e+00 0.000000e+00)
# pitchAxis  : (0.000000e+00 0.000000e+00 1.000000e+00)
# magUInf    : 5.148000e+01
# lRef       : 4.530000e-01
# Aref       : 4.348800e-01
# CofR       : (0.000000e+00 0.000000e+00 0.000000e+00)
# Time       	Cm           	Cd           	Cl           	Cl(f)        	Cl(r)        	Cm	Cd	Cl	Cl(f)	Cl(r)
1.000000e-03	-1.401971e-03	1.531279e-03	-2.361901e-03	-2.582922e-03	2.210208e-04
2.000000e-03	-5.328916e-03	6.002735e-03	-9.511981e-03	-1.008491e-02	5.729258e-04
3.000000e-03	-7.846509e-03	8.878834e-03	-1.470591e-02	-1.519947e-02	4.935523e-04
4.000000e-03	-8.274876e-03	9.358763e-03	-1.636468e-02	-1.645721e-02	9.253743e-05
5.000000e-03	-7.826204e-03	8.798782e-03	-1.655672e-02	-1.610456e-02	-4.521572e-04
6.000000e-03	-7.665384e-03	8.444542e-03	-1.733745e-02	-1.633411e-02	-1.003340e-03
7.000000e-03	-8.119382e-03	8.677329e-03	-1.914781e-02	-1.769328e-02	-1.454521e-03
8.000000e-03	-9.403369e-03	9.806721e-03	-2.241260e-02	-2.060967e-02	-1.802931e-03
9.000000e-03	-1.126587e-02	1.159015e-02	-2.671250e-02	-2.462212e-02	-2.090380e-03
1.000000e-02	-1.326801e-02	1.356792e-02	-3.124026e-02	-2.888813e-02	-2.352121e-03
1.100000e-02	-1.503706e-02	1.531306e-02	-3.536995e-02	-3.272203e-02	-2.647920e-03
1.200000e-02	-1.666934e-02	1.694198e-02	-3.930226e-02	-3.632047e-02	-2.981793e-03
1.300000e-02	-1.813534e-02	1.839052e-02	-4.298884e-02	-3.962976e-02	-3.359076e-03
1.400000e-02	-1.956780e-02	1.979799e-02	-4.664118e-02	-4.288839e-02	-3.752790e-03
1.500000e-02	-2.120770e-02	2.141201e-02	-5.074365e-02	-4.657953e-02	-4.164126e-03
1.600000e-02	-2.331069e-02	2.350585e-02	-5.581414e-02	-5.121777e-02	-4.596378e-03
1.700000e-02	-2.586329e-02	2.604921e-02	-6.188256e-02	-5.680457e-02	-5.077991e-03
1.800000e-02	-2.876100e-02	2.893584e-02	-6.878348e-02	-6.315273e-02	-5.630742e-03
1.900000e-02	-3.180002e-02	3.194099e-02	-7.614306e-02	-6.987155e-02	-6.271514e-03
2.000000e-02	-3.481767e-02	3.489090e-02	-8.361558e-02	-7.662546e-02	-6.990127e-03
2.100000e-02	-3.768763e-02	3.765404e-02	-9.091881e-02	-8.314704e-02	-7.771775e-03
2.200000e-02	-4.036571e-02	4.018256e-02	-9.792274e-02	-8.932708e-02	-8.595659e-03
2.300000e-02	-4.302826e-02	4.266472e-02	-1.049231e-01	-9.548981e-02	-9.433298e-03
2.400000e-02	-4.585891e-02	4.530525e-02	-1.122670e-01	-1.019924e-01	-1.027460e-02
2.500000e-02	-4.896638e-02	4.824398e-02	-1.201474e-01	-1.090401e-01	-1.110731e-02
2.600000e-02	-5.237819e-02	5.151680e-02	-1.286138e-01	-1.166851e-01	-1.192873e-02
2.700000e-02	-5.616457e-02	5.519320e-02	-1.378974e-01	-1.251133e-01	-1.278412e-02
2.800000e-02	-6.026634e-02	5.919878e-02	-1.479379e-01	-1.342353e-01	-1.370260e-02
2.900000e-02	-6.455098e-02	6.340546e-02	-1.584649e-01	-1.437834e-01	-1.468147e-02
3.000000e-02	-6.884578e-02	6.763136e-02	-1.691143e-01	-1.534029e-01	-1.571139e-02
3.100000e-02	-7.315288e-02	7.188216e-02	-1.798659e-01	-1.630858e-01	-1.678008e-02
3.200000e-02	-7.744447e-02	7.613160e-02	-1.905988e-01	-1.727438e-01	-1.785491e-02
3.300000e-02	-8.173055e-02	8.039555e-02	-2.012932e-01	-1.823771e-01	-1.891605e-02
3.400000e-02	-8.614452e-02	8.480480e-02	-2.121527e-01	-1.922209e-01	-1.993182e-02
3.500000e-02	-9.076782e-02	8.944184e-02	-2.234265e-01	-2.024811e-01	-2.094544e-02
3.600000e-02	-9.560118e-02	9.430703e-02	-2.350971e-01	-2.131497e-01	-2.194738e-02
3.700000e-02	-1.005592e-01	9.932197e-02	-2.470162e-01	-2.240673e-01	-2.294891e-02
3.800000e-02	-1.057565e-01	1.045909e-01	-2.594308e-01	-2.354719e-01	-2.395890e-02
3.900000e-02	-1.111872e-01	1.101079e-01	-2.723575e-01	-2.473659e-01	-2.499161e-02
4.000000e-02	-1.168091e-01	1.158173e-01	-2.856950e-01	-2.596566e-01	-2.603834e-02
4.100000e-02	-1.224741e-01	1.215699e-01	-2.990978e-01	-2.720230e-01	-2.707480e-02
4.200000e-02	-1.282600e-01	1.274377e-01	-3.127254e-01	-2.846227e-01	-2.810274e-02
4.300000e-02	-1.340965e-01	1.333536e-01	-3.263934e-01	-2.972932e-01	-2.910025e-02
4.400000e-02	-1.401402e-01	1.394615e-01	-3.403653e-01	-3.103228e-01	-3.004244e-02
4.500000e-02	-1.462352e-01	1.456113e-01	-3.543519e-01	-3.234111e-01	-3.094072e-02
4.600000e-02	-1.524405e-01	1.518577e-01	-3.683986e-01	-3.366398e-01	-3.175875e-02
4.700000e-02	-1.587942e-01	1.582449e-01	-3.825952e-01	-3.500918e-01	-3.250339e-02
4.800000e-02	-1.654262e-01	1.648911e-01	-3.972326e-01	-3.640425e-01	-3.319006e-02
4.900000e-02	-1.722507e-01	1.717037e-01	-4.122027e-01	-3.783520e-01	-3.385068e-02
5.000000e-02	-1.792865e-01	1.786828e-01	-4.276249e-01	-3.930989e-01	-3.452596e-02
5.100000e-02	-1.864671e-01	1.857652e-01	-4.434147e-01	-4.081744e-01	-3.524031e-02
5.200000e-02	-1.937258e-01	1.928656e-01	-4.594707e-01	-4.234612e-01	-3.600955e-02
5.300000e-02	-2.009806e-01	1.999123e-01	-4.755789e-01	-4.387700e-01	-3.680887e-02
5.400000e-02	-2.082633e-01	2.069273e-01	-4.918011e-01	-4.541639e-01	-3.763721e-02
5.500000e-02	-2.154539e-01	2.137911e-01	-5.078856e-01	-4.693967e-01	-3.848887e-02
5.600000e-02	-2.226283e-01	2.205705e-01	-5.239766e-01	-4.846166e-01	-3.936002e-02
5.700000e-02	-2.297312e-01	2.272122e-01	-5.399748e-01	-4.997186e-01	-4.025622e-02
5.800000e-02	-2.368151e-01	2.337624e-01	-5.560089e-01	-5.148196e-01	-4.118931e-02
5.900000e-02	-2.440070e-01	2.403518e-01	-5.723307e-01	-5.301723e-01	-4.215834e-02
6.000000e-02	-2.513598e-01	2.470343e-01	-5.890794e-01	-5.458995e-01	-4.317992e-02
6.100000e-02	-2.587586e-01	2.537014e-01	-6.060597e-01	-5.617885e-01	-4.427122e-02
6.200000e-02	-2.662231e-01	2.603724e-01	-6.232780e-01	-5.778621e-01	-4.541589e-02
6.300000e-02	-2.737349e-01	2.670278e-01	-6.406928e-01	-5.940813e-01	-4.661149e-02
6.400000e-02	-2.812535e-01	2.736209e-01	-6.582521e-01	-6.103796e-01	-4.787255e-02
6.500000e-02	-2.887472e-01	2.801275e-01	-6.758751e-01	-6.266848e-01	-4.919035e-02
6.600000e-02	-2.961022e-01	2.864396e-01	-6.932835e-01	-6.427440e-01	-5.053954e-02
6.700000e-02	-3.032955e-01	2.925382e-01	-7.103798e-01	-6.584854e-01	-5.189443e-02
6.800000e-02	-3.102221e-01	2.983467e-01	-7.269209e-01	-6.736826e-01	-5.323830e-02
6.900000e-02	-3.167963e-01	3.038024e-01	-7.426929e-01	-6.881427e-01	-5.455012e-02
7.000000e-02	-3.231028e-01	3.089877e-01	-7.578532e-01	-7.020294e-01	-5.582377e-02
7.100000e-02	-3.291278e-01	3.139422e-01	-7.723100e-01	-7.152828e-01	-5.702718e-02
7.200000e-02	-3.348883e-01	3.186844e-01	-7.860737e-01	-7.279251e-01	-5.814859e-02
7.300000e-02	-3.404611e-01	3.233064e-01	-7.992739e-01	-7.400980e-01	-5.917583e-02
7.400000e-02	-3.458572e-01	3.278331e-01	-8.119065e-01	-7.518104e-01	-6.009606e-02
7.500000e-02	-3.510173e-01	3.322154e-01	-8.238578e-01	-7.629462e-01	-6.091160e-02
7.600000e-02	-3.559103e-01	3.364263e-01	-8.350701e-01	-7.734453e-01	-6.162477e-02
7.700000e-02	-3.605590e-01	3.404868e-01	-8.456112e-01	-7.833646e-01	-6.224658e-02
7.800000e-02	-3.649992e-01	3.444477e-01	-8.555171e-01	-7.927577e-01	-6.275941e-02
7.900000e-02	-3.692828e-01	3.483758e-01	-8.648435e-01	-8.017046e-01	-6.313891e-02
8.000000e-02	-3.733791e-01	3.522494e-01	-8.735390e-01	-8.101486e-01	-6.339042e-02
8.100000e-02	-3.773715e-01	3.561566e-01	-8.818098e-01	-8.182764e-01	-6.353345e-02
8.200000e-02	-3.812457e-01	3.600872e-01	-8.895883e-01	-8.260399e-01	-6.354846e-02
8.300000e-02	-3.849864e-01	3.640132e-01	-8.968467e-01	-8.334098e-01	-6.343693e-02
8.400000e-02	-3.885762e-01	3.678955e-01	-9.035171e-01	-8.403347e-01	-6.318235e-02
8.500000e-02	-3.920654e-01	3.717672e-01	-9.096807e-01	-8.469057e-01	-6.277494e-02
8.600000e-02	-3.956162e-01	3.758020e-01	-9.155394e-01	-8.533859e-01	-6.215345e-02
8.700000e-02	-3.992532e-01	3.800114e-01	-9.210677e-01	-8.597871e-01	-6.128059e-02
8.800000e-02	-4.029772e-01	3.843994e-01	-9.263691e-01	-8.661618e-01	-6.020734e-02
8.900000e-02	-4.066860e-01	3.888699e-01	-9.312421e-01	-8.723071e-01	-5.893504e-02
9.000000e-02	-4.103950e-01	3.934586e-01	-9.356072e-01	-8.781986e-01	-5.740860e-02
9.100000e-02	-4.141630e-01	3.981995e-01	-9.396692e-01	-8.839975e-01	-5.567164e-02
9.200000e-02	-4.180343e-01	4.030844e-01	-9.437435e-01	-8.899061e-01	-5.383741e-02
9.300000e-02	-4.219846e-01	4.080467e-01	-9.479689e-01	-8.959691e-01	-5.199988e-02
9.400000e-02	-4.259114e-01	4.129449e-01	-9.522760e-01	-9.020494e-01	-5.022656e-02
9.500000e-02	-4.296247e-01	4.175729e-01	-9.563154e-01	-9.077824e-01	-4.853306e-02
9.600000e-02	-4.330565e-01	4.218843e-01	-9.598310e-01	-9.129720e-01	-4.685895e-02
9.700000e-02	-4.361257e-01	4.258176e-01	-9.625061e-01	-9.173788e-01	-4.512737e-02
9.800000e-02	-4.387495e-01	4.292944e-01	-9.642215e-01	-9.208603e-01	-4.336120e-02
9.900000e-02	-4.410012e-01	4.323876e-01	-9.651384e-01	-9.235704e-01	-4.156804e-02
1.000000e-01	-4.428277e-01	4.350317e-01	-9.652463e-01	-9.254509e-01	-3.979543e-02
1.010000e-01	-4.442033e-01	4.371959e-01	-9.645312e-01	-9.264688e-01	-3.806233e-02
1.020000e-01	-4.449453e-01	4.387189e-01	-9.625768e-01	-9.262337e-01	-3.634315e-02
1.030000e-01	-4.453006e-01	4.398434e-01	-9.599661e-01	-9.252836e-01	-3.468245e-02
1.040000e-01	-4.454517e-01	4.407467e-01	-9.571116e-01	-9.240076e-01	-3.310409e-02
1.050000e-01	-4.455313e-01	4.415426e-01	-9.544171e-01	-9.227399e-01	-3.167727e-02
1.060000e-01	-4.455568e-01	4.422438e-01	-9.519281e-01	-9.215209e-01	-3.040728e-02
1.070000e-01	-4.455927e-01	4.428850e-01	-9.499485e-01	-9.205669e-01	-2.938159e-02
1.080000e-01	-4.455295e-01	4.433861e-01	-9.481080e-01	-9.195835e-01	-2.852455e-02
1.090000e-01	-4.456080e-01	4.439890e-01	-9.468384e-01	-9.190272e-01	-2.781118e-02
1.100000e-01	-4.459160e-01	4.447560e-01	-9.463853e-01	-9.191087e-01	-2.727665e-02
1.110000e-01	-4.465343e-01	4.457271e-01	-9.470580e-01	-9.200633e-01	-2.699467e-02
1.120000e-01	-4.473054e-01	4.467415e-01	-9.485732e-01	-9.215920e-01	-2.698117e-02
1.130000e-01	-4.480608e-01	4.476313e-01	-9.505431e-01	-9.233324e-01	-2.721074e-02
1.140000e-01	-4.485935e-01	4.481851e-01	-9.525151e-01	-9.248510e-01	-2.766409e-02
1.150000e-01	-4.488887e-01	4.484435e-01	-9.541874e-01	-9.259824e-01	-2.820497e-02
1.160000e-01	-4.490659e-01	4.485372e-01	-9.556701e-01	-9.269009e-01	-2.876920e-02
1.170000e-01	-4.495242e-01	4.488748e-01	-9.577365e-01	-9.283925e-01	-2.934402e-02
1.180000e-01	-4.505406e-01	4.497332e-01	-9.609601e-01	-9.310207e-01	-2.993943e-02
1.190000e-01	-4.522597e-01	4.512627e-01	-9.656505e-01	-9.350849e-01	-3.056559e-02
1.200000e-01	-4.545531e-01	4.533098e-01	-9.716772e-01	-9.403917e-01	-3.128547e-02
1.210000e-01	-4.570747e-01	4.555263e-01	-9.784539e-01	-9.463017e-01	-3.215225e-02
1.220000e-01	-4.595594e-01	4.576380e-01	-9.854930e-01	-9.523059e-01	-3.318712e-02
1.230000e-01	-4.618407e-01	4.594869e-01	-9.924123e-01	-9.580468e-01	-3.436549e-02
1.240000e-01	-4.639365e-01	4.610956e-01	-9.991452e-01	-9.635091e-01	-3.563613e-02
1.250000e-01	-4.659330e-01	4.625573e-01	-1.005756e+00	-9.688110e-01	-3.694511e-02
1.260000e-01	-4.680584e-01	4.641325e-01	-1.012490e+00	-9.743034e-01	-3.818654e-02
1.270000e-01	-4.703370e-01	4.658752e-01	-1.019230e+00	-9.799520e-01	-3.927802e-02
1.280000e-01	-4.727973e-01	4.678058e-01	-1.026081e+00	-9.858379e-01	-4.024339e-02
1.290000e-01	-4.752436e-01	4.697081e-01	-1.032677e+00	-9.915820e-01	-4.109480e-02
1.300000e-01	-4.775704e-01	4.714535e-01	-1.038960e+00	-9.970506e-01	-4.190986e-02
1.310000e-01	-4.799526e-01	4.732043e-01	-1.045262e+00	-1.002583e+00	-4.267813e-02
1.320000e-01	-4.825350e-01	4.750959e-01	-1.051889e+00	-1.008479e+00	-4.340939e-02
1.330000e-01	-4.852069e-01	4.770477e-01	-1.058565e+00	-1.014490e+00	-4.407583e-02
1.340000e-01	-4.878560e-01	4.790068e-01	-1.065003e+00	-1.020358e+00	-4.464552e-02
1.350000e-01	-4.906196e-01	4.811215e-01	-1.071478e+00	-1.026358e+00	-4.511914e-02
1.360000e-01	-4.933747e-01	4.833063e-01	-1.077651e+00	-1.032200e+00	-4.545073e-02
1.370000e-01	-4.959597e-01	4.854268e-01	-1.083070e+00	-1.037495e+00	-4.557509e-02
1.380000e-01	-4.983711e-01	4.874826e-01	-1.087716e+00	-1.042229e+00	-4.548702e-02
1.390000e-01	-5.006497e-01	4.895260e-01	-1.091641e+00	-1.046470e+00	-4.517062e-02
1.400000e-01	-5.027957e-01	4.915691e-01	-1.094813e+00	-1.050202e+00	-4.461097e-02
1.410000e-01	-5.050579e-01	4.938554e-01	-1.097750e+00	-1.053933e+00	-4.381727e-02
1.420000e-01	-5.072263e-01	4.961381e-01	-1.100376e+00	-1.057414e+00	-4.296151e-02
1.430000e-01	-5.092712e-01	4.983813e-01	-1.102666e+00	-1.060604e+00	-4.206176e-02
1.440000e-01	-5.108061e-01	5.001782e-01	-1.104004e+00	-1.062808e+00	-4.119606e-02
1.450000e-01	-5.115162e-01	5.012153e-01	-1.103837e+00	-1.063435e+00	-4.040228e-02
1.460000e-01	-5.116433e-01	5.017403e-01	-1.102627e+00	-1.062957e+00	-3.966998e-02
1.470000e-01	-5.112317e-01	5.017453e-01	-1.100568e+00	-1.061516e+00	-3.905226e-02
1.480000e-01	-5.105377e-01	5.014345e-01	-1.098211e+00	-1.059643e+00	-3.856765e-02
1.490000e-01	-5.097343e-01	5.010404e-01	-1.095717e+00	-1.057593e+00	-3.812445e-02
1.500000e-01	-5.087230e-01	5.004950e-01	-1.092840e+00	-1.055143e+00	-3.769690e-02
1.510000e-01	-5.078109e-01	5.001583e-01	-1.090034e+00	-1.052828e+00	-3.720614e-02
1.520000e-01	-5.071836e-01	5.002537e-01	-1.087551e+00	-1.050959e+00	-3.659176e-02
1.530000e-01	-5.065179e-01	5.004476e-01	-1.084837e+00	-1.048936e+00	-3.590049e-02
1.540000e-01	-5.049591e-01	4.997959e-01	-1.080556e+00	-1.045237e+00	-3.531908e-02
1.550000e-01	-5.022336e-01	4.979642e-01	-1.074318e+00	-1.039393e+00	-3.492534e-02
1.560000e-01	-4.986002e-01	4.951772e-01	-1.066641e+00	-1.031921e+00	-3.472039e-02
1.570000e-01	-4.948774e-01	4.922525e-01	-1.058984e+00	-1.024369e+00	-3.461467e-02
1.580000e-01	-4.915324e-01	4.896218e-01	-1.052232e+00	-1.017649e+00	-3.458383e-02
1.590000e-01	-4.888920e-01	4.875975e-01	-1.046966e+00	-1.012375e+00	-3.459103e-02
1.600000e-01	-4.868457e-01	4.860410e-01	-1.043036e+00	-1.008364e+00	-3.467233e-02
1.610000e-01	-4.853246e-01	4.848523e-01	-1.040294e+00	-1.005472e+00	-3.482263e-02
1.620000e-01	-4.842431e-01	4.839011e-01	-1.038631e+00	-1.003559e+00	-3.507243e-02
1.630000e-01	-4.837292e-01	4.832404e-01	-1.038377e+00	-1.002918e+00	-3.545949e-02
1.640000e-01	-4.837172e-01	4.827530e-01	-1.039478e+00	-1.003456e+00	-3.602207e-02
1.650000e-01	-4.842748e-01	4.825760e-01	-1.041813e+00	-1.005181e+00	-3.663161e-02
1.660000e-01	-4.858439e-01	4.833028e-01	-1.045809e+00	-1.008749e+00	-3.706076e-02
1.670000e-01	-4.885107e-01	4.851601e-01	-1.051333e+00	-1.014177e+00	-3.715587e-02
1.680000e-01	-4.922717e-01	4.882528e-01	-1.058281e+00	-1.021412e+00	-3.686886e-02
1.690000e-01	-4.971062e-01	4.926035e-01	-1.066719e+00	-1.030466e+00	-3.625347e-02
1.700000e-01	-5.025859e-01	4.977676e-01	-1.076148e+00	-1.040660e+00	-3.548812e-02
1.710000e-01	-5.081229e-01	5.030914e-01	-1.085792e+00	-1.051019e+00	-3.477321e-02
1.720000e-01	-5.129616e-01	5.076969e-01	-1.094634e+00	-1.060279e+00	-3.435564e-02
1.730000e-01	-5.165366e-01	5.109378e-01	-1.101764e+00	-1.067418e+00	-3.434530e-02
1.740000e-01	-5.189185e-01	5.129114e-01	-1.107116e+00	-1.072477e+00	-3.463976e-02
1.750000e-01	-5.202919e-01	5.139170e-01	-1.110597e+00	-1.075590e+00	-3.500659e-02
1.760000e-01	-5.206320e-01	5.140511e-01	-1.111853e+00	-1.076559e+00	-3.529456e-02
1.770000e-01	-5.198955e-01	5.133506e-01	-1.110650e+00	-1.075221e+00	-3.542977e-02
1.780000e-01	-5.181243e-01	5.118750e-01	-1.107049e+00	-1.071649e+00	-3.540040e-02
1.790000e-01	-5.155608e-01	5.098278e-01	-1.101547e+00	-1.066334e+00	-3.521249e-02
1.800000e-01	-5.123670e-01	5.072991e-01	-1.094648e+00	-1.059691e+00	-3.495702e-02
1.810000e-01	-5.087098e-01	5.043746e-01	-1.086868e+00	-1.052144e+00	-3.472420e-02
1.820000e-01	-5.049936e-01	5.014075e-01	-1.079028e+00	-1.044508e+00	-3.452062e-02
1.830000e-01	-5.019302e-01	4.990714e-01	-1.072345e+00	-1.038103e+00	-3.424222e-02
1.840000e-01	-4.998064e-01	4.975932e-01	-1.067428e+00	-1.033521e+00	-3.390779e-02
1.850000e-01	-4.984703e-01	4.967833e-01	-1.064103e+00	-1.030522e+00	-3.358101e-02
1.860000e-01	-4.975481e-01	4.963073e-01	-1.061720e+00	-1.028408e+00	-3.331170e-02
1.870000e-01	-4.968964e-01	4.960839e-01	-1.059964e+00	-1.026878e+00	-3.308558e-02
1.880000e-01	-4.965410e-01	4.961731e-01	-1.058882e+00	-1.025982e+00	-3.290001e-02
1.890000e-01	-4.966568e-01	4.967248e-01	-1.058831e+00	-1.026072e+00	-3.275888e-02
1.900000e-01	-4.972458e-01	4.976611e-01	-1.059979e+00	-1.027235e+00	-3.274385e-02
1.910000e-01	-4.982857e-01	4.989027e-01	-1.062361e+00	-1.029466e+00	-3.289469e-02
1.920000e-01	-4.996603e-01	5.003096e-01	-1.065818e+00	-1.032569e+00	-3.324856e-02
1.930000e-01	-5.012157e-01	5.017536e-01	-1.069947e+00	-1.036189e+00	-3.375785e-02
1.940000e-01	-5.029362e-01	5.032500e-01	-1.074583e+00	-1.040228e+00	-3.435531e-02
1.950000e-01	-5.048619e-01	5.048897e-01	-1.079626e+00	-1.044675e+00	-3.495080e-02
1.960000e-01	-5.069146e-01	5.066045e-01	-1.084898e+00	-1.049364e+00	-3.553445e-02
1.970000e-01	-5.091527e-01	5.084486e-01	-1.090551e+00	-1.054428e+00	-3.612288e-02
1.980000e-01	-5.116940e-01	5.105407e-01	-1.096823e+00	-1.060106e+00	-3.671773e-02
1.990000e-01	-5.146864e-01	5.130246e-01	-1.104039e+00	-1.066706e+00	-3.733310e-02
2.000000e-01	-5.180694e-01	5.158159e-01	-1.112202e+00	-1.074170e+00	-3.803160e-02
2.010000e-01	-5.217707e-01	5.188265e-01	-1.121243e+00	-1.082392e+00	-3.885071e-02
2.020000e-01	-5.256585e-01	5.219059e-01	-1.130953e+00	-1.091135e+00	-3.981803e-02
2.030000e-01	-5.297343e-01	5.250562e-01	-1.141322e+00	-1.100395e+00	-4.092660e-02
2.040000e-01	-5.339101e-01	5.281869e-01	-1.152194e+00	-1.110007e+00	-4.218703e-02
2.050000e-01	-5.380133e-01	5.311543e-01	-1.163117e+00	-1.119572e+00	-4.354501e-02
2.060000e-01	-5.419908e-01	5.339651e-01	-1.173777e+00	-1.128879e+00	-4.489750e-02
2.070000e-01	-5.459135e-01	5.367493e-01	-1.184076e+00	-1.137952e+00	-4.612473e-02
2.080000e-01	-5.497087e-01	5.394776e-01	-1.193753e+00	-1.146585e+00	-4.716794e-02
2.090000e-01	-5.532306e-01	5.420194e-01	-1.202498e+00	-1.154480e+00	-4.801860e-02
2.100000e-01	-5.563222e-01	5.442340e-01	-1.210047e+00	-1.161346e+00	-4.870146e-02
2.110000e-01	-5.589698e-01	5.461081e-01	-1.216431e+00	-1.167186e+00	-4.924596e-02
2.120000e-01	-5.611718e-01	5.476541e-01	-1.221693e+00	-1.172018e+00	-4.967455e-02
2.130000e-01	-5.629865e-01	5.489505e-01	-1.225914e+00	-1.175943e+00	-4.997037e-02
2.140000e-01	-5.644184e-01	5.500284e-01	-1.229077e+00	-1.178957e+00	-5.011992e-02
2.150000e-01	-5.653919e-01	5.508257e-01	-1.231063e+00	-1.180923e+00	-5.013961e-02
2.160000e-01	-5.656806e-01	5.511056e-01	-1.231563e+00	-1.181462e+00	-5.010100e-02
2.170000e-01	-5.651213e-01	5.506737e-01	-1.230413e+00	-1.180328e+00	-5.008521e-02
2.180000e-01	-5.637746e-01	5.495458e-01	-1.227861e+00	-1.177705e+00	-5.015571e-02
2.190000e-01	-5.619164e-01	5.479592e-01	-1.224444e+00	-1.174139e+00	-5.030577e-02
2.200000e-01	-5.598664e-01	5.461946e-01	-1.220783e+00	-1.170258e+00	-5.052484e-02
2.210000e-01	-5.578518e-01	5.444496e-01	-1.217292e+00	-1.166498e+00	-5.079414e-02
2.220000e-01	-5.560116e-01	5.428453e-01	-1.214220e+00	-1.163122e+00	-5.109849e-02
2.230000e-01	-5.545209e-01	5.415535e-01	-1.211842e+00	-1.160442e+00	-5.140029e-02
2.240000e-01	-5.534773e-01	5.406573e-01	-1.210337e+00	-1.158646e+00	-5.169102e-02
2.250000e-01	-5.529197e-01	5.401844e-01	-1.209789e+00	-1.157814e+00	-5.197474e-02
2.260000e-01	-5.528316e-01	5.401126e-01	-1.210186e+00	-1.157925e+00	-5.226124e-02
2.270000e-01	-5.532587e-01	5.405009e-01	-1.211548e+00	-1.159033e+00	-5.251557e-02
2.280000e-01	-5.542225e-01	5.413862e-01	-1.213880e+00	-1.161163e+00	-5.271744e-02
2.290000e-01	-5.556954e-01	5.427561e-01	-1.217078e+00	-1.164234e+00	-5.284345e-02
2.300000e-01	-5.575692e-01	5.445102e-01	-1.220948e+00	-1.168043e+00	-5.290497e-02
2.310000e-01	-5.597290e-01	5.465554e-01	-1.225262e+00	-1.172360e+00	-5.290192e-02
2.320000e-01	-5.620164e-01	5.487352e-01	-1.229750e+00	-1.176892e+00	-5.285873e-02
2.330000e-01	-5.643023e-01	5.509288e-01	-1.234164e+00	-1.181385e+00	-5.277985e-02
2.340000e-01	-5.664699e-01	5.530216e-01	-1.238276e+00	-1.185608e+00	-5.266814e-02
2.350000e-01	-5.684701e-01	5.549797e-01	-1.241978e+00	-1.189459e+00	-5.251876e-02
2.360000e-01	-5.702426e-01	5.567497e-01	-1.245131e+00	-1.192808e+00	-5.232302e-02
2.370000e-01	-5.717707e-01	5.583226e-01	-1.247691e+00	-1.195616e+00	-5.207490e-02
2.380000e-01	-5.730304e-01	5.596637e-01	-1.249630e+00	-1.197845e+00	-5.178446e-02
2.390000e-01	-5.740095e-01	5.607599e-01	-1.250956e+00	-1.199488e+00	-5.146841e-02
2.400000e-01	-5.746798e-01	5.615702e-01	-1.251636e+00	-1.200498e+00	-5.113819e-02
2.410000e-01	-5.750357e-01	5.620843e-01	-1.251648e+00	-1.200860e+00	-5.078847e-02
2.420000e-01	-5.751162e-01	5.623429e-01	-1.251077e+00	-1.200655e+00	-5.042247e-02
2.430000e-01	-5.749578e-01	5.623892e-01	-1.249976e+00	-1.199946e+00	-5.003016e-02
2.440000e-01	-5.746220e-01	5.622793e-01	-1.248461e+00	-1.198852e+00	-4.960830e-02
2.450000e-01	-5.741540e-01	5.620553e-01	-1.246611e+00	-1.197460e+00	-4.915157e-02
2.460000e-01	-5.735915e-01	5.617483e-01	-1.244561e+00	-1.195872e+00	-4.868913e-02
2.470000e-01	-5.729662e-01	5.613859e-01	-1.242382e+00	-1.194157e+00	-4.822463e-02
2.480000e-01	-5.723027e-01	5.609822e-01	-1.240140e+00	-1.192373e+00	-4.776707e-02
2.490000e-01	-5.716278e-01	5.605607e-01	-1.237899e+00	-1.190577e+00	-4.732197e-02
2.500000e-01	-5.709700e-01	5.601464e-01	-1.235764e+00	-1.188852e+00	-4.691207e-02
2.510000e-01	-5.703447e-01	5.597516e-01	-1.233745e+00	-1.187217e+00	-4.652760e-02
2.520000e-01	-5.697639e-01	5.593827e-01	-1.231857e+00	-1.185692e+00	-4.616457e-02
2.530000e-01	-5.692520e-01	5.590685e-01	-1.230158e+00	-1.184331e+00	-4.582722e-02
2.540000e-01	-5.688185e-01	5.588167e-01	-1.228691e+00	-1.183164e+00	-4.552707e-02
2.550000e-01	-5.684578e-01	5.586200e-01	-1.227433e+00	-1.182174e+00	-4.525867e-02
2.560000e-01	-5.681473e-01	5.584510e-01	-1.226343e+00	-1.181319e+00	-4.502440e-02
2.570000e-01	-5.678936e-01	5.583243e-01	-1.225436e+00	-1.180612e+00	-4.482462e-02
2.580000e-01	-5.676838e-01	5.582267e-01	-1.224686e+00	-1.180027e+00	-4.465939e-02
2.590000e-01	-5.675039e-01	5.581517e-01	-1.224029e+00	-1.179519e+00	-4.451075e-02
2.600000e-01	-5.673479e-01	5.580920e-01	-1.223466e+00	-1.179081e+00	-4.438501e-02
2.610000e-01	-5.671996e-01	5.580363e-01	-1.222956e+00	-1.178678e+00	-4.427861e-02
2.620000e-01	-5.670468e-01	5.579690e-01	-1.222497e+00	-1.178295e+00	-4.420190e-02
2.630000e-01	-5.668724e-01	5.578763e-01	-1.222030e+00	-1.177887e+00	-4.414237e-02
2.640000e-01	-5.666946e-01	5.577745e-01	-1.221602e+00	-1.177496e+00	-4.410659e-02
2.650000e-01	-5.665022e-01	5.576577e-01	-1.221168e+00	-1.177086e+00	-4.408157e-02
2.660000e-01	-5.663044e-01	5.575307e-01	-1.220759e+00	-1.176684e+00	-4.407496e-02
2.670000e-01	-5.660767e-01	5.573734e-01	-1.220311e+00	-1.176232e+00	-4.407891e-02
2.680000e-01	-5.658318e-01	5.571878e-01	-1.219875e+00	-1.175769e+00	-4.410571e-02
2.690000e-01	-5.655636e-01	5.569718e-01	-1.219405e+00	-1.175266e+00	-4.413863e-02
2.700000e-01	-5.652890e-01	5.567393e-01	-1.218958e+00	-1.174768e+00	-4.418989e-02
2.710000e-01	-5.650115e-01	5.564996e-01	-1.218513e+00	-1.174268e+00	-4.424510e-02
2.720000e-01	-5.647482e-01	5.562607e-01	-1.218123e+00	-1.173810e+00	-4.431343e-02
2.730000e-01	-5.645002e-01	5.560259e-01	-1.217766e+00	-1.173383e+00	-4.438287e-02
2.740000e-01	-5.642868e-01	5.558083e-01	-1.217510e+00	-1.173042e+00	-4.446827e-02
2.750000e-01	-5.641028e-01	5.556092e-01	-1.217325e+00	-1.172765e+00	-4.455964e-02
2.760000e-01	-5.639700e-01	5.554434e-01	-1.217266e+00	-1.172603e+00	-4.466302e-02
2.770000e-01	-5.638747e-01	5.553036e-01	-1.217282e+00	-1.172516e+00	-4.476623e-02
2.780000e-01	-5.638366e-01	5.552041e-01	-1.217435e+00	-1.172554e+00	-4.488097e-02
2.790000e-01	-5.638435e-01	5.551403e-01	-1.217684e+00	-1.172685e+00	-4.499840e-02
2.800000e-01	-5.639129e-01	5.551229e-01	-1.218074e+00	-1.172950e+00	-4.512405e-02
2.810000e-01	-5.640269e-01	5.551410e-01	-1.218548e+00	-1.173301e+00	-4.524723e-02
2.820000e-01	-5.641963e-01	5.552011e-01	-1.219149e+00	-1.173771e+00	-4.537823e-02
2.830000e-01	-5.644038e-01	5.552949e-01	-1.219834e+00	-1.174321e+00	-4.551307e-02
2.840000e-01	-5.646608e-01	5.554289e-01	-1.220627e+00	-1.174974e+00	-4.565266e-02
2.850000e-01	-5.649433e-01	5.555863e-01	-1.221461e+00	-1.175674e+00	-4.578700e-02
2.860000e-01	-5.652608e-01	5.557746e-01	-1.222374e+00	-1.176448e+00	-4.592638e-02
2.870000e-01	-5.655852e-01	5.559733e-01	-1.223301e+00	-1.177235e+00	-4.606514e-02
2.880000e-01	-5.659248e-01	5.561870e-01	-1.224258e+00	-1.178054e+00	-4.620437e-02
2.890000e-01	-5.662495e-01	5.563911e-01	-1.225166e+00	-1.178832e+00	-4.633354e-02
2.900000e-01	-5.665775e-01	5.566021e-01	-1.226077e+00	-1.179616e+00	-4.646090e-02
2.910000e-01	-5.668782e-01	5.567966e-01	-1.226923e+00	-1.180340e+00	-4.658340e-02
2.920000e-01	-5.671720e-01	5.569916e-01	-1.227750e+00	-1.181047e+00	-4.670302e-02
2.930000e-01	-5.674270e-01	5.571597e-01	-1.228479e+00	-1.181666e+00	-4.681236e-02
2.940000e-01	-5.676660e-01	5.573185e-01	-1.229167e+00	-1.182250e+00	-4.691751e-02
2.950000e-01	-5.678586e-01	5.574442e-01	-1.229755e+00	-1.182736e+00	-4.701903e-02
2.960000e-01	-5.680366e-01	5.575651e-01	-1.230307e+00	-1.183190e+00	-4.711692e-02
2.970000e-01	-5.681657e-01	5.576494e-01	-1.230737e+00	-1.183534e+00	-4.720274e-02
2.980000e-01	-5.682770e-01	5.577210e-01	-1.231116e+00	-1.183835e+00	-4.728087e-02
2.990000e-01	-5.683441e-01	5.577609e-01	-1.231400e+00	-1.184044e+00	-4.735583e-02
3.000000e-01	-5.684083e-01	5.578042e-01	-1.231671e+00	-1.184244e+00	-4.742714e-02
3.010000e-01	-5.684359e-01	5.578189e-01	-1.231846e+00	-1.184359e+00	-4.748716e-02
3.020000e-01	-5.684759e-01	5.578476e-01	-1.232036e+00	-1.184494e+00	-4.754227e-02
3.030000e-01	-5.684970e-01	5.578658e-01	-1.232186e+00	-1.184590e+00	-4.759577e-02
3.040000e-01	-5.685401e-01	5.579050e-01	-1.232365e+00	-1.184723e+00	-4.764233e-02
3.050000e-01	-5.685672e-01	5.579330e-01	-1.232497e+00	-1.184816e+00	-4.768111e-02
3.060000e-01	-5.686263e-01	5.579896e-01	-1.232695e+00	-1.184974e+00	-4.772094e-02
3.070000e-01	-5.686759e-01	5.580403e-01	-1.232866e+00	-1.185109e+00	-4.775689e-02
3.080000e-01	-5.687635e-01	5.581245e-01	-1.233094e+00	-1.185311e+00	-4.778344e-02
3.090000e-01	-5.688475e-01	5.582071e-01	-1.233304e+00	-1.185499e+00	-4.780426e-02
3.100000e-01	-5.689758e-01	5.583290e-01	-1.233597e+00	-1.185774e+00	-4.782254e-02
3.110000e-01	-5.691006e-01	5.584518e-01	-1.233867e+00	-1.186034e+00	-4.783304e-02
3.120000e-01	-5.692629e-01	5.586063e-01	-1.234196e+00	-1.186361e+00	-4.783516e-02
3.130000e-01	-5.694147e-01	5.587531e-01	-1.234496e+00	-1.186663e+00	-4.783350e-02
3.140000e-01	-5.696005e-01	5.589292e-01	-1.234855e+00	-1.187028e+00	-4.782678e-02
3.150000e-01	-5.697656e-01	5.590910e-01	-1.235156e+00	-1.187344e+00	-4.781241e-02
3.160000e-01	-5.699516e-01	5.592699e-01	-1.235486e+00	-1.187695e+00	-4.779147e-02
3.170000e-01	-5.701147e-01	5.594308e-01	-1.235755e+00	-1.187992e+00	-4.776277e-02
3.180000e-01	-5.702901e-01	5.596015e-01	-1.236035e+00	-1.188308e+00	-4.772732e-02
3.190000e-01	-5.704321e-01	5.597463e-01	-1.236238e+00	-1.188551e+00	-4.768702e-02
3.200000e-01	-5.705814e-01	5.598968e-01	-1.236445e+00	-1.188804e+00	-4.764091e-02
3.210000e-01	-5.706921e-01	5.600165e-01	-1.236559e+00	-1.188972e+00	-4.758760e-02
3.220000e-01	-5.708021e-01	5.601345e-01	-1.236669e+00	-1.189137e+00	-4.753254e-02
3.230000e-01	-5.708708e-01	5.602212e-01	-1.236684e+00	-1.189213e+00	-4.747102e-02
3.240000e-01	-5.709328e-01	5.603007e-01	-1.236674e+00	-1.189270e+00	-4.740426e-02
3.250000e-01	-5.709493e-01	5.603453e-01	-1.236566e+00	-1.189232e+00	-4.733350e-02
3.260000e-01	-5.709631e-01	5.603850e-01	-1.236455e+00	-1.189191e+00	-4.726444e-02
3.270000e-01	-5.709268e-01	5.603844e-01	-1.236229e+00	-1.189042e+00	-4.718789e-02
3.280000e-01	-5.708861e-01	5.603759e-01	-1.235997e+00	-1.188885e+00	-4.711235e-02
3.290000e-01	-5.708067e-01	5.603393e-01	-1.235684e+00	-1.188649e+00	-4.703517e-02
3.300000e-01	-5.707323e-01	5.603037e-01	-1.235392e+00	-1.188428e+00	-4.696393e-02
3.310000e-01	-5.706206e-01	5.602396e-01	-1.235016e+00	-1.188129e+00	-4.688741e-02
3.320000e-01	-5.705138e-01	5.601763e-01	-1.234657e+00	-1.187842e+00	-4.681450e-02
3.330000e-01	-5.703795e-01	5.600919e-01	-1.234246e+00	-1.187502e+00	-4.674329e-02
3.340000e-01	-5.702570e-01	5.600132e-01	-1.233875e+00	-1.187195e+00	-4.668062e-02
3.350000e-01	-5.701112e-01	5.599184e-01	-1.233457e+00	-1.186840e+00	-4.661711e-02
3.360000e-01	-5.699816e-01	5.598335e-01	-1.233085e+00	-1.186524e+00	-4.656081e-02
3.370000e-01	-5.698327e-01	5.597336e-01	-1.232677e+00	-1.186171e+00	-4.650577e-02
3.380000e-01	-5.697086e-01	5.596501e-01	-1.232337e+00	-1.185877e+00	-4.645980e-02
3.390000e-01	-5.695714e-01	5.595589e-01	-1.231971e+00	-1.185557e+00	-4.641423e-02
3.400000e-01	-5.694595e-01	5.594855e-01	-1.231672e+00	-1.185296e+00	-4.637657e-02
3.410000e-01	-5.693360e-01	5.594038e-01	-1.231348e+00	-1.185010e+00	-4.633795e-02
3.420000e-01	-5.692421e-01	5.593413e-01	-1.231099e+00	-1.184791e+00	-4.630734e-02
3.430000e-01	-5.691367e-01	5.592708e-01	-1.230835e+00	-1.184554e+00	-4.628063e-02
3.440000e-01	-5.690588e-01	5.592205e-01	-1.230638e+00	-1.184378e+00	-4.626032e-02
3.450000e-01	-5.689678e-01	5.591586e-01	-1.230417e+00	-1.184176e+00	-4.624066e-02
3.460000e-01	-5.689060e-01	5.591146e-01	-1.230271e+00	-1.184042e+00	-4.622957e-02
3.470000e-01	-5.688340e-01	5.590653e-01	-1.230112e+00	-1.183890e+00	-4.622190e-02
3.480000e-01	-5.687896e-01	5.590366e-01	-1.230011e+00	-1.183795e+00	-4.621603e-02
3.490000e-01	-5.687306e-01	5.589943e-01	-1.229879e+00	-1.183670e+00	-4.620874e-02
3.500000e-01	-5.686993e-01	5.589720e-01	-1.229818e+00	-1.183609e+00	-4.620997e-02
3.510000e-01	-5.686529e-01	5.589390e-01	-1.229730e+00	-1.183518e+00	-4.621188e-02
3.520000e-01	-5.686309e-01	5.589204e-01	-1.229688e+00	-1.183475e+00	-4.621325e-02
3.530000e-01	-5.685937e-01	5.588901e-01	-1.229619e+00	-1.183403e+00	-4.621569e-02
3.540000e-01	-5.685839e-01	5.588802e-01	-1.229620e+00	-1.183394e+00	-4.622599e-02
3.550000e-01	-5.685551e-01	5.588545e-01	-1.229579e+00	-1.183344e+00	-4.623416e-02
3.560000e-01	-5.685490e-01	5.588438e-01	-1.229582e+00	-1.183340e+00	-4.624208e-02
3.570000e-01	-5.685256e-01	5.588211e-01	-1.229558e+00	-1.183305e+00	-4.625364e-02
3.580000e-01	-5.685267e-01	5.588136e-01	-1.229592e+00	-1.183322e+00	-4.626915e-02
3.590000e-01	-5.685093e-01	5.587927e-01	-1.229580e+00	-1.183299e+00	-4.628075e-02
3.600000e-01	-5.685144e-01	5.587879e-01	-1.229618e+00	-1.183323e+00	-4.629454e-02
3.610000e-01	-5.685021e-01	5.587701e-01	-1.229623e+00	-1.183314e+00	-4.630926e-02
3.620000e-01	-5.685124e-01	5.587670e-01	-1.229676e+00	-1.183350e+00	-4.632552e-02
3.630000e-01	-5.685043e-01	5.587512e-01	-1.229689e+00	-1.183349e+00	-4.634028e-02
3.640000e-01	-5.685193e-01	5.587527e-01	-1.229751e+00	-1.183395e+00	-4.635635e-02
3.650000e-01	-5.685152e-01	5.587386e-01	-1.229770e+00	-1.183400e+00	-4.637002e-02
3.660000e-01	-5.685341e-01	5.587407e-01	-1.229845e+00	-1.183457e+00	-4.638860e-02
3.670000e-01	-5.685362e-01	5.587310e-01	-1.229884e+00	-1.183478e+00	-4.640577e-02
3.680000e-01	-5.685594e-01	5.587372e-01	-1.229960e+00	-1.183540e+00	-4.642078e-02
3.690000e-01	-5.685640e-01	5.587309e-01	-1.230006e+00	-1.183567e+00	-4.643908e-02
3.700000e-01	-5.685929e-01	5.587427e-01	-1.230106e+00	-1.183646e+00	-4.646003e-02
3.710000e-01	-5.686007e-01	5.587385e-01	-1.230149e+00	-1.183675e+00	-4.647361e-02
3.720000e-01	-5.686292e-01	5.587488e-01	-1.230237e+00	-1.183748e+00	-4.648953e-02
3.730000e-01	-5.686401e-01	5.587485e-01	-1.230297e+00	-1.183789e+00	-4.650860e-02
3.740000e-01	-5.686748e-01	5.587650e-01	-1.230405e+00	-1.183877e+00	-4.652766e-02
3.750000e-01	-5.686865e-01	5.587640e-01	-1.230455e+00	-1.183914e+00	-4.654119e-02
3.760000e-01	-5.687194e-01	5.587787e-01	-1.230560e+00	-1.183999e+00	-4.656068e-02
3.770000e-01	-5.687357e-01	5.587844e-01	-1.230633e+00	-1.184052e+00	-4.658093e-02
3.780000e-01	-5.687747e-01	5.588065e-01	-1.230745e+00	-1.184147e+00	-4.659777e-02
3.790000e-01	-5.687910e-01	5.588112e-01	-1.230809e+00	-1.184195e+00	-4.661334e-02
3.800000e-01	-5.688274e-01	5.588322e-01	-1.230925e+00	-1.184290e+00	-4.663494e-02
3.810000e-01	-5.688435e-01	5.588383e-01	-1.230994e+00	-1.184341e+00	-4.665366e-02
3.820000e-01	-5.688806e-01	5.588575e-01	-1.231102e+00	-1.184432e+00	-4.667054e-02
3.830000e-01	-5.688986e-01	5.588647e-01	-1.231173e+00	-1.184485e+00	-4.668792e-02
3.840000e-01	-5.689385e-01	5.588905e-01	-1.231292e+00	-1.184584e+00	-4.670738e-02
3.850000e-01	-5.689539e-01	5.588974e-01	-1.231342e+00	-1.184625e+00	-4.671724e-02
3.860000e-01	-5.689920e-01	5.589216e-01	-1.231442e+00	-1.184713e+00	-4.672915e-02
3.870000e-01	-5.690096e-01	5.589335e-01	-1.231499e+00	-1.184759e+00	-4.673998e-02
3.880000e-01	-5.690479e-01	5.589594e-01	-1.231597e+00	-1.184846e+00	-4.675049e-02
3.890000e-01	-5.690646e-01	5.589687e-01	-1.231644e+00	-1.184887e+00	-4.675744e-02
3.900000e-01	-5.691049e-01	5.589970e-01	-1.231750e+00	-1.184980e+00	-4.677002e-02
3.910000e-01	-5.691217e-01	5.590092e-01	-1.231800e+00	-1.185022e+00	-4.677852e-02
3.920000e-01	-5.691579e-01	5.590337e-01	-1.231887e+00	-1.185102e+00	-4.678561e-02
3.930000e-01	-5.691723e-01	5.590421e-01	-1.231927e+00	-1.185136e+00	-4.679105e-02
3.940000e-01	-5.692093e-01	5.590697e-01	-1.232017e+00	-1.185218e+00	-4.679936e-02
3.950000e-01	-5.692224e-01	5.590793e-01	-1.232042e+00	-1.185243e+00	-4.679838e-02
3.960000e-01	-5.692547e-01	5.591008e-01	-1.232103e+00	-1.185306e+00	-4.679669e-02
3.970000e-01	-5.692651e-01	5.591082e-01	-1.232120e+00	-1.185325e+00	-4.679505e-02
3.980000e-01	-5.692968e-01	5.591323e-01	-1.232181e+00	-1.185387e+00	-4.679377e-02
3.990000e-01	-5.693044e-01	5.591373e-01	-1.232178e+00	-1.185393e+00	-4.678461e-02
4.000000e-01	-5.693328e-01	5.591574e-01	-1.232230e+00	-1.185448e+00	-4.678233e-02
4.010000e-01	-5.693401e-01	5.591654e-01	-1.232231e+00	-1.185456e+00	-4.677553e-02
4.020000e-01	-5.693658e-01	5.591874e-01	-1.232266e+00	-1.185499e+00	-4.676720e-02
4.030000e-01	-5.693661e-01	5.591885e-01	-1.232240e+00	-1.185486e+00	-4.675390e-02
4.040000e-01	-5.693820e-01	5.592014e-01	-1.232255e+00	-1.185509e+00	-4.674522e-02
4.050000e-01	-5.693774e-01	5.592016e-01	-1.232219e+00	-1.185487e+00	-4.673209e-02
4.060000e-01	-5.693889e-01	5.592112e-01	-1.232217e+00	-1.185497e+00	-4.671961e-02
4.070000e-01	-5.693808e-01	5.592067e-01	-1.232170e+00	-1.185466e+00	-4.670414e-02
4.080000e-01	-5.693918e-01	5.592175e-01	-1.232176e+00	-1.185480e+00	-4.669609e-02
4.090000e-01	-5.693830e-01	5.592151e-01	-1.232133e+00	-1.185450e+00	-4.668369e-02
4.100000e-01	-5.693903e-01	5.592226e-01	-1.232125e+00	-1.185453e+00	-4.667216e-02
4.110000e-01	-5.693756e-01	5.592162e-01	-1.232075e+00	-1.185413e+00	-4.666170e-02
4.120000e-01	-5.693749e-01	5.592185e-01	-1.232061e+00	-1.185405e+00	-4.665537e-02
4.130000e-01	-5.693522e-01	5.592026e-01	-1.231982e+00	-1.185343e+00	-4.663898e-02
4.140000e-01	-5.693471e-01	5.591987e-01	-1.231954e+00	-1.185324e+00	-4.662989e-02
4.150000e-01	-5.693234e-01	5.591853e-01	-1.231890e+00	-1.185269e+00	-4.662185e-02
4.160000e-01	-5.693158e-01	5.591824e-01	-1.231858e+00	-1.185245e+00	-4.661323e-02
4.170000e-01	-5.692874e-01	5.591634e-01	-1.231776e+00	-1.185175e+00	-4.660075e-02
4.180000e-01	-5.692790e-01	5.591603e-01	-1.231750e+00	-1.185154e+00	-4.659582e-02
4.190000e-01	-5.692520e-01	5.591450e-01	-1.231679e+00	-1.185092e+00	-4.658762e-02
4.200000e-01	-5.692412e-01	5.591390e-01	-1.231642e+00	-1.185062e+00	-4.657993e-02
4.210000e-01	-5.692080e-01	5.591160e-01	-1.231555e+00	-1.184986e+00	-4.656969e-02
4.220000e-01	-5.691964e-01	5.591087e-01	-1.231526e+00	-1.184960e+00	-4.656687e-02
4.230000e-01	-5.691649e-01	5.590879e-01	-1.231448e+00	-1.184889e+00	-4.655908e-02
4.240000e-01	-5.691508e-01	5.590774e-01	-1.231410e+00	-1.184856e+00	-4.655412e-02
4.250000e-01	-5.691201e-01	5.590571e-01	-1.231340e+00	-1.184790e+00	-4.654972e-02
4.260000e-01	-5.691100e-01	5.590518e-01	-1.231320e+00	-1.184770e+00	-4.655022e-02
4.270000e-01	-5.690782e-01	5.590305e-01	-1.231252e+00	-1.184704e+00	-4.654766e-02
4.280000e-01	-5.690669e-01	5.590217e-01	-1.231229e+00	-1.184681e+00	-4.654763e-02
4.290000e-01	-5.690392e-01	5.590029e-01	-1.231173e+00	-1.184626e+00	-4.654714e-02
4.300000e-01	-5.690309e-01	5.589966e-01	-1.231161e+00	-1.184611e+00	-4.654971e-02
4.310000e-01	-5.690031e-01	5.589756e-01	-1.231098e+00	-1.184552e+00	-4.654611e-02
4.320000e-01	-5.689940e-01	5.589672e-01	-1.231080e+00	-1.184534e+00	-4.654605e-02
4.330000e-01	-5.689692e-01	5.589488e-01	-1.231033e+00	-1.184486e+00	-4.654720e-02
4.340000e-01	-5.689668e-01	5.589458e-01	-1.231036e+00	-1.184485e+00	-4.655137e-02
4.350000e-01	-5.689449e-01	5.589273e-01	-1.230989e+00	-1.184439e+00	-4.654969e-02
4.360000e-01	-5.689413e-01	5.589214e-01	-1.230991e+00	-1.184437e+00	-4.655400e-02
4.370000e-01	-5.689219e-01	5.589049e-01	-1.230957e+00	-1.184400e+00	-4.655646e-02
4.380000e-01	-5.689215e-01	5.588986e-01	-1.230957e+00	-1.184400e+00	-4.655709e-02
4.390000e-01	-5.689028e-01	5.588810e-01	-1.230914e+00	-1.184360e+00	-4.655417e-02
4.400000e-01	-5.689043e-01	5.588793e-01	-1.230922e+00	-1.184366e+00	-4.655697e-02
4.410000e-01	-5.688894e-01	5.588644e-01	-1.230890e+00	-1.184334e+00	-4.655569e-02
4.420000e-01	-5.688923e-01	5.588595e-01	-1.230891e+00	-1.184338e+00	-4.655321e-02
4.430000e-01	-5.688803e-01	5.588466e-01	-1.230864e+00	-1.184312e+00	-4.655166e-02
4.440000e-01	-5.688872e-01	5.588451e-01	-1.230884e+00	-1.184329e+00	-4.655455e-02
4.450000e-01	-5.688773e-01	5.588310e-01	-1.230862e+00	-1.184308e+00	-4.655378e-02
4.460000e-01	-5.688855e-01	5.588296e-01	-1.230884e+00	-1.184327e+00	-4.655636e-02
4.470000e-01	-5.688771e-01	5.588181e-01	-1.230866e+00	-1.184310e+00	-4.655590e-02
4.480000e-01	-5.688867e-01	5.588170e-01	-1.230888e+00	-1.184331e+00	-4.655734e-02
4.490000e-01	-5.688802e-01	5.588055e-01	-1.230872e+00	-1.184316e+00	-4.655576e-02
4.500000e-01	-5.688919e-01	5.588061e-01	-1.230896e+00	-1.184340e+00	-4.655590e-02
4.510000e-01	-5.688851e-01	5.587926e-01	-1.230874e+00	-1.184322e+00	-4.655204e-02
4.520000e-01	-5.688979e-01	5.587931e-01	-1.230903e+00	-1.184350e+00	-4.655381e-02
4.530000e-01	-5.688945e-01	5.587833e-01	-1.230894e+00	-1.184341e+00	-4.655250e-02
4.540000e-01	-5.689073e-01	5.587822e-01	-1.230919e+00	-1.184367e+00	-4.655211e-02
4.550000e-01	-5.689046e-01	5.587717e-01	-1.230912e+00	-1.184360e+00	-4.655128e-02
4.560000e-01	-5.689187e-01	5.587719e-01	-1.230947e+00	-1.184392e+00	-4.655500e-02
4.570000e-01	-5.689141e-01	5.587573e-01	-1.230929e+00	-1.184378e+00	-4.655038e-02
4.580000e-01	-5.689282e-01	5.587546e-01	-1.230956e+00	-1.184406e+00	-4.654979e-02
4.590000e-01	-5.689252e-01	5.587418e-01	-1.230944e+00	-1.184397e+00	-4.654666e-02
4.600000e-01	-5.689377e-01	5.587400e-01	-1.230968e+00	-1.184422e+00	-4.654632e-02
4.610000e-01	-5.689346e-01	5.587281e-01	-1.230952e+00	-1.184411e+00	-4.654164e-02
4.620000e-01	-5.689505e-01	5.587300e-01	-1.230986e+00	-1.184444e+00	-4.654269e-02
4.630000e-01	-5.689481e-01	5.587201e-01	-1.230980e+00	-1.184438e+00	-4.654166e-02
4.640000e-01	-5.689596e-01	5.587187e-01	-1.231006e+00	-1.184463e+00	-4.654336e-02
4.650000e-01	-5.689541e-01	5.587047e-01	-1.230994e+00	-1.184451e+00	-4.654301e-02
4.660000e-01	-5.689635e-01	5.586995e-01	-1.231022e+00	-1.184475e+00	-4.654756e-02
4.670000e-01	-5.689566e-01	5.586840e-01	-1.231011e+00	-1.184462e+00	-4.654881e-02
4.680000e-01	-5.689666e-01	5.586808e-01	-1.231044e+00	-1.184489e+00	-4.655563e-02
4.690000e-01	-5.689591e-01	5.586659e-01	-1.231034e+00	-1.184476e+00	-4.655806e-02
4.700000e-01	-5.689668e-01	5.586613e-01	-1.231062e+00	-1.184498e+00	-4.656428e-02
4.710000e-01	-5.689569e-01	5.586461e-01	-1.231051e+00	-1.184482e+00	-4.656853e-02
4.720000e-01	-5.689616e-01	5.586418e-01	-1.231080e+00	-1.184502e+00	-4.657832e-02
4.730000e-01	-5.689500e-01	5.586274e-01	-1.231061e+00	-1.184481e+00	-4.658058e-02
4.740000e-01	-5.689530e-01	5.586208e-01	-1.231082e+00	-1.184494e+00	-4.658806e-02
4.750000e-01	-5.689384e-01	5.586036e-01	-1.231063e+00	-1.184470e+00	-4.659289e-02
4.760000e-01	-5.689407e-01	5.585983e-01	-1.231087e+00	-1.184484e+00	-4.660294e-02
4.770000e-01	-5.689258e-01	5.585817e-01	-1.231067e+00	-1.184459e+00	-4.660764e-02
4.780000e-01	-5.689272e-01	5.585762e-01	-1.231092e+00	-1.184473e+00	-4.661877e-02
4.790000e-01	-5.689128e-01	5.585626e-01	-1.231081e+00	-1.184453e+00	-4.662774e-02
4.800000e-01	-5.689137e-01	5.585587e-01	-1.231105e+00	-1.184466e+00	-4.663882e-02
4.810000e-01	-5.688971e-01	5.585431e-01	-1.231082e+00	-1.184438e+00	-4.664383e-02
4.820000e-01	-5.688988e-01	5.585397e-01	-1.231105e+00	-1.184451e+00	-4.665389e-02
4.830000e-01	-5.688848e-01	5.585258e-01	-1.231091e+00	-1.184430e+00	-4.666088e-02
4.840000e-01	-5.688853e-01	5.585219e-01	-1.231111e+00	-1.184441e+00	-4.666997e-02
4.850000e-01	-5.688724e-01	5.585118e-01	-1.231094e+00	-1.184420e+00	-4.667485e-02
4.860000e-01	-5.688770e-01	5.585122e-01	-1.231121e+00	-1.184437e+00	-4.668324e-02
4.870000e-01	-5.688666e-01	5.585034e-01	-1.231115e+00	-1.184424e+00	-4.669078e-02
4.880000e-01	-5.688722e-01	5.585061e-01	-1.231150e+00	-1.184447e+00	-4.670306e-02
4.890000e-01	-5.688625e-01	5.584989e-01	-1.231145e+00	-1.184435e+00	-4.670988e-02
4.900000e-01	-5.688688e-01	5.585005e-01	-1.231172e+00	-1.184455e+00	-4.671716e-02
4.910000e-01	-5.688615e-01	5.584952e-01	-1.231170e+00	-1.184446e+00	-4.672337e-02
4.920000e-01	-5.688709e-01	5.585035e-01	-1.231212e+00	-1.184477e+00	-4.673510e-02
4.930000e-01	-5.688647e-01	5.585008e-01	-1.231202e+00	-1.184466e+00	-4.673640e-02
4.940000e-01	-5.688763e-01	5.585102e-01	-1.231235e+00	-1.184494e+00	-4.674100e-02
4.950000e-01	-5.688741e-01	5.585129e-01	-1.231242e+00	-1.184495e+00	-4.674695e-02
4.960000e-01	-5.688859e-01	5.585240e-01	-1.231283e+00	-1.184528e+00	-4.675586e-02
4.970000e-01	-5.688842e-01	5.585259e-01	-1.231279e+00	-1.184524e+00	-4.675544e-02
4.980000e-01	-5.688991e-01	5.585377e-01	-1.231321e+00	-1.184560e+00	-4.676144e-02
4.990000e-01	-5.688996e-01	5.585429e-01	-1.231339e+00	-1.184569e+00	-4.676979e-02
5.000000e-01	-5.689140e-01	5.585560e-01	-1.231382e+00	-1.184605e+00	-4.677694e-02
5.010000e-01	-5.689124e-01	5.585590e-01	-1.231381e+00	-1.184603e+00	-4.677792e-02
5.020000e-01	-5.689270e-01	5.585732e-01	-1.231422e+00	-1.184638e+00	-4.678387e-02
5.030000e-01	-5.689292e-01	5.585814e-01	-1.231427e+00	-1.184643e+00	-4.678452e-02
5.040000e-01	-5.689464e-01	5.585991e-01	-1.231470e+00	-1.184681e+00	-4.678864e-02
5.050000e-01	-5.689495e-01	5.586081e-01	-1.231480e+00	-1.184690e+00	-4.679043e-02
5.060000e-01	-5.689681e-01	5.586275e-01	-1.231530e+00	-1.184733e+00	-4.679699e-02
5.070000e-01	-5.689716e-01	5.586368e-01	-1.231539e+00	-1.184741e+00	-4.679805e-02
5.080000e-01	-5.689879e-01	5.586541e-01	-1.231585e+00	-1.184781e+00	-4.680477e-02
5.090000e-01	-5.689922e-01	5.586662e-01	-1.231597e+00	-1.184790e+00	-4.680612e-02
5.100000e-01	-5.690104e-01	5.586866e-01	-1.231640e+00	-1.184830e+00	-4.680964e-02
5.110000e-01	-5.690125e-01	5.586960e-01	-1.231644e+00	-1.184834e+00	-4.680945e-02
5.120000e-01	-5.690297e-01	5.587158e-01	-1.231689e+00	-1.184874e+00	-4.681499e-02
5.130000e-01	-5.690321e-01	5.587276e-01	-1.231695e+00	-1.184880e+00	-4.681546e-02
5.140000e-01	-5.690475e-01	5.587463e-01	-1.231730e+00	-1.184912e+00	-4.681739e-02
5.150000e-01	-5.690513e-01	5.587580e-01	-1.231739e+00	-1.184921e+00	-4.681842e-02
5.160000e-01	-5.690684e-01	5.587780e-01	-1.231782e+00	-1.184959e+00	-4.682261e-02
5.170000e-01	-5.690718e-01	5.587894e-01	-1.231793e+00	-1.184968e+00	-4.682458e-02
5.180000e-01	-5.690892e-01	5.588095e-01	-1.231837e+00	-1.185008e+00	-4.682937e-02
5.190000e-01	-5.690896e-01	5.588173e-01	-1.231837e+00	-1.185008e+00	-4.682904e-02
5.200000e-01	-5.691023e-01	5.588328e-01	-1.231868e+00	-1.185036e+00	-4.683181e-02
5.210000e-01	-5.691039e-01	5.588431e-01	-1.231863e+00	-1.185035e+00	-4.682763e-02
5.220000e-01	-5.691210e-01	5.588626e-01	-1.231899e+00	-1.185070e+00	-4.682848e-02
5.230000e-01	-5.691231e-01	5.588728e-01	-1.231901e+00	-1.185074e+00	-4.682749e-02
5.240000e-01	-5.691387e-01	5.588909e-01	-1.231940e+00	-1.185109e+00	-4.683144e-02
5.250000e-01	-5.691428e-01	5.589027e-01	-1.231951e+00	-1.185118e+00	-4.683254e-02
5.260000e-01	-5.691555e-01	5.589175e-01	-1.231978e+00	-1.185144e+00	-4.683328e-02
5.270000e-01	-5.691577e-01	5.589264e-01	-1.231977e+00	-1.185146e+00	-4.683065e-02
5.280000e-01	-5.691730e-01	5.589448e-01	-1.232005e+00	-1.185175e+00	-4.682930e-02
5.290000e-01	-5.691753e-01	5.589543e-01	-1.231995e+00	-1.185173e+00	-4.682224e-02
5.300000e-01	-5.691913e-01	5.589725e-01	-1.232015e+00	-1.185199e+00	-4.681638e-02
5.310000e-01	-5.691951e-01	5.589842e-01	-1.232013e+00	-1.185202e+00	-4.681152e-02
5.320000e-01	-5.692110e-01	5.590035e-01	-1.232049e+00	-1.185236e+00	-4.681356e-02
5.330000e-01	-5.692176e-01	5.590187e-01	-1.232050e+00	-1.185243e+00	-4.680743e-02
5.340000e-01	-5.692341e-01	5.590366e-01	-1.232078e+00	-1.185273e+00	-4.680487e-02
5.350000e-01	-5.692373e-01	5.590458e-01	-1.232079e+00	-1.185277e+00	-4.680242e-02
5.360000e-01	-5.692513e-01	5.590614e-01	-1.232105e+00	-1.185304e+00	-4.680122e-02
5.370000e-01	-5.692530e-01	5.590681e-01	-1.232092e+00	-1.185299e+00	-4.679283e-02
5.380000e-01	-5.692658e-01	5.590805e-01	-1.232107e+00	-1.185319e+00	-4.678784e-02
5.390000e-01	-5.692699e-01	5.590907e-01	-1.232104e+00	-1.185322e+00	-4.678221e-02
5.400000e-01	-5.692846e-01	5.591073e-01	-1.232128e+00	-1.185349e+00	-4.677949e-02
5.410000e-01	-5.692862e-01	5.591151e-01	-1.232112e+00	-1.185342e+00	-4.676987e-02
5.420000e-01	-5.692981e-01	5.591266e-01	-1.232124e+00	-1.185360e+00	-4.676370e-02
5.430000e-01	-5.692993e-01	5.591321e-01	-1.232114e+00	-1.185356e+00	-4.675780e-02
5.440000e-01	-5.693078e-01	5.591401e-01	-1.232124e+00	-1.185370e+00	-4.675432e-02
5.450000e-01	-5.693072e-01	5.591427e-01	-1.232095e+00	-1.185354e+00	-4.674014e-02
5.460000e-01	-5.693156e-01	5.591487e-01	-1.232096e+00	-1.185364e+00	-4.673242e-02
5.470000e-01	-5.693126e-01	5.591502e-01	-1.232078e+00	-1.185352e+00	-4.672652e-02
5.480000e-01	-5.693193e-01	5.591574e-01	-1.232081e+00	-1.185360e+00	-4.672119e-02
5.490000e-01	-5.693157e-01	5.591575e-01	-1.232043e+00	-1.185337e+00	-4.670591e-02
5.500000e-01	-5.693216e-01	5.591618e-01	-1.232041e+00	-1.185342e+00	-4.669902e-02
5.510000e-01	-5.693177e-01	5.591616e-01	-1.232019e+00	-1.185327e+00	-4.669165e-02
5.520000e-01	-5.693195e-01	5.591611e-01	-1.232010e+00	-1.185324e+00	-4.668538e-02
5.530000e-01	-5.693108e-01	5.591534e-01	-1.231969e+00	-1.185295e+00	-4.667344e-02
5.540000e-01	-5.693136e-01	5.591536e-01	-1.231967e+00	-1.185297e+00	-4.666996e-02
5.550000e-01	-5.693053e-01	5.591498e-01	-1.231936e+00	-1.185274e+00	-4.666284e-02
5.560000e-01	-5.693048e-01	5.591477e-01	-1.231927e+00	-1.185268e+00	-4.665866e-02
5.570000e-01	-5.692962e-01	5.591403e-01	-1.231889e+00	-1.185241e+00	-4.664810e-02
5.580000e-01	-5.692985e-01	5.591377e-01	-1.231888e+00	-1.185243e+00	-4.664564e-02
5.590000e-01	-5.692888e-01	5.591289e-01	-1.231854e+00	-1.185216e+00	-4.663834e-02
5.600000e-01	-5.692874e-01	5.591233e-01	-1.231839e+00	-1.185207e+00	-4.663212e-02
5.610000e-01	-5.692764e-01	5.591124e-01	-1.231797e+00	-1.185175e+00	-4.662227e-02
5.620000e-01	-5.692730e-01	5.591062e-01	-1.231780e+00	-1.185163e+00	-4.661712e-02
5.630000e-01	-5.692620e-01	5.590960e-01	-1.231739e+00	-1.185132e+00	-4.660753e-02
5.640000e-01	-5.692609e-01	5.590921e-01	-1.231731e+00	-1.185126e+00	-4.660436e-02
5.650000e-01	-5.692508e-01	5.590826e-01	-1.231694e+00	-1.185098e+00	-4.659615e-02
5.660000e-01	-5.692509e-01	5.590783e-01	-1.231685e+00	-1.185094e+00	-4.659183e-02
5.670000e-01	-5.692393e-01	5.590660e-01	-1.231650e+00	-1.185065e+00	-4.658589e-02
5.680000e-01	-5.692358e-01	5.590594e-01	-1.231647e+00	-1.185059e+00	-4.658784e-02
5.690000e-01	-5.692236e-01	5.590487e-01	-1.231608e+00	-1.185028e+00	-4.658028e-02
5.700000e-01	-5.692201e-01	5.590410e-01	-1.231592e+00	-1.185016e+00	-4.657594e-02
5.710000e-01	-5.692072e-01	5.590303e-01	-1.231557e+00	-1.184986e+00	-4.657143e-02
5.720000e-01	-5.692053e-01	5.590275e-01	-1.231560e+00	-1.184985e+00	-4.657441e-02
5.730000e-01	-5.691921e-01	5.590156e-01	-1.231518e+00	-1.184951e+00	-4.656686e-02
5.740000e-01	-5.691878e-01	5.590064e-01	-1.231509e+00	-1.184942e+00	-4.656689e-02
5.750000e-01	-5.691777e-01	5.589983e-01	-1.231492e+00	-1.184924e+00	-4.656819e-02
5.760000e-01	-5.691760e-01	5.589946e-01	-1.231503e+00	-1.184928e+00	-4.657561e-02
5.770000e-01	-5.691611e-01	5.589809e-01	-1.231467e+00	-1.184895e+00	-4.657264e-02
5.780000e-01	-5.691572e-01	5.589745e-01	-1.231473e+00	-1.184894e+00	-4.657948e-02
5.790000e-01	-5.691440e-01	5.589646e-01	-1.231448e+00	-1.184868e+00	-4.657989e-02
5.800000e-01	-5.691382e-01	5.589583e-01	-1.231445e+00	-1.184861e+00	-4.658435e-02
5.810000e-01	-5.691224e-01	5.589454e-01	-1.231400e+00	-1.184822e+00	-4.657766e-02
5.820000e-01	-5.691181e-01	5.589391e-01	-1.231403e+00	-1.184820e+00	-4.658332e-02
5.830000e-01	-5.691038e-01	5.589288e-01	-1.231373e+00	-1.184790e+00	-4.658245e-02
5.840000e-01	-5.690997e-01	5.589242e-01	-1.231378e+00	-1.184789e+00	-4.658923e-02
5.850000e-01	-5.690884e-01	5.589172e-01	-1.231359e+00	-1.184768e+00	-4.659105e-02
5.860000e-01	-5.690844e-01	5.589107e-01	-1.231363e+00	-1.184766e+00	-4.659716e-02
5.870000e-01	-5.690723e-01	5.589008e-01	-1.231342e+00	-1.184743e+00	-4.659885e-02
5.880000e-01	-5.690681e-01	5.588961e-01	-1.231354e+00	-1.184745e+00	-4.660881e-02
5.890000e-01	-5.690564e-01	5.588867e-01	-1.231331e+00	-1.184722e+00	-4.660928e-02
5.900000e-01	-5.690536e-01	5.588814e-01	-1.231328e+00	-1.184717e+00	-4.661026e-02
5.910000e-01	-5.690439e-01	5.588744e-01	-1.231305e+00	-1.184696e+00	-4.660858e-02
5.920000e-01	-5.690421e-01	5.588736e-01	-1.231324e+00	-1.184704e+00	-4.661971e-02
5.930000e-01	-5.690359e-01	5.588699e-01	-1.231310e+00	-1.184691e+00	-4.661930e-02
5.940000e-01	-5.690355e-01	5.588653e-01	-1.231318e+00	-1.184694e+00	-4.662331e-02
5.950000e-01	-5.690298e-01	5.588609e-01	-1.231318e+00	-1.184689e+00	-4.662921e-02
5.960000e-01	-5.690312e-01	5.588622e-01	-1.231343e+00	-1.184703e+00	-4.664016e-02
5.970000e-01	-5.690247e-01	5.588569e-01	-1.231319e+00	-1.184684e+00	-4.663491e-02
5.980000e-01	-5.690240e-01	5.588530e-01	-1.231317e+00	-1.184682e+00	-4.663430e-02
5.990000e-01	-5.690223e-01	5.588559e-01	-1.231318e+00	-1.184681e+00	-4.663696e-02
6.000000e-01	-5.690276e-01	5.588630e-01	-1.231345e+00	-1.184700e+00	-4.664486e-02
6.010000e-01	-5.690238e-01	5.588620e-01	-1.231327e+00	-1.184687e+00	-4.663945e-02
6.020000e-01	-5.690299e-01	5.588659e-01	-1.231355e+00	-1.184707e+00	-4.664745e-02
6.030000e-01	-5.690303e-01	5.588702e-01	-1.231370e+00	-1.184715e+00	-4.665481e-02
6.040000e-01	-5.690333e-01	5.588731e-01	-1.231396e+00	-1.184732e+00	-4.666491e-02
6.050000e-01	-5.690313e-01	5.588737e-01	-1.231388e+00	-1.184725e+00	-4.666256e-02
6.060000e-01	-5.690364e-01	5.588769e-01	-1.231414e+00	-1.184744e+00	-4.667070e-02
6.070000e-01	-5.690353e-01	5.588803e-01	-1.231419e+00	-1.184745e+00	-4.667409e-02
6.080000e-01	-5.690391e-01	5.588860e-01	-1.231437e+00	-1.184758e+00	-4.667952e-02
6.090000e-01	-5.690385e-01	5.588899e-01	-1.231434e+00	-1.184756e+00	-4.667846e-02
6.100000e-01	-5.690441e-01	5.588948e-01	-1.231461e+00	-1.184774e+00	-4.668621e-02
6.110000e-01	-5.690471e-01	5.589020e-01	-1.231479e+00	-1.184787e+00	-4.669239e-02
6.120000e-01	-5.690540e-01	5.589087e-01	-1.231512e+00	-1.184810e+00	-4.670218e-02
6.130000e-01	-5.690543e-01	5.589108e-01	-1.231515e+00	-1.184812e+00	-4.670328e-02
6.140000e-01	-5.690606e-01	5.589155e-01	-1.231547e+00	-1.184834e+00	-4.671291e-02
6.150000e-01	-5.690625e-01	5.589225e-01	-1.231556e+00	-1.184840e+00	-4.671542e-02
6.160000e-01	-5.690666e-01	5.589284e-01	-1.231574e+00	-1.184853e+00	-4.672037e-02
6.170000e-01	-5.690677e-01	5.589344e-01	-1.231567e+00	-1.184851e+00	-4.671571e-02
6.180000e-01	-5.690761e-01	5.589431e-01	-1.231593e+00	-1.184873e+00	-4.672038e-02
6.190000e-01	-5.690799e-01	5.589505e-01	-1.231603e+00	-1.184881e+00	-4.672149e-02
6.200000e-01	-5.690890e-01	5.589602e-01	-1.231633e+00	-1.184905e+00	-4.672746e-02
6.210000e-01	-5.690946e-01	5.589687e-01	-1.231645e+00	-1.184917e+00	-4.672764e-02
6.220000e-01	-5.691037e-01	5.589756e-01	-1.231678e+00	-1.184943e+00	-4.673530e-02
6.230000e-01	-5.691113e-01	5.589862e-01	-1.231694e+00	-1.184958e+00	-4.673568e-02
6.240000e-01	-5.691209e-01	5.589967e-01	-1.231724e+00	-1.184983e+00	-4.674109e-02
6.250000e-01	-5.691246e-01	5.590025e-01	-1.231717e+00	-1.184983e+00	-4.673414e-02
6.260000e-01	-5.691348e-01	5.590098e-01	-1.231740e+00	-1.185005e+00	-4.673509e-02
6.270000e-01	-5.691431e-01	5.590198e-01	-1.231749e+00	-1.185018e+00	-4.673149e-02
6.280000e-01	-5.691542e-01	5.590286e-01	-1.231774e+00	-1.185041e+00	-4.673259e-02
6.290000e-01	-5.691645e-01	5.590390e-01	-1.231779e+00	-1.185054e+00	-4.672503e-02
6.300000e-01	-5.691790e-01	5.590499e-01	-1.231811e+00	-1.185085e+00	-4.672671e-02
6.310000e-01	-5.691885e-01	5.590606e-01	-1.231822e+00	-1.185100e+00	-4.672264e-02
6.320000e-01	-5.691994e-01	5.590689e-01	-1.231840e+00	-1.185119e+00	-4.672063e-02
6.330000e-01	-5.692072e-01	5.590772e-01	-1.231833e+00	-1.185123e+00	-4.670906e-02
6.340000e-01	-5.692165e-01	5.590820e-01	-1.231840e+00	-1.185137e+00	-4.670367e-02
6.350000e-01	-5.692242e-01	5.590888e-01	-1.231828e+00	-1.185138e+00	-4.668987e-02
6.360000e-01	-5.692344e-01	5.590971e-01	-1.231838e+00	-1.185153e+00	-4.668434e-02
6.370000e-01	-5.692429e-01	5.591068e-01	-1.231829e+00	-1.185158e+00	-4.667182e-02
6.380000e-01	-5.692541e-01	5.591160e-01	-1.231841e+00	-1.185175e+00	-4.666641e-02
6.390000e-01	-5.692611e-01	5.591251e-01	-1.231837e+00	-1.185179e+00	-4.665722e-02
6.400000e-01	-5.692671e-01	5.591301e-01	-1.231847e+00	-1.185191e+00	-4.665646e-02
6.410000e-01	-5.692723e-01	5.591352e-01	-1.231838e+00	-1.185191e+00	-4.664682e-02
6.420000e-01	-5.692769e-01	5.591353e-01	-1.231840e+00	-1.185197e+00	-4.664317e-02
6.430000e-01	-5.692784e-01	5.591382e-01	-1.231830e+00	-1.185193e+00	-4.663648e-02
6.440000e-01	-5.692780e-01	5.591373e-01	-1.231825e+00	-1.185191e+00	-4.663460e-02
6.450000e-01	-5.692752e-01	5.591353e-01	-1.231798e+00	-1.185174e+00	-4.662388e-02
6.460000e-01	-5.692722e-01	5.591300e-01	-1.231790e+00	-1.185167e+00	-4.662261e-02
6.470000e-01	-5.692691e-01	5.591295e-01	-1.231772e+00	-1.185155e+00	-4.661681e-02
6.480000e-01	-5.692617e-01	5.591223e-01	-1.231756e+00	-1.185139e+00	-4.661620e-02
6.490000e-01	-5.692503e-01	5.591115e-01	-1.231713e+00	-1.185107e+00	-4.660632e-02
6.500000e-01	-5.692403e-01	5.590986e-01	-1.231693e+00	-1.185087e+00	-4.660643e-02
6.510000e-01	-5.692301e-01	5.590892e-01	-1.231660e+00	-1.185060e+00	-4.659987e-02
6.520000e-01	-5.692168e-01	5.590759e-01	-1.231632e+00	-1.185033e+00	-4.659903e-02
6.530000e-01	-5.692047e-01	5.590657e-01	-1.231592e+00	-1.185001e+00	-4.659120e-02
6.540000e-01	-5.691912e-01	5.590499e-01	-1.231568e+00	-1.184975e+00	-4.659290e-02
6.550000e-01	-5.691767e-01	5.590358e-01	-1.231529e+00	-1.184941e+00	-4.658793e-02
6.560000e-01	-5.691621e-01	5.590211e-01	-1.231508e+00	-1.184916e+00	-4.659212e-02
6.570000e-01	-5.691475e-01	5.590072e-01	-1.231467e+00	-1.184881e+00	-4.658576e-02
6.580000e-01	-5.691314e-01	5.589871e-01	-1.231435e+00	-1.184849e+00	-4.658621e-02
6.590000e-01	-5.691181e-01	5.589738e-01	-1.231400e+00	-1.184818e+00	-4.658179e-02
6.600000e-01	-5.691043e-01	5.589594e-01	-1.231379e+00	-1.184794e+00	-4.658506e-02
6.610000e-01	-5.690928e-01	5.589474e-01	-1.231343e+00	-1.184764e+00	-4.657884e-02
6.620000e-01	-5.690821e-01	5.589318e-01	-1.231330e+00	-1.184747e+00	-4.658277e-02
6.630000e-01	-5.690728e-01	5.589227e-01	-1.231312e+00	-1.184729e+00	-4.658320e-02
6.640000e-01	-5.690617e-01	5.589084e-01	-1.231302e+00	-1.184713e+00	-4.658943e-02
6.650000e-01	-5.690545e-01	5.588987e-01	-1.231275e+00	-1.184692e+00	-4.658312e-02
6.660000e-01	-5.690473e-01	5.588855e-01	-1.231271e+00	-1.184683e+00	-4.658815e-02
6.670000e-01	-5.690417e-01	5.588790e-01	-1.231250e+00	-1.184667e+00	-4.658332e-02
6.680000e-01	-5.690337e-01	5.588684e-01	-1.231237e+00	-1.184652e+00	-4.658468e-02
6.690000e-01	-5.690310e-01	5.588631e-01	-1.231218e+00	-1.184640e+00	-4.657781e-02
6.700000e-01	-5.690274e-01	5.588543e-01	-1.231221e+00	-1.184638e+00	-4.658311e-02
6.710000e-01	-5.690291e-01	5.588543e-01	-1.231219e+00	-1.184638e+00	-4.658023e-02
6.720000e-01	-5.690266e-01	5.588481e-01	-1.231220e+00	-1.184637e+00	-4.658359e-02
6.730000e-01	-5.690292e-01	5.588474e-01	-1.231218e+00	-1.184638e+00	-4.658002e-02
6.740000e-01	-5.690278e-01	5.588422e-01	-1.231230e+00	-1.184643e+00	-4.658698e-02
6.750000e-01	-5.690289e-01	5.588433e-01	-1.231221e+00	-1.184640e+00	-4.658182e-02
6.760000e-01	-5.690240e-01	5.588361e-01	-1.231217e+00	-1.184633e+00	-4.658457e-02
6.770000e-01	-5.690260e-01	5.588373e-01	-1.231213e+00	-1.184633e+00	-4.658056e-02
6.780000e-01	-5.690258e-01	5.588331e-01	-1.231233e+00	-1.184642e+00	-4.659049e-02
6.790000e-01	-5.690283e-01	5.588350e-01	-1.231233e+00	-1.184645e+00	-4.658808e-02
6.800000e-01	-5.690261e-01	5.588293e-01	-1.231247e+00	-1.184650e+00	-4.659730e-02
6.810000e-01	-5.690303e-01	5.588335e-01	-1.231264e+00	-1.184662e+00	-4.660168e-02
6.820000e-01	-5.690300e-01	5.588301e-01	-1.231289e+00	-1.184674e+00	-4.661430e-02
6.830000e-01	-5.690296e-01	5.588309e-01	-1.231284e+00	-1.184672e+00	-4.661253e-02
6.840000e-01	-5.690225e-01	5.588233e-01	-1.231290e+00	-1.184668e+00	-4.662255e-02
6.850000e-01	-5.690213e-01	5.588236e-01	-1.231284e+00	-1.184663e+00	-4.662045e-02
6.860000e-01	-5.690159e-01	5.588154e-01	-1.231286e+00	-1.184659e+00	-4.662699e-02
6.870000e-01	-5.690150e-01	5.588162e-01	-1.231279e+00	-1.184655e+00	-4.662449e-02
6.880000e-01	-5.690099e-01	5.588119e-01	-1.231290e+00	-1.184655e+00	-4.663518e-02
6.890000e-01	-5.690117e-01	5.588148e-01	-1.231288e+00	-1.184656e+00	-4.663247e-02
6.900000e-01	-5.690097e-01	5.588099e-01	-1.231309e+00	-1.184664e+00	-4.664500e-02
6.910000e-01	-5.690110e-01	5.588141e-01	-1.231318e+00	-1.184670e+00	-4.664807e-02
6.920000e-01	-5.690058e-01	5.588088e-01	-1.231332e+00	-1.184672e+00	-4.666007e-02
6.930000e-01	-5.690057e-01	5.588089e-01	-1.231325e+00	-1.184668e+00	-4.665653e-02
6.940000e-01	-5.690025e-01	5.588033e-01	-1.231339e+00	-1.184672e+00	-4.666686e-02
6.950000e-01	-5.690078e-01	5.588116e-01	-1.231346e+00	-1.184681e+00	-4.666501e-02
6.960000e-01	-5.690053e-01	5.588088e-01	-1.231352e+00	-1.184681e+00	-4.667048e-02
6.970000e-01	-5.690098e-01	5.588145e-01	-1.231355e+00	-1.184687e+00	-4.666765e-02
6.980000e-01	-5.690129e-01	5.588171e-01	-1.231390e+00	-1.184708e+00	-4.668219e-02
6.990000e-01	-5.690207e-01	5.588261e-01	-1.231405e+00	-1.184723e+00	-4.668197e-02
7.000000e-01	-5.690207e-01	5.588242e-01	-1.231424e+00	-1.184733e+00	-4.669137e-02
7.010000e-01	-5.690263e-01	5.588305e-01	-1.231433e+00	-1.184743e+00	-4.668996e-02
7.020000e-01	-5.690258e-01	5.588277e-01	-1.231450e+00	-1.184751e+00	-4.669927e-02
7.030000e-01	-5.690306e-01	5.588334e-01	-1.231444e+00	-1.184753e+00	-4.669130e-02
7.040000e-01	-5.690317e-01	5.588354e-01	-1.231455e+00	-1.184759e+00	-4.669560e-02
7.050000e-01	-5.690415e-01	5.588482e-01	-1.231466e+00	-1.184774e+00	-4.669134e-02
7.060000e-01	-5.690473e-01	5.588541e-01	-1.231489e+00	-1.184792e+00	-4.669728e-02
7.070000e-01	-5.690583e-01	5.588674e-01	-1.231506e+00	-1.184811e+00	-4.669450e-02
7.080000e-01	-5.690610e-01	5.588700e-01	-1.231532e+00	-1.184827e+00	-4.670503e-02
7.090000e-01	-5.690695e-01	5.588798e-01	-1.231549e+00	-1.184844e+00	-4.670483e-02
7.100000e-01	-5.690717e-01	5.588810e-01	-1.231575e+00	-1.184859e+00	-4.671570e-02
7.110000e-01	-5.690781e-01	5.588895e-01	-1.231581e+00	-1.184868e+00	-4.671235e-02
7.120000e-01	-5.690788e-01	5.588920e-01	-1.231594e+00	-1.184876e+00	-4.671838e-02
7.130000e-01	-5.690866e-01	5.589044e-01	-1.231596e+00	-1.184885e+00	-4.671135e-02
7.140000e-01	-5.690890e-01	5.589080e-01	-1.231616e+00	-1.184897e+00	-4.671917e-02
7.150000e-01	-5.690961e-01	5.589192e-01	-1.231622e+00	-1.184907e+00	-4.671508e-02
7.160000e-01	-5.690968e-01	5.589212e-01	-1.231641e+00	-1.184917e+00	-4.672353e-02
7.170000e-01	-5.691038e-01	5.589302e-01	-1.231654e+00	-1.184931e+00	-4.672304e-02
7.180000e-01	-5.691045e-01	5.589310e-01	-1.231677e+00	-1.184943e+00	-4.673417e-02
7.190000e-01	-5.691096e-01	5.589393e-01	-1.231680e+00	-1.184950e+00	-4.673049e-02
7.200000e-01	-5.691080e-01	5.589403e-01	-1.231685e+00	-1.184951e+00	-4.673452e-02
7.210000e-01	-5.691147e-01	5.589515e-01	-1.231688e+00	-1.184959e+00	-4.672912e-02
7.220000e-01	-5.691159e-01	5.589540e-01	-1.231702e+00	-1.184967e+00	-4.673486e-02
7.230000e-01	-5.691218e-01	5.589644e-01	-1.231698e+00	-1.184971e+00	-4.672725e-02
7.240000e-01	-5.691217e-01	5.589668e-01	-1.231708e+00	-1.184976e+00	-4.673229e-02
7.250000e-01	-5.691298e-01	5.589781e-01	-1.231719e+00	-1.184989e+00	-4.672948e-02
7.260000e-01	-5.691306e-01	5.589786e-01	-1.231738e+00	-1.184999e+00	-4.673818e-02
7.270000e-01	-5.691362e-01	5.589864e-01	-1.231737e+00	-1.185005e+00	-4.673238e-02
7.280000e-01	-5.691364e-01	5.589876e-01	-1.231746e+00	-1.185010e+00	-4.673686e-02
7.290000e-01	-5.691446e-01	5.589985e-01	-1.231754e+00	-1.185022e+00	-4.673240e-02
7.300000e-01	-5.691461e-01	5.590003e-01	-1.231762e+00	-1.185027e+00	-4.673495e-02
7.310000e-01	-5.691534e-01	5.590088e-01	-1.231754e+00	-1.185031e+00	-4.672375e-02
7.320000e-01	-5.691554e-01	5.590107e-01	-1.231764e+00	-1.185037e+00	-4.672662e-02
7.330000e-01	-5.691672e-01	5.590235e-01	-1.231776e+00	-1.185055e+00	-4.672079e-02
7.340000e-01	-5.691730e-01	5.590280e-01	-1.231799e+00	-1.185072e+00	-4.672629e-02
7.350000e-01	-5.691831e-01	5.590387e-01	-1.231802e+00	-1.185084e+00	-4.671813e-02
7.360000e-01	-5.691841e-01	5.590396e-01	-1.231809e+00	-1.185089e+00	-4.672045e-02
7.370000e-01	-5.691933e-01	5.590495e-01	-1.231804e+00	-1.185096e+00	-4.670887e-02
7.380000e-01	-5.691941e-01	5.590480e-01	-1.231793e+00	-1.185091e+00	-4.670258e-02
7.390000e-01	-5.692028e-01	5.590571e-01	-1.231781e+00	-1.185093e+00	-4.668785e-02
7.400000e-01	-5.692053e-01	5.590609e-01	-1.231780e+00	-1.185095e+00	-4.668473e-02
7.410000e-01	-5.692158e-01	5.590726e-01	-1.231776e+00	-1.185104e+00	-4.667199e-02
7.420000e-01	-5.692196e-01	5.590753e-01	-1.231779e+00	-1.185109e+00	-4.667008e-02
7.430000e-01	-5.692315e-01	5.590896e-01	-1.231789e+00	-1.185126e+00	-4.666285e-02
7.440000e-01	-5.692345e-01	5.590947e-01	-1.231804e+00	-1.185136e+00	-4.666754e-02
7.450000e-01	-5.692434e-01	5.591049e-01	-1.231800e+00	-1.185143e+00	-4.665646e-02
7.460000e-01	-5.692437e-01	5.591024e-01	-1.231799e+00	-1.185143e+00	-4.665570e-02
7.470000e-01	-5.692492e-01	5.591088e-01	-1.231793e+00	-1.185146e+00	-4.664741e-02
7.480000e-01	-5.692458e-01	5.591066e-01	-1.231791e+00	-1.185141e+00	-4.664973e-02
7.490000e-01	-5.692495e-01	5.591113e-01	-1.231772e+00	-1.185136e+00	-4.663673e-02
7.500000e-01	-5.692445e-01	5.591044e-01	-1.231764e+00	-1.185126e+00	-4.663738e-02
7.510000e-01	-5.692478e-01	5.591097e-01	-1.231759e+00	-1.185127e+00	-4.663171e-02
7.520000e-01	-5.692410e-01	5.591044e-01	-1.231753e+00	-1.185117e+00	-4.663553e-02
7.530000e-01	-5.692393e-01	5.591037e-01	-1.231727e+00	-1.185103e+00	-4.662396e-02
7.540000e-01	-5.692275e-01	5.590897e-01	-1.231708e+00	-1.185081e+00	-4.662626e-02
7.550000e-01	-5.692242e-01	5.590874e-01	-1.231688e+00	-1.185068e+00	-4.661989e-02
7.560000e-01	-5.692110e-01	5.590745e-01	-1.231661e+00	-1.185042e+00	-4.661961e-02
7.570000e-01	-5.692052e-01	5.590677e-01	-1.231624e+00	-1.185017e+00	-4.660686e-02
7.580000e-01	-5.691934e-01	5.590544e-01	-1.231611e+00	-1.184999e+00	-4.661228e-02
7.590000e-01	-5.691877e-01	5.590515e-01	-1.231591e+00	-1.184983e+00	-4.660770e-02
7.600000e-01	-5.691693e-01	5.590322e-01	-1.231556e+00	-1.184947e+00	-4.660896e-02
7.610000e-01	-5.691615e-01	5.590236e-01	-1.231520e+00	-1.184922e+00	-4.659859e-02
7.620000e-01	-5.691493e-01	5.590083e-01	-1.231510e+00	-1.184904e+00	-4.660570e-02
7.630000e-01	-5.691421e-01	5.590011e-01	-1.231483e+00	-1.184883e+00	-4.659919e-02
7.640000e-01	-5.691251e-01	5.589818e-01	-1.231450e+00	-1.184850e+00	-4.659965e-02
7.650000e-01	-5.691172e-01	5.589718e-01	-1.231414e+00	-1.184824e+00	-4.658967e-02
7.660000e-01	-5.691055e-01	5.589562e-01	-1.231404e+00	-1.184808e+00	-4.659671e-02
7.670000e-01	-5.691034e-01	5.589526e-01	-1.231388e+00	-1.184797e+00	-4.659032e-02
7.680000e-01	-5.690933e-01	5.589390e-01	-1.231374e+00	-1.184780e+00	-4.659376e-02
7.690000e-01	-5.690902e-01	5.589324e-01	-1.231353e+00	-1.184767e+00	-4.658641e-02
7.700000e-01	-5.690818e-01	5.589186e-01	-1.231350e+00	-1.184757e+00	-4.659343e-02
7.710000e-01	-5.690802e-01	5.589139e-01	-1.231331e+00	-1.184746e+00	-4.658550e-02
7.720000e-01	-5.690702e-01	5.588988e-01	-1.231315e+00	-1.184728e+00	-4.658747e-02
7.730000e-01	-5.690706e-01	5.588953e-01	-1.231297e+00	-1.184719e+00	-4.657793e-02
7.740000e-01	-5.690649e-01	5.588851e-01	-1.231293e+00	-1.184711e+00	-4.658141e-02
7.750000e-01	-5.690668e-01	5.588839e-01	-1.231275e+00	-1.184705e+00	-4.657091e-02
7.760000e-01	-5.690611e-01	5.588731e-01	-1.231268e+00	-1.184695e+00	-4.657307e-02
7.770000e-01	-5.690650e-01	5.588744e-01	-1.231262e+00	-1.184696e+00	-4.656593e-02
7.780000e-01	-5.690595e-01	5.588650e-01	-1.231263e+00	-1.184691e+00	-4.657195e-02
7.790000e-01	-5.690609e-01	5.588640e-01	-1.231249e+00	-1.184685e+00	-4.656342e-02
7.800000e-01	-5.690550e-01	5.588546e-01	-1.231258e+00	-1.184684e+00	-4.657382e-02
7.810000e-01	-5.690562e-01	5.588537e-01	-1.231248e+00	-1.184680e+00	-4.656762e-02
7.820000e-01	-5.690509e-01	5.588441e-01	-1.231249e+00	-1.184675e+00	-4.657342e-02
7.830000e-01	-5.690543e-01	5.588462e-01	-1.231247e+00	-1.184678e+00	-4.656898e-02
7.840000e-01	-5.690480e-01	5.588376e-01	-1.231260e+00	-1.184678e+00	-4.658186e-02
7.850000e-01	-5.690491e-01	5.588382e-01	-1.231259e+00	-1.184678e+00	-4.658025e-02
7.860000e-01	-5.690397e-01	5.588255e-01	-1.231261e+00	-1.184670e+00	-4.659065e-02
7.870000e-01	-5.690390e-01	5.588248e-01	-1.231259e+00	-1.184668e+00	-4.659039e-02
7.880000e-01	-5.690282e-01	5.588139e-01	-1.231263e+00	-1.184660e+00	-4.660321e-02
7.890000e-01	-5.690264e-01	5.588125e-01	-1.231254e+00	-1.184654e+00	-4.660072e-02
7.900000e-01	-5.690142e-01	5.587989e-01	-1.231245e+00	-1.184637e+00	-4.660833e-02
7.910000e-01	-5.690120e-01	5.587974e-01	-1.231233e+00	-1.184628e+00	-4.660458e-02
7.920000e-01	-5.690019e-01	5.587883e-01	-1.231240e+00	-1.184622e+00	-4.661819e-02
7.930000e-01	-5.690012e-01	5.587896e-01	-1.231236e+00	-1.184619e+00	-4.661675e-02
7.940000e-01	-5.689908e-01	5.587784e-01	-1.231240e+00	-1.184611e+00	-4.662928e-02
7.950000e-01	-5.689900e-01	5.587791e-01	-1.231238e+00	-1.184609e+00	-4.662924e-02
7.960000e-01	-5.689800e-01	5.587707e-01	-1.231256e+00	-1.184608e+00	-4.664812e-02
7.970000e-01	-5.689812e-01	5.587741e-01	-1.231257e+00	-1.184610e+00	-4.664744e-02
7.980000e-01	-5.689727e-01	5.587641e-01	-1.231261e+00	-1.184603e+00	-4.665770e-02
7.990000e-01	-5.689759e-01	5.587696e-01	-1.231268e+00	-1.184610e+00	-4.665803e-02
8.000000e-01	-5.689699e-01	5.587660e-01	-1.231284e+00	-1.184612e+00	-4.667197e-02
8.010000e-01	-5.689744e-01	5.587728e-01	-1.231285e+00	-1.184617e+00	-4.666834e-02
8.020000e-01	-5.689695e-01	5.587666e-01	-1.231299e+00	-1.184619e+00	-4.668018e-02
8.030000e-01	-5.689786e-01	5.587773e-01	-1.231322e+00	-1.184640e+00	-4.668240e-02
8.040000e-01	-5.689772e-01	5.587767e-01	-1.231349e+00	-1.184652e+00	-4.669748e-02
8.050000e-01	-5.689869e-01	5.587875e-01	-1.231364e+00	-1.184669e+00	-4.669492e-02
8.060000e-01	-5.689875e-01	5.587876e-01	-1.231393e+00	-1.184684e+00	-4.670888e-02
8.070000e-01	-5.689975e-01	5.588006e-01	-1.231410e+00	-1.184703e+00	-4.670774e-02
8.080000e-01	-5.689964e-01	5.588008e-01	-1.231425e+00	-1.184709e+00	-4.671613e-02
8.090000e-01	-5.690085e-01	5.588151e-01	-1.231439e+00	-1.184728e+00	-4.671108e-02
8.100000e-01	-5.690115e-01	5.588193e-01	-1.231467e+00	-1.184745e+00	-4.672217e-02
8.110000e-01	-5.690260e-01	5.588378e-01	-1.231491e+00	-1.184771e+00	-4.671949e-02
8.120000e-01	-5.690269e-01	5.588409e-01	-1.231508e+00	-1.184781e+00	-4.672730e-02
8.130000e-01	-5.690405e-01	5.588581e-01	-1.231534e+00	-1.184808e+00	-4.672674e-02
8.140000e-01	-5.690448e-01	5.588641e-01	-1.231574e+00	-1.184832e+00	-4.674231e-02
8.150000e-01	-5.690578e-01	5.588802e-01	-1.231595e+00	-1.184855e+00	-4.673975e-02
8.160000e-01	-5.690600e-01	5.588839e-01	-1.231616e+00	-1.184868e+00	-4.674799e-02
8.170000e-01	-5.690730e-01	5.589010e-01	-1.231638e+00	-1.184892e+00	-4.674587e-02
8.180000e-01	-5.690774e-01	5.589074e-01	-1.231666e+00	-1.184910e+00	-4.675549e-02
8.190000e-01	-5.690893e-01	5.589227e-01	-1.231673e+00	-1.184926e+00	-4.674720e-02
8.200000e-01	-5.690900e-01	5.589271e-01	-1.231693e+00	-1.184937e+00	-4.675657e-02
8.210000e-01	-5.691044e-01	5.589467e-01	-1.231715e+00	-1.184962e+00	-4.675326e-02
8.220000e-01	-5.691084e-01	5.589530e-01	-1.231739e+00	-1.184978e+00	-4.676118e-02
8.230000e-01	-5.691199e-01	5.589683e-01	-1.231751e+00	-1.184995e+00	-4.675568e-02
8.240000e-01	-5.691215e-01	5.589742e-01	-1.231773e+00	-1.185008e+00	-4.676523e-02
8.250000e-01	-5.691344e-01	5.589906e-01	-1.231789e+00	-1.185029e+00	-4.676001e-02
8.260000e-01	-5.691364e-01	5.589931e-01	-1.231801e+00	-1.185037e+00	-4.676393e-02
8.270000e-01	-5.691489e-01	5.590096e-01	-1.231808e+00	-1.185053e+00	-4.675494e-02
8.280000e-01	-5.691515e-01	5.590158e-01	-1.231829e+00	-1.185066e+00	-4.676315e-02
8.290000e-01	-5.691638e-01	5.590314e-01	-1.231837e+00	-1.185082e+00	-4.675477e-02
8.300000e-01	-5.691656e-01	5.590356e-01	-1.231849e+00	-1.185090e+00	-4.675890e-02
8.310000e-01	-5.691764e-01	5.590510e-01	-1.231852e+00	-1.185102e+00	-4.674955e-02
8.320000e-01	-5.691771e-01	5.590531e-01	-1.231865e+00	-1.185109e+00	-4.675515e-02
8.330000e-01	-5.691894e-01	5.590680e-01	-1.231872e+00	-1.185126e+00	-4.674664e-02
8.340000e-01	-5.691919e-01	5.590714e-01	-1.231884e+00	-1.185134e+00	-4.675014e-02
8.350000e-01	-5.692040e-01	5.590857e-01	-1.231886e+00	-1.185147e+00	-4.673897e-02
8.360000e-01	-5.692046e-01	5.590879e-01	-1.231896e+00	-1.185153e+00	-4.674342e-02
8.370000e-01	-5.692169e-01	5.591023e-01	-1.231901e+00	-1.185167e+00	-4.673362e-02
8.380000e-01	-5.692157e-01	5.591005e-01	-1.231905e+00	-1.185168e+00	-4.673690e-02
8.390000e-01	-5.692265e-01	5.591118e-01	-1.231903e+00	-1.185178e+00	-4.672516e-02
8.400000e-01	-5.692242e-01	5.591095e-01	-1.231906e+00	-1.185177e+00	-4.672885e-02
8.410000e-01	-5.692338e-01	5.591191e-01	-1.231900e+00	-1.185184e+00	-4.671597e-02
8.420000e-01	-5.692339e-01	5.591177e-01	-1.231896e+00	-1.185182e+00	-4.671416e-02
8.430000e-01	-5.692458e-01	5.591309e-01	-1.231888e+00	-1.185190e+00	-4.669828e-02
8.440000e-01	-5.692455e-01	5.591323e-01	-1.231888e+00	-1.185189e+00	-4.669830e-02
8.450000e-01	-5.692581e-01	5.591458e-01	-1.231880e+00	-1.185198e+00	-4.668209e-02
8.460000e-01	-5.692567e-01	5.591426e-01	-1.231874e+00	-1.185194e+00	-4.668016e-02
8.470000e-01	-5.692676e-01	5.591537e-01	-1.231868e+00	-1.185201e+00	-4.666621e-02
8.480000e-01	-5.692652e-01	5.591517e-01	-1.231866e+00	-1.185198e+00	-4.666752e-02
8.490000e-01	-5.692739e-01	5.591599e-01	-1.231852e+00	-1.185200e+00	-4.665208e-02
8.500000e-01	-5.692678e-01	5.591512e-01	-1.231838e+00	-1.185187e+00	-4.665104e-02
8.510000e-01	-5.692753e-01	5.591588e-01	-1.231826e+00	-1.185188e+00	-4.663760e-02
8.520000e-01	-5.692695e-01	5.591544e-01	-1.231813e+00	-1.185176e+00	-4.663693e-02
8.530000e-01	-5.692764e-01	5.591614e-01	-1.231795e+00	-1.185174e+00	-4.662106e-02
8.540000e-01	-5.692709e-01	5.591550e-01	-1.231782e+00	-1.185162e+00	-4.662019e-02
8.550000e-01	-5.692779e-01	5.591641e-01	-1.231779e+00	-1.185167e+00	-4.661132e-02
8.560000e-01	-5.692681e-01	5.591550e-01	-1.231768e+00	-1.185152e+00	-4.661575e-02
8.570000e-01	-5.692704e-01	5.591552e-01	-1.231747e+00	-1.185144e+00	-4.660331e-02
8.580000e-01	-5.692585e-01	5.591392e-01	-1.231734e+00	-1.185125e+00	-4.660833e-02
8.590000e-01	-5.692591e-01	5.591400e-01	-1.231725e+00	-1.185121e+00	-4.660327e-02
8.600000e-01	-5.692438e-01	5.591258e-01	-1.231698e+00	-1.185093e+00	-4.660512e-02
8.610000e-01	-5.692386e-01	5.591211e-01	-1.231655e+00	-1.185066e+00	-4.658871e-02
8.620000e-01	-5.692189e-01	5.591001e-01	-1.231618e+00	-1.185028e+00	-4.658997e-02
8.630000e-01	-5.692166e-01	5.591010e-01	-1.231595e+00	-1.185014e+00	-4.658103e-02
8.640000e-01	-5.691989e-01	5.590845e-01	-1.231560e+00	-1.184979e+00	-4.658101e-02
8.650000e-01	-5.691923e-01	5.590771e-01	-1.231518e+00	-1.184952e+00	-4.656684e-02
8.660000e-01	-5.691755e-01	5.590574e-01	-1.231507e+00	-1.184929e+00	-4.657798e-02
8.670000e-01	-5.691715e-01	5.590531e-01	-1.231497e+00	-1.184920e+00	-4.657675e-02
8.680000e-01	-5.691488e-01	5.590282e-01	-1.231463e+00	-1.184880e+00	-4.658258e-02
8.690000e-01	-5.691423e-01	5.590196e-01	-1.231437e+00	-1.184861e+00	-4.657642e-02
8.700000e-01	-5.691222e-01	5.589976e-01	-1.231415e+00	-1.184830e+00	-4.658536e-02
8.710000e-01	-5.691161e-01	5.589906e-01	-1.231385e+00	-1.184808e+00	-4.657620e-02
8.720000e-01	-5.690965e-01	5.589697e-01	-1.231347e+00	-1.184770e+00	-4.657710e-02
8.730000e-01	-5.690944e-01	5.589656e-01	-1.231324e+00	-1.184756e+00	-4.656745e-02
8.740000e-01	-5.690804e-01	5.589478e-01	-1.231308e+00	-1.184735e+00	-4.657367e-02
8.750000e-01	-5.690796e-01	5.589435e-01	-1.231291e+00	-1.184725e+00	-4.656598e-02
8.760000e-01	-5.690662e-01	5.589269e-01	-1.231284e+00	-1.184708e+00	-4.657601e-02
8.770000e-01	-5.690670e-01	5.589249e-01	-1.231276e+00	-1.184705e+00	-4.657090e-02
8.780000e-01	-5.690552e-01	5.589074e-01	-1.231262e+00	-1.184686e+00	-4.657578e-02
8.790000e-01	-5.690582e-01	5.589068e-01	-1.231249e+00	-1.184683e+00	-4.656649e-02
8.800000e-01	-5.690490e-01	5.588953e-01	-1.231246e+00	-1.184672e+00	-4.657423e-02
8.810000e-01	-5.690535e-01	5.588970e-01	-1.231230e+00	-1.184669e+00	-4.656166e-02
8.820000e-01	-5.690458e-01	5.588842e-01	-1.231219e+00	-1.184655e+00	-4.656394e-02
8.830000e-01	-5.690525e-01	5.588891e-01	-1.231220e+00	-1.184663e+00	-4.655777e-02
8.840000e-01	-5.690459e-01	5.588821e-01	-1.231229e+00	-1.184661e+00	-4.656873e-02
8.850000e-01	-5.690528e-01	5.588863e-01	-1.231227e+00	-1.184666e+00	-4.656066e-02
8.860000e-01	-5.690445e-01	5.588734e-01	-1.231231e+00	-1.184660e+00	-4.657098e-02
8.870000e-01	-5.690496e-01	5.588775e-01	-1.231236e+00	-1.184667e+00	-4.656822e-02
8.880000e-01	-5.690404e-01	5.588680e-01	-1.231241e+00	-1.184661e+00	-4.658031e-02
8.890000e-01	-5.690467e-01	5.588723e-01	-1.231242e+00	-1.184667e+00	-4.657401e-02
8.900000e-01	-5.690385e-01	5.588612e-01	-1.231245e+00	-1.184661e+00	-4.658412e-02
8.910000e-01	-5.690428e-01	5.588655e-01	-1.231251e+00	-1.184668e+00	-4.658294e-02
8.920000e-01	-5.690298e-01	5.588527e-01	-1.231262e+00	-1.184661e+00	-4.660119e-02
8.930000e-01	-5.690342e-01	5.588574e-01	-1.231268e+00	-1.184668e+00	-4.659997e-02
8.940000e-01	-5.690206e-01	5.588434e-01	-1.231264e+00	-1.184653e+00	-4.661162e-02
8.950000e-01	-5.690219e-01	5.588473e-01	-1.231267e+00	-1.184655e+00	-4.661152e-02
8.960000e-01	-5.690078e-01	5.588354e-01	-1.231268e+00	-1.184642e+00	-4.662625e-02
8.970000e-01	-5.690088e-01	5.588372e-01	-1.231259e+00	-1.184638e+00	-4.662072e-02
8.980000e-01	-5.689945e-01	5.588224e-01	-1.231254e+00	-1.184621e+00	-4.663234e-02
8.990000e-01	-5.690010e-01	5.588306e-01	-1.231265e+00	-1.184633e+00	-4.663147e-02
9.000000e-01	-5.689917e-01	5.588243e-01	-1.231281e+00	-1.184632e+00	-4.664871e-02
9.010000e-01	-5.689966e-01	5.588316e-01	-1.231284e+00	-1.184639e+00	-4.664562e-02
9.020000e-01	-5.689863e-01	5.588216e-01	-1.231296e+00	-1.184634e+00	-4.666159e-02
9.030000e-01	-5.689948e-01	5.588326e-01	-1.231318e+00	-1.184654e+00	-4.666425e-02
9.040000e-01	-5.689857e-01	5.588270e-01	-1.231331e+00	-1.184651e+00	-4.667978e-02
9.050000e-01	-5.689948e-01	5.588371e-01	-1.231338e+00	-1.184664e+00	-4.667431e-02
9.060000e-01	-5.689871e-01	5.588284e-01	-1.231346e+00	-1.184660e+00	-4.668575e-02
9.070000e-01	-5.690001e-01	5.588428e-01	-1.231366e+00	-1.184683e+00	-4.668298e-02
9.080000e-01	-5.689955e-01	5.588398e-01	-1.231383e+00	-1.184687e+00	-4.669600e-02
9.090000e-01	-5.690095e-01	5.588539e-01	-1.231406e+00	-1.184712e+00	-4.669343e-02
9.100000e-01	-5.690072e-01	5.588503e-01	-1.231433e+00	-1.184724e+00	-4.670948e-02
9.110000e-01	-5.690250e-01	5.588677e-01	-1.231467e+00	-1.184758e+00	-4.670833e-02
9.120000e-01	-5.690232e-01	5.588651e-01	-1.231482e+00	-1.184764e+00	-4.671779e-02
9.130000e-01	-5.690385e-01	5.588794e-01	-1.231494e+00	-1.184785e+00	-4.670835e-02
9.140000e-01	-5.690368e-01	5.588758e-01	-1.231505e+00	-1.184789e+00	-4.671582e-02
9.150000e-01	-5.690517e-01	5.588906e-01	-1.231512e+00	-1.184808e+00	-4.670430e-02
9.160000e-01	-5.690480e-01	5.588867e-01	-1.231512e+00	-1.184804e+00	-4.670792e-02
9.170000e-01	-5.690656e-01	5.589043e-01	-1.231528e+00	-1.184830e+00	-4.669840e-02
9.180000e-01	-5.690685e-01	5.589055e-01	-1.231551e+00	-1.184844e+00	-4.670706e-02
9.190000e-01	-5.690871e-01	5.589238e-01	-1.231573e+00	-1.184873e+00	-4.669926e-02
9.200000e-01	-5.690870e-01	5.589238e-01	-1.231590e+00	-1.184882e+00	-4.670809e-02
9.210000e-01	-5.691038e-01	5.589387e-01	-1.231606e+00	-1.184907e+00	-4.669898e-02
9.220000e-01	-5.691029e-01	5.589341e-01	-1.231615e+00	-1.184910e+00	-4.670462e-02
9.230000e-01	-5.691183e-01	5.589488e-01	-1.231623e+00	-1.184930e+00	-4.669328e-02
9.240000e-01	-5.691151e-01	5.589453e-01	-1.231624e+00	-1.184927e+00	-4.669688e-02
9.250000e-01	-5.691288e-01	5.589573e-01	-1.231624e+00	-1.184941e+00	-4.668312e-02
9.260000e-01	-5.691261e-01	5.589525e-01	-1.231629e+00	-1.184940e+00	-4.668822e-02
9.270000e-01	-5.691411e-01	5.589674e-01	-1.231639e+00	-1.184961e+00	-4.667844e-02
9.280000e-01	-5.691364e-01	5.589619e-01	-1.231641e+00	-1.184957e+00	-4.668397e-02
9.290000e-01	-5.691497e-01	5.589741e-01	-1.231643e+00	-1.184971e+00	-4.667194e-02
9.300000e-01	-5.691455e-01	5.589684e-01	-1.231650e+00	-1.184970e+00	-4.667936e-02
9.310000e-01	-5.691565e-01	5.589785e-01	-1.231650e+00	-1.184981e+00	-4.666852e-02
9.320000e-01	-5.691477e-01	5.589676e-01	-1.231641e+00	-1.184968e+00	-4.667263e-02
9.330000e-01	-5.691580e-01	5.589772e-01	-1.231642e+00	-1.184979e+00	-4.666290e-02
9.340000e-01	-5.691502e-01	5.589684e-01	-1.231641e+00	-1.184971e+00	-4.667025e-02
9.350000e-01	-5.691601e-01	5.589780e-01	-1.231636e+00	-1.184978e+00	-4.665788e-02
9.360000e-01	-5.691497e-01	5.589675e-01	-1.231625e+00	-1.184962e+00	-4.666262e-02
9.370000e-01	-5.691583e-01	5.589763e-01	-1.231625e+00	-1.184971e+00	-4.665418e-02
9.380000e-01	-5.691482e-01	5.589652e-01	-1.231621e+00	-1.184959e+00	-4.666247e-02
9.390000e-01	-5.691542e-01	5.589698e-01	-1.231610e+00	-1.184959e+00	-4.665066e-02
9.400000e-01	-5.691396e-01	5.589543e-01	-1.231594e+00	-1.184937e+00	-4.665733e-02
9.410000e-01	-5.691477e-01	5.589603e-01	-1.231593e+00	-1.184944e+00	-4.664858e-02
9.420000e-01	-5.691367e-01	5.589455e-01	-1.231585e+00	-1.184929e+00	-4.665563e-02
9.430000e-01	-5.691429e-01	5.589505e-01	-1.231575e+00	-1.184931e+00	-4.664469e-02
9.440000e-01	-5.691295e-01	5.589373e-01	-1.231566e+00	-1.184912e+00	-4.665339e-02
9.450000e-01	-5.691364e-01	5.589426e-01	-1.231559e+00	-1.184916e+00	-4.664324e-02
9.460000e-01	-5.691228e-01	5.589264e-01	-1.231544e+00	-1.184895e+00	-4.664939e-02
9.470000e-01	-5.691310e-01	5.589343e-01	-1.231538e+00	-1.184900e+00	-4.663782e-02
9.480000e-01	-5.691185e-01	5.589203e-01	-1.231523e+00	-1.184880e+00	-4.664289e-02
9.490000e-01	-5.691261e-01	5.589243e-01	-1.231513e+00	-1.184882e+00	-4.663028e-02
9.500000e-01	-5.691146e-01	5.589093e-01	-1.231505e+00	-1.184867e+00	-4.663778e-02
9.510000e-01	-5.691228e-01	5.589159e-01	-1.231500e+00	-1.184873e+00	-4.662720e-02
9.520000e-01	-5.691097e-01	5.589017e-01	-1.231483e+00	-1.184851e+00	-4.663191e-02
9.530000e-01	-5.691197e-01	5.589105e-01	-1.231478e+00	-1.184859e+00	-4.661955e-02
9.540000e-01	-5.691083e-01	5.588981e-01	-1.231466e+00	-1.184841e+00	-4.662478e-02
9.550000e-01	-5.691163e-01	5.589048e-01	-1.231458e+00	-1.184845e+00	-4.661270e-02
9.560000e-01	-5.691020e-01	5.588886e-01	-1.231438e+00	-1.184821e+00	-4.661714e-02
9.570000e-01	-5.691124e-01	5.588970e-01	-1.231448e+00	-1.184836e+00	-4.661147e-02
9.580000e-01	-5.691005e-01	5.588825e-01	-1.231440e+00	-1.184821e+00	-4.661961e-02
9.590000e-01	-5.691091e-01	5.588880e-01	-1.231432e+00	-1.184825e+00	-4.660698e-02
9.600000e-01	-5.690962e-01	5.588738e-01	-1.231423e+00	-1.184808e+00	-4.661544e-02
9.610000e-01	-5.691058e-01	5.588824e-01	-1.231433e+00	-1.184822e+00	-4.661070e-02
9.620000e-01	-5.690908e-01	5.588647e-01	-1.231413e+00	-1.184797e+00	-4.661550e-02
9.630000e-01	-5.690950e-01	5.588658e-01	-1.231395e+00	-1.184793e+00	-4.660247e-02
9.640000e-01	-5.690760e-01	5.588459e-01	-1.231378e+00	-1.184765e+00	-4.661296e-02
9.650000e-01	-5.690821e-01	5.588511e-01	-1.231373e+00	-1.184769e+00	-4.660438e-02
9.660000e-01	-5.690625e-01	5.588280e-01	-1.231338e+00	-1.184731e+00	-4.660645e-02
9.670000e-01	-5.690640e-01	5.588265e-01	-1.231323e+00	-1.184725e+00	-4.659742e-02
9.680000e-01	-5.690463e-01	5.588098e-01	-1.231311e+00	-1.184702e+00	-4.660916e-02
9.690000e-01	-5.690498e-01	5.588112e-01	-1.231300e+00	-1.184700e+00	-4.660043e-02
9.700000e-01	-5.690293e-01	5.587878e-01	-1.231272e+00	-1.184665e+00	-4.660668e-02
9.710000e-01	-5.690329e-01	5.587902e-01	-1.231268e+00	-1.184667e+00	-4.660134e-02
9.720000e-01	-5.690154e-01	5.587727e-01	-1.231259e+00	-1.184645e+00	-4.661411e-02
9.730000e-01	-5.690164e-01	5.587714e-01	-1.231243e+00	-1.184638e+00	-4.660497e-02
9.740000e-01	-5.689969e-01	5.587491e-01	-1.231228e+00	-1.184611e+00	-4.661730e-02
9.750000e-01	-5.690004e-01	5.587532e-01	-1.231229e+00	-1.184615e+00	-4.661411e-02
9.760000e-01	-5.689810e-01	5.587345e-01	-1.231213e+00	-1.184587e+00	-4.662528e-02
9.770000e-01	-5.689843e-01	5.587368e-01	-1.231204e+00	-1.184586e+00	-4.661762e-02
9.780000e-01	-5.689699e-01	5.587218e-01	-1.231203e+00	-1.184572e+00	-4.663177e-02
9.790000e-01	-5.689788e-01	5.587314e-01	-1.231214e+00	-1.184586e+00	-4.662794e-02
9.800000e-01	-5.689666e-01	5.587202e-01	-1.231214e+00	-1.184574e+00	-4.664055e-02
9.810000e-01	-5.689776e-01	5.587327e-01	-1.231232e+00	-1.184594e+00	-4.663841e-02
9.820000e-01	-5.689652e-01	5.587212e-01	-1.231242e+00	-1.184586e+00	-4.665600e-02
9.830000e-01	-5.689756e-01	5.587322e-01	-1.231258e+00	-1.184605e+00	-4.665361e-02
9.840000e-01	-5.689638e-01	5.587226e-01	-1.231267e+00	-1.184597e+00	-4.666979e-02
9.850000e-01	-5.689751e-01	5.587369e-01	-1.231290e+00	-1.184620e+00	-4.666988e-02
9.860000e-01	-5.689644e-01	5.587281e-01	-1.231301e+00	-1.184615e+00	-4.668600e-02
9.870000e-01	-5.689769e-01	5.587439e-01	-1.231320e+00	-1.184637e+00	-4.668306e-02
9.880000e-01	-5.689673e-01	5.587388e-01	-1.231334e+00	-1.184634e+00	-4.669959e-02
9.890000e-01	-5.689848e-01	5.587606e-01	-1.231366e+00	-1.184668e+00	-4.669828e-02
9.900000e-01	-5.689788e-01	5.587572e-01	-1.231384e+00	-1.184671e+00	-4.671330e-02
9.910000e-01	-5.689963e-01	5.587786e-01	-1.231425e+00	-1.184709e+00	-4.671617e-02
9.920000e-01	-5.689866e-01	5.587743e-01	-1.231443e+00	-1.184708e+00	-4.673514e-02
9.930000e-01	-5.690013e-01	5.587919e-01	-1.231475e+00	-1.184739e+00	-4.673637e-02
9.940000e-01	-5.689947e-01	5.587888e-01	-1.231497e+00	-1.184743e+00	-4.675402e-02
9.950000e-01	-5.690128e-01	5.588110e-01	-1.231528e+00	-1.184777e+00	-4.675136e-02
9.960000e-01	-5.690065e-01	5.588098e-01	-1.231542e+00	-1.184777e+00	-4.676436e-02
9.970000e-01	-5.690254e-01	5.588325e-01	-1.231571e+00	-1.184811e+00	-4.675993e-02
9.980000e-01	-5.690230e-01	5.588342e-01	-1.231595e+00	-1.184820e+00	-4.677453e-02
9.990000e-01	-5.690440e-01	5.588596e-01	-1.231633e+00	-1.184860e+00	-4.677234e-02
1.000000e+00	-5.690407e-01	5.588612e-01	-1.231656e+00	-1.184869e+00	-4.678748e-02
