# Force coefficients
# liftDir    : (0.000000e+00 1.000000e+00 0.000000e+00)
# dragDir    : (1.000000e+00 0.000000e+00 0.000000e+00)
# pitchAxis  : (0.000000e+00 0.000000e+00 1.000000e+00)
# magUInf    : 5.148000e+01
# lRef       : 4.530000e-01
# Aref       : 4.348800e-01
# CofR       : (0.000000e+00 0.000000e+00 0.000000e+00)
# Time       	Cm           	Cd           	Cl           	Cl(f)        	Cl(r)        	Cm	Cd	Cl	Cl(f)	Cl(r)
1.000000e-03	-1.775458e-03	1.969847e-03	-3.034817e-03	-3.292867e-03	2.580498e-04
2.000000e-03	-1.157557e-02	1.321961e-02	-2.104356e-02	-2.209735e-02	1.053785e-03
3.000000e-03	-1.993051e-02	2.274422e-02	-3.800065e-02	-3.893083e-02	9.301865e-04
4.000000e-03	-2.209789e-02	2.515115e-02	-4.405216e-02	-4.412397e-02	7.181030e-05
5.000000e-03	-2.251431e-02	2.532219e-02	-4.749883e-02	-4.626372e-02	-1.235102e-03
6.000000e-03	-2.337164e-02	2.569380e-02	-5.208827e-02	-4.941577e-02	-2.672497e-03
7.000000e-03	-2.501664e-02	2.677497e-02	-5.821760e-02	-5.412544e-02	-4.092161e-03
8.000000e-03	-2.873043e-02	3.010092e-02	-6.800499e-02	-6.273292e-02	-5.272069e-03
9.000000e-03	-3.391692e-02	3.507646e-02	-8.044024e-02	-7.413704e-02	-6.303206e-03
1.000000e-02	-3.950259e-02	4.057224e-02	-9.355619e-02	-8.628068e-02	-7.275507e-03
1.100000e-02	-4.451495e-02	4.547023e-02	-1.056283e-01	-9.732912e-02	-8.299224e-03
1.200000e-02	-4.929820e-02	5.017045e-02	-1.173142e-01	-1.079553e-01	-9.358887e-03
1.300000e-02	-5.365731e-02	5.443624e-02	-1.283214e-01	-1.178180e-01	-1.050339e-02
1.400000e-02	-5.797474e-02	5.868109e-02	-1.393572e-01	-1.276534e-01	-1.170388e-02
1.500000e-02	-6.318919e-02	6.393293e-02	-1.522384e-01	-1.393084e-01	-1.293001e-02
1.600000e-02	-6.974545e-02	7.064905e-02	-1.679127e-01	-1.537018e-01	-1.421091e-02
1.700000e-02	-7.767408e-02	7.875939e-02	-1.866699e-01	-1.710090e-01	-1.566087e-02
1.800000e-02	-8.661086e-02	8.782853e-02	-2.080167e-01	-1.906192e-01	-1.739747e-02
1.900000e-02	-9.575377e-02	9.697092e-02	-2.304262e-01	-2.109669e-01	-1.945935e-02
2.000000e-02	-1.047728e-01	1.058165e-01	-2.532152e-01	-2.313804e-01	-2.183475e-02
2.100000e-02	-1.133580e-01	1.140654e-01	-2.755338e-01	-2.511249e-01	-2.440890e-02
2.200000e-02	-1.214216e-01	1.216870e-01	-2.969903e-01	-2.699168e-01	-2.707353e-02
2.300000e-02	-1.293969e-01	1.291779e-01	-3.182603e-01	-2.885270e-01	-2.973327e-02
2.400000e-02	-1.379914e-01	1.372790e-01	-3.407938e-01	-3.083883e-01	-3.240547e-02
2.500000e-02	-1.477224e-01	1.465445e-01	-3.656650e-01	-3.305549e-01	-3.511006e-02
2.600000e-02	-1.587119e-01	1.571294e-01	-3.932325e-01	-3.553282e-01	-3.790430e-02
2.700000e-02	-1.706454e-01	1.687211e-01	-4.228775e-01	-3.820841e-01	-4.079341e-02
2.800000e-02	-1.833396e-01	1.810923e-01	-4.543613e-01	-4.105202e-01	-4.384109e-02
2.900000e-02	-1.965312e-01	1.939807e-01	-4.872251e-01	-4.401437e-01	-4.708139e-02
3.000000e-02	-2.098828e-01	2.070264e-01	-5.207149e-01	-4.702403e-01	-5.047463e-02
3.100000e-02	-2.233357e-01	2.201783e-01	-5.546813e-01	-5.006764e-01	-5.400489e-02
3.200000e-02	-2.369389e-01	2.334732e-01	-5.890889e-01	-5.314833e-01	-5.760560e-02
3.300000e-02	-2.508835e-01	2.471315e-01	-6.241384e-01	-5.629528e-01	-6.118568e-02
3.400000e-02	-2.653104e-01	2.613098e-01	-6.599518e-01	-5.952863e-01	-6.466548e-02
3.500000e-02	-2.807664e-01	2.765389e-01	-6.979317e-01	-6.297323e-01	-6.819943e-02
3.600000e-02	-2.968614e-01	2.924559e-01	-7.371688e-01	-6.654457e-01	-7.172302e-02
3.700000e-02	-3.135670e-01	3.090359e-01	-7.776309e-01	-7.023824e-01	-7.524849e-02
3.800000e-02	-3.305887e-01	3.260037e-01	-8.186184e-01	-7.398979e-01	-7.872046e-02
3.900000e-02	-3.482081e-01	3.436113e-01	-8.606823e-01	-7.785492e-01	-8.213307e-02
4.000000e-02	-3.660844e-01	3.615217e-01	-9.029620e-01	-8.175655e-01	-8.539659e-02
4.100000e-02	-3.842874e-01	3.797730e-01	-9.457047e-01	-8.571398e-01	-8.856491e-02
4.200000e-02	-4.031659e-01	3.986809e-01	-9.897539e-01	-8.980428e-01	-9.171107e-02
4.300000e-02	-4.225002e-01	4.180470e-01	-1.034539e+00	-9.397697e-01	-9.476926e-02
4.400000e-02	-4.421268e-01	4.377154e-01	-1.079626e+00	-9.819399e-01	-9.768626e-02
4.500000e-02	-4.620362e-01	4.577055e-01	-1.124847e+00	-1.024460e+00	-1.003873e-01
4.600000e-02	-4.820209e-01	4.778116e-01	-1.169552e+00	-1.066797e+00	-1.027552e-01
4.700000e-02	-5.016766e-01	4.976773e-01	-1.212707e+00	-1.108030e+00	-1.046769e-01
4.800000e-02	-5.208525e-01	5.171312e-01	-1.253996e+00	-1.147850e+00	-1.061455e-01
4.900000e-02	-5.396621e-01	5.363065e-01	-1.293749e+00	-1.186537e+00	-1.072125e-01
5.000000e-02	-5.583417e-01	5.553766e-01	-1.332664e+00	-1.224674e+00	-1.079903e-01
5.100000e-02	-5.766539e-01	5.741246e-01	-1.370320e+00	-1.261814e+00	-1.085062e-01
5.200000e-02	-5.946437e-01	5.925965e-01	-1.406942e+00	-1.298115e+00	-1.088273e-01
5.300000e-02	-6.120492e-01	6.105019e-01	-1.442040e+00	-1.333069e+00	-1.089707e-01
5.400000e-02	-6.284922e-01	6.275138e-01	-1.474573e+00	-1.365779e+00	-1.087944e-01
5.500000e-02	-6.434554e-01	6.431159e-01	-1.503469e+00	-1.395190e+00	-1.082793e-01
5.600000e-02	-6.570811e-01	6.574804e-01	-1.528777e+00	-1.421470e+00	-1.073076e-01
5.700000e-02	-6.694482e-01	6.706645e-01	-1.550721e+00	-1.444809e+00	-1.059122e-01
5.800000e-02	-6.807916e-01	6.828852e-01	-1.569975e+00	-1.465779e+00	-1.041958e-01
5.900000e-02	-6.915096e-01	6.945086e-01	-1.587509e+00	-1.485264e+00	-1.022451e-01
6.000000e-02	-7.019629e-01	7.058648e-01	-1.604209e+00	-1.504067e+00	-1.001413e-01
6.100000e-02	-7.123322e-01	7.170794e-01	-1.620659e+00	-1.522662e+00	-9.799720e-02
6.200000e-02	-7.225889e-01	7.280817e-01	-1.637092e+00	-1.541135e+00	-9.595712e-02
6.300000e-02	-7.327716e-01	7.388792e-01	-1.653691e+00	-1.559617e+00	-9.407396e-02
6.400000e-02	-7.429594e-01	7.495552e-01	-1.670692e+00	-1.578306e+00	-9.238681e-02
6.500000e-02	-7.533013e-01	7.602606e-01	-1.688409e+00	-1.597506e+00	-9.090329e-02
6.600000e-02	-7.634845e-01	7.706778e-01	-1.706473e+00	-1.616721e+00	-8.975182e-02
6.700000e-02	-7.733316e-01	7.806239e-01	-1.724620e+00	-1.635642e+00	-8.897838e-02
6.800000e-02	-7.827921e-01	7.900584e-01	-1.742897e+00	-1.654241e+00	-8.865649e-02
6.900000e-02	-7.920090e-01	7.991171e-01	-1.761593e+00	-1.672806e+00	-8.878754e-02
7.000000e-02	-8.008190e-01	8.076709e-01	-1.780307e+00	-1.690973e+00	-8.933463e-02
7.100000e-02	-8.094018e-01	8.159019e-01	-1.799190e+00	-1.708997e+00	-9.019330e-02
7.200000e-02	-8.178392e-01	8.239282e-01	-1.818225e+00	-1.726952e+00	-9.127327e-02
7.300000e-02	-8.262458e-01	8.318180e-01	-1.837660e+00	-1.745076e+00	-9.258438e-02
7.400000e-02	-8.349476e-01	8.399309e-01	-1.858072e+00	-1.763983e+00	-9.408818e-02
7.500000e-02	-8.439016e-01	8.481720e-01	-1.879517e+00	-1.783660e+00	-9.585685e-02
7.600000e-02	-8.531443e-01	8.565977e-01	-1.902110e+00	-1.804199e+00	-9.791073e-02
7.700000e-02	-8.627508e-01	8.652350e-01	-1.926006e+00	-1.825754e+00	-1.002525e-01
7.800000e-02	-8.724479e-01	8.738816e-01	-1.950590e+00	-1.847743e+00	-1.028471e-01
7.900000e-02	-8.822547e-01	8.825670e-01	-1.975652e+00	-1.870081e+00	-1.055714e-01
8.000000e-02	-8.926983e-01	8.919145e-01	-2.001881e+00	-1.893639e+00	-1.082421e-01
8.100000e-02	-9.040688e-01	9.021855e-01	-2.029804e+00	-1.918971e+00	-1.108332e-01
8.200000e-02	-9.160221e-01	9.131149e-01	-2.058754e+00	-1.945399e+00	-1.133549e-01
8.300000e-02	-9.277699e-01	9.238404e-01	-2.087442e+00	-1.971491e+00	-1.159509e-01
8.400000e-02	-9.387905e-01	9.338883e-01	-2.114937e+00	-1.996259e+00	-1.186778e-01
8.500000e-02	-9.495193e-01	9.436624e-01	-2.142061e+00	-2.020550e+00	-1.215111e-01
8.600000e-02	-9.601327e-01	9.533918e-01	-2.169250e+00	-2.044758e+00	-1.244922e-01
8.700000e-02	-9.693763e-01	9.617275e-01	-2.194597e+00	-2.066675e+00	-1.279223e-01
8.800000e-02	-9.767091e-01	9.680549e-01	-2.217516e+00	-2.085467e+00	-1.320490e-01
8.900000e-02	-9.824956e-01	9.727238e-01	-2.238394e+00	-2.101693e+00	-1.367014e-01
9.000000e-02	-9.863894e-01	9.754139e-01	-2.256394e+00	-2.114587e+00	-1.418077e-01
9.100000e-02	-9.883672e-01	9.760989e-01	-2.271201e+00	-2.123968e+00	-1.472335e-01
9.200000e-02	-9.888210e-01	9.752693e-01	-2.283152e+00	-2.130397e+00	-1.527549e-01
9.300000e-02	-9.882620e-01	9.734243e-01	-2.292799e+00	-2.134661e+00	-1.581374e-01
9.400000e-02	-9.880727e-01	9.720316e-01	-2.302274e+00	-2.139210e+00	-1.630644e-01
9.500000e-02	-9.892694e-01	9.721188e-01	-2.313253e+00	-2.145896e+00	-1.673572e-01
9.600000e-02	-9.923459e-01	9.741676e-01	-2.326640e+00	-2.155666e+00	-1.709740e-01
9.700000e-02	-9.973178e-01	9.780871e-01	-2.342790e+00	-2.168713e+00	-1.740774e-01
9.800000e-02	-1.003739e+00	9.833137e-01	-2.361320e+00	-2.184399e+00	-1.769209e-01
9.900000e-02	-1.011088e+00	9.893157e-01	-2.381316e+00	-2.201746e+00	-1.795700e-01
1.000000e-01	-1.018935e+00	9.957486e-01	-2.401934e+00	-2.219902e+00	-1.820323e-01
1.010000e-01	-1.027466e+00	1.002975e+00	-2.423231e+00	-2.239082e+00	-1.841492e-01
1.020000e-01	-1.036948e+00	1.011507e+00	-2.445180e+00	-2.259538e+00	-1.856423e-01
1.030000e-01	-1.047575e+00	1.021540e+00	-2.468214e+00	-2.281682e+00	-1.865325e-01
1.040000e-01	-1.059273e+00	1.032986e+00	-2.492436e+00	-2.305491e+00	-1.869450e-01
1.050000e-01	-1.071757e+00	1.045511e+00	-2.517579e+00	-2.330547e+00	-1.870323e-01
1.060000e-01	-1.084530e+00	1.058504e+00	-2.543163e+00	-2.356112e+00	-1.870510e-01
1.070000e-01	-1.096669e+00	1.070898e+00	-2.567898e+00	-2.380618e+00	-1.872805e-01
1.080000e-01	-1.107798e+00	1.082265e+00	-2.591284e+00	-2.403440e+00	-1.878435e-01
1.090000e-01	-1.117730e+00	1.092380e+00	-2.613036e+00	-2.424248e+00	-1.887873e-01
1.100000e-01	-1.126519e+00	1.101298e+00	-2.633204e+00	-2.443121e+00	-1.900829e-01
1.110000e-01	-1.134138e+00	1.108978e+00	-2.651683e+00	-2.459980e+00	-1.917033e-01
1.120000e-01	-1.140549e+00	1.115414e+00	-2.668256e+00	-2.474677e+00	-1.935791e-01
1.130000e-01	-1.145809e+00	1.120625e+00	-2.682981e+00	-2.487300e+00	-1.956815e-01
1.140000e-01	-1.149921e+00	1.124624e+00	-2.695717e+00	-2.497779e+00	-1.979382e-01
1.150000e-01	-1.153019e+00	1.127550e+00	-2.706580e+00	-2.506309e+00	-2.002709e-01
1.160000e-01	-1.155364e+00	1.129713e+00	-2.715828e+00	-2.513277e+00	-2.025503e-01
1.170000e-01	-1.157284e+00	1.131451e+00	-2.723954e+00	-2.519261e+00	-2.046934e-01
1.180000e-01	-1.159090e+00	1.133102e+00	-2.731455e+00	-2.524817e+00	-2.066378e-01
1.190000e-01	-1.160979e+00	1.134835e+00	-2.738694e+00	-2.530326e+00	-2.083685e-01
1.200000e-01	-1.163131e+00	1.136840e+00	-2.745948e+00	-2.536105e+00	-2.098432e-01
1.210000e-01	-1.165767e+00	1.139335e+00	-2.753595e+00	-2.542564e+00	-2.110304e-01
1.220000e-01	-1.168961e+00	1.142397e+00	-2.761781e+00	-2.549851e+00	-2.119292e-01
1.230000e-01	-1.172671e+00	1.145959e+00	-2.770465e+00	-2.557903e+00	-2.125614e-01
1.240000e-01	-1.176904e+00	1.150043e+00	-2.779634e+00	-2.566721e+00	-2.129129e-01
1.250000e-01	-1.181596e+00	1.154579e+00	-2.789198e+00	-2.576195e+00	-2.130028e-01
1.260000e-01	-1.186786e+00	1.159628e+00	-2.799196e+00	-2.586384e+00	-2.128125e-01
1.270000e-01	-1.192578e+00	1.165292e+00	-2.809957e+00	-2.597556e+00	-2.124007e-01
1.280000e-01	-1.199066e+00	1.171701e+00	-2.821707e+00	-2.609919e+00	-2.117877e-01
1.290000e-01	-1.206209e+00	1.178835e+00	-2.834397e+00	-2.623407e+00	-2.109896e-01
1.300000e-01	-1.213854e+00	1.186541e+00	-2.847771e+00	-2.637740e+00	-2.100310e-01
1.310000e-01	-1.221983e+00	1.194788e+00	-2.861867e+00	-2.652916e+00	-2.089508e-01
1.320000e-01	-1.230445e+00	1.203418e+00	-2.876520e+00	-2.668705e+00	-2.078143e-01
1.330000e-01	-1.239164e+00	1.212335e+00	-2.891694e+00	-2.685011e+00	-2.066823e-01
1.340000e-01	-1.247904e+00	1.221299e+00	-2.907041e+00	-2.701424e+00	-2.056164e-01
1.350000e-01	-1.256560e+00	1.230185e+00	-2.922405e+00	-2.717763e+00	-2.046424e-01
1.360000e-01	-1.265073e+00	1.238939e+00	-2.937666e+00	-2.733906e+00	-2.037598e-01
1.370000e-01	-1.273479e+00	1.247584e+00	-2.952995e+00	-2.749976e+00	-2.030188e-01
1.380000e-01	-1.281727e+00	1.256075e+00	-2.968270e+00	-2.765862e+00	-2.024078e-01
1.390000e-01	-1.289695e+00	1.264261e+00	-2.983368e+00	-2.781379e+00	-2.019891e-01
1.400000e-01	-1.297326e+00	1.272088e+00	-2.998105e+00	-2.796378e+00	-2.017269e-01
1.410000e-01	-1.304620e+00	1.279529e+00	-3.012550e+00	-2.810895e+00	-2.016547e-01
1.420000e-01	-1.311488e+00	1.286495e+00	-3.026543e+00	-2.824759e+00	-2.017839e-01
1.430000e-01	-1.317968e+00	1.292995e+00	-3.040212e+00	-2.838074e+00	-2.021376e-01
1.440000e-01	-1.324141e+00	1.299125e+00	-3.053593e+00	-2.850938e+00	-2.026551e-01
1.450000e-01	-1.330023e+00	1.304874e+00	-3.066733e+00	-2.863389e+00	-2.033432e-01
1.460000e-01	-1.335756e+00	1.310403e+00	-3.079771e+00	-2.875642e+00	-2.041292e-01
1.470000e-01	-1.341292e+00	1.315654e+00	-3.092602e+00	-2.887594e+00	-2.050088e-01
1.480000e-01	-1.346708e+00	1.320730e+00	-3.105245e+00	-2.899330e+00	-2.059144e-01
1.490000e-01	-1.351945e+00	1.325568e+00	-3.117556e+00	-2.910723e+00	-2.068326e-01
1.500000e-01	-1.357180e+00	1.330372e+00	-3.129706e+00	-2.922033e+00	-2.076735e-01
1.510000e-01	-1.362608e+00	1.335327e+00	-3.142072e+00	-2.933644e+00	-2.084285e-01
1.520000e-01	-1.368459e+00	1.340695e+00	-3.154980e+00	-2.945949e+00	-2.090304e-01
1.530000e-01	-1.374656e+00	1.346398e+00	-3.168320e+00	-2.958816e+00	-2.095033e-01
1.540000e-01	-1.381014e+00	1.352265e+00	-3.181769e+00	-2.971898e+00	-2.098707e-01
1.550000e-01	-1.387238e+00	1.357971e+00	-3.194915e+00	-2.984696e+00	-2.102191e-01
1.560000e-01	-1.393511e+00	1.363723e+00	-3.208001e+00	-2.997512e+00	-2.104897e-01
1.570000e-01	-1.400003e+00	1.369692e+00	-3.221352e+00	-3.010679e+00	-2.106732e-01
1.580000e-01	-1.407116e+00	1.376322e+00	-3.235592e+00	-3.024912e+00	-2.106802e-01
1.590000e-01	-1.414587e+00	1.383305e+00	-3.250427e+00	-3.039801e+00	-2.106261e-01
1.600000e-01	-1.422416e+00	1.390664e+00	-3.265842e+00	-3.055337e+00	-2.105050e-01
1.610000e-01	-1.430432e+00	1.398207e+00	-3.281667e+00	-3.071265e+00	-2.104016e-01
1.620000e-01	-1.438586e+00	1.405915e+00	-3.297770e+00	-3.087471e+00	-2.102990e-01
1.630000e-01	-1.446753e+00	1.413647e+00	-3.313986e+00	-3.103746e+00	-2.102397e-01
1.640000e-01	-1.454876e+00	1.421377e+00	-3.330154e+00	-3.119953e+00	-2.102003e-01
1.650000e-01	-1.462845e+00	1.428964e+00	-3.346183e+00	-3.135936e+00	-2.102466e-01
1.660000e-01	-1.470688e+00	1.436443e+00	-3.362091e+00	-3.151734e+00	-2.103571e-01
1.670000e-01	-1.478177e+00	1.443553e+00	-3.377551e+00	-3.166953e+00	-2.105982e-01
1.680000e-01	-1.485295e+00	1.450296e+00	-3.392472e+00	-3.181531e+00	-2.109406e-01
1.690000e-01	-1.491895e+00	1.456509e+00	-3.406634e+00	-3.195212e+00	-2.114221e-01
1.700000e-01	-1.498047e+00	1.462291e+00	-3.420042e+00	-3.208068e+00	-2.119743e-01
1.710000e-01	-1.503687e+00	1.467554e+00	-3.432631e+00	-3.220002e+00	-2.126292e-01
1.720000e-01	-1.508949e+00	1.472446e+00	-3.444549e+00	-3.231223e+00	-2.133255e-01
1.730000e-01	-1.513856e+00	1.476961e+00	-3.455907e+00	-3.241809e+00	-2.140975e-01
1.740000e-01	-1.518524e+00	1.481237e+00	-3.466817e+00	-3.251933e+00	-2.148844e-01
1.750000e-01	-1.522897e+00	1.485184e+00	-3.477272e+00	-3.261533e+00	-2.157392e-01
1.760000e-01	-1.527073e+00	1.488925e+00	-3.487368e+00	-3.270757e+00	-2.166108e-01
1.770000e-01	-1.530979e+00	1.492355e+00	-3.497080e+00	-3.279519e+00	-2.175603e-01
1.780000e-01	-1.534773e+00	1.495665e+00	-3.506572e+00	-3.288060e+00	-2.185126e-01
1.790000e-01	-1.538369e+00	1.498746e+00	-3.515777e+00	-3.296257e+00	-2.195197e-01
1.800000e-01	-1.541939e+00	1.501802e+00	-3.524859e+00	-3.304368e+00	-2.204908e-01
1.810000e-01	-1.545374e+00	1.504708e+00	-3.533706e+00	-3.312227e+00	-2.214790e-01
1.820000e-01	-1.548817e+00	1.507631e+00	-3.542461e+00	-3.320047e+00	-2.224132e-01
1.830000e-01	-1.552139e+00	1.510424e+00	-3.550971e+00	-3.327624e+00	-2.233460e-01
1.840000e-01	-1.555492e+00	1.513264e+00	-3.559404e+00	-3.335193e+00	-2.242104e-01
1.850000e-01	-1.558754e+00	1.516015e+00	-3.567645e+00	-3.342576e+00	-2.250688e-01
1.860000e-01	-1.562076e+00	1.518858e+00	-3.575852e+00	-3.350002e+00	-2.258502e-01
1.870000e-01	-1.565338e+00	1.521651e+00	-3.583904e+00	-3.357290e+00	-2.266143e-01
1.880000e-01	-1.568656e+00	1.524533e+00	-3.591915e+00	-3.364613e+00	-2.273018e-01
1.890000e-01	-1.571917e+00	1.527372e+00	-3.599755e+00	-3.371795e+00	-2.279607e-01
1.900000e-01	-1.575178e+00	1.530249e+00	-3.607436e+00	-3.378896e+00	-2.285399e-01
1.910000e-01	-1.578290e+00	1.532997e+00	-3.614774e+00	-3.385678e+00	-2.290966e-01
1.920000e-01	-1.581345e+00	1.535731e+00	-3.621851e+00	-3.392271e+00	-2.295806e-01
1.930000e-01	-1.584209e+00	1.538295e+00	-3.628526e+00	-3.398472e+00	-2.300534e-01
1.940000e-01	-1.586983e+00	1.540808e+00	-3.634886e+00	-3.404426e+00	-2.304598e-01
1.950000e-01	-1.589566e+00	1.543147e+00	-3.640857e+00	-3.409995e+00	-2.308626e-01
1.960000e-01	-1.592062e+00	1.545445e+00	-3.646529e+00	-3.415327e+00	-2.312026e-01
1.970000e-01	-1.594381e+00	1.547591e+00	-3.651820e+00	-3.420291e+00	-2.315287e-01
1.980000e-01	-1.596639e+00	1.549726e+00	-3.656833e+00	-3.425056e+00	-2.317777e-01
1.990000e-01	-1.598738e+00	1.551721e+00	-3.661508e+00	-3.429492e+00	-2.320162e-01
2.000000e-01	-1.600756e+00	1.553670e+00	-3.665904e+00	-3.433708e+00	-2.321963e-01
2.010000e-01	-1.602579e+00	1.555429e+00	-3.669925e+00	-3.437541e+00	-2.323832e-01
2.020000e-01	-1.604318e+00	1.557134e+00	-3.673660e+00	-3.441148e+00	-2.325126e-01
2.030000e-01	-1.605865e+00	1.558655e+00	-3.677016e+00	-3.444373e+00	-2.326428e-01
2.040000e-01	-1.607364e+00	1.560160e+00	-3.680123e+00	-3.447426e+00	-2.326972e-01
2.050000e-01	-1.608737e+00	1.561547e+00	-3.682924e+00	-3.450198e+00	-2.327252e-01
2.060000e-01	-1.610122e+00	1.562976e+00	-3.685583e+00	-3.452914e+00	-2.326691e-01
2.070000e-01	-1.611431e+00	1.564331e+00	-3.688051e+00	-3.455457e+00	-2.325945e-01
2.080000e-01	-1.612794e+00	1.565760e+00	-3.690469e+00	-3.458029e+00	-2.324406e-01
2.090000e-01	-1.614108e+00	1.567134e+00	-3.692738e+00	-3.460478e+00	-2.322607e-01
2.100000e-01	-1.615514e+00	1.568614e+00	-3.695022e+00	-3.463025e+00	-2.319965e-01
2.110000e-01	-1.616898e+00	1.570066e+00	-3.697193e+00	-3.465494e+00	-2.316988e-01
2.120000e-01	-1.618398e+00	1.571654e+00	-3.699399e+00	-3.468097e+00	-2.313014e-01
2.130000e-01	-1.619922e+00	1.573266e+00	-3.701546e+00	-3.470695e+00	-2.308506e-01
2.140000e-01	-1.621624e+00	1.575074e+00	-3.703834e+00	-3.473541e+00	-2.302934e-01
2.150000e-01	-1.623374e+00	1.576931e+00	-3.706106e+00	-3.476427e+00	-2.296788e-01
2.160000e-01	-1.625297e+00	1.578985e+00	-3.708486e+00	-3.479539e+00	-2.289462e-01
2.170000e-01	-1.627271e+00	1.581091e+00	-3.710860e+00	-3.482701e+00	-2.281584e-01
2.180000e-01	-1.629412e+00	1.583388e+00	-3.713350e+00	-3.486087e+00	-2.272629e-01
2.190000e-01	-1.631600e+00	1.585732e+00	-3.715836e+00	-3.489518e+00	-2.263178e-01
2.200000e-01	-1.633933e+00	1.588249e+00	-3.718408e+00	-3.493137e+00	-2.252703e-01
2.210000e-01	-1.636296e+00	1.590796e+00	-3.720977e+00	-3.496785e+00	-2.241924e-01
2.220000e-01	-1.638810e+00	1.593526e+00	-3.723654e+00	-3.500637e+00	-2.230164e-01
2.230000e-01	-1.641334e+00	1.596266e+00	-3.726275e+00	-3.504471e+00	-2.218040e-01
2.240000e-01	-1.643949e+00	1.599132e+00	-3.728889e+00	-3.508393e+00	-2.204957e-01
2.250000e-01	-1.646550e+00	1.601994e+00	-3.731429e+00	-3.512264e+00	-2.191647e-01
2.260000e-01	-1.649191e+00	1.604926e+00	-3.733915e+00	-3.516149e+00	-2.177659e-01
2.270000e-01	-1.651794e+00	1.607826e+00	-3.736303e+00	-3.519946e+00	-2.163573e-01
2.280000e-01	-1.654399e+00	1.610767e+00	-3.738579e+00	-3.523689e+00	-2.148904e-01
2.290000e-01	-1.656920e+00	1.613630e+00	-3.740678e+00	-3.527259e+00	-2.134189e-01
2.300000e-01	-1.659413e+00	1.616503e+00	-3.742581e+00	-3.530704e+00	-2.118773e-01
2.310000e-01	-1.661790e+00	1.619266e+00	-3.744230e+00	-3.533905e+00	-2.103254e-01
2.320000e-01	-1.664117e+00	1.622021e+00	-3.745636e+00	-3.536935e+00	-2.087011e-01
2.330000e-01	-1.666309e+00	1.624656e+00	-3.746751e+00	-3.539685e+00	-2.070666e-01
2.340000e-01	-1.668428e+00	1.627260e+00	-3.747602e+00	-3.542229e+00	-2.053726e-01
2.350000e-01	-1.670365e+00	1.629692e+00	-3.748121e+00	-3.544426e+00	-2.036956e-01
2.360000e-01	-1.672232e+00	1.632098e+00	-3.748409e+00	-3.546436e+00	-2.019729e-01
2.370000e-01	-1.673920e+00	1.634336e+00	-3.748391e+00	-3.548116e+00	-2.002752e-01
2.380000e-01	-1.675528e+00	1.636531e+00	-3.748115e+00	-3.549586e+00	-1.985291e-01
2.390000e-01	-1.676957e+00	1.638553e+00	-3.747527e+00	-3.550721e+00	-1.968063e-01
2.400000e-01	-1.678313e+00	1.640544e+00	-3.746700e+00	-3.551663e+00	-1.950364e-01
2.410000e-01	-1.679481e+00	1.642353e+00	-3.745550e+00	-3.552256e+00	-1.932938e-01
2.420000e-01	-1.680554e+00	1.644102e+00	-3.744128e+00	-3.552618e+00	-1.915097e-01
2.430000e-01	-1.681433e+00	1.645657e+00	-3.742388e+00	-3.552627e+00	-1.897615e-01
2.440000e-01	-1.682200e+00	1.647134e+00	-3.740343e+00	-3.552371e+00	-1.879712e-01
2.450000e-01	-1.682812e+00	1.648449e+00	-3.738039e+00	-3.551831e+00	-1.862080e-01
2.460000e-01	-1.683350e+00	1.649713e+00	-3.735505e+00	-3.551103e+00	-1.844023e-01
2.470000e-01	-1.683776e+00	1.650853e+00	-3.732808e+00	-3.550180e+00	-1.826285e-01
2.480000e-01	-1.684169e+00	1.651981e+00	-3.729950e+00	-3.549144e+00	-1.808061e-01
2.490000e-01	-1.684508e+00	1.653037e+00	-3.727051e+00	-3.548034e+00	-1.790177e-01
2.500000e-01	-1.684901e+00	1.654159e+00	-3.724146e+00	-3.546974e+00	-1.771719e-01
2.510000e-01	-1.685269e+00	1.655232e+00	-3.721251e+00	-3.545894e+00	-1.753569e-01
2.520000e-01	-1.685672e+00	1.656354e+00	-3.718335e+00	-3.544840e+00	-1.734953e-01
2.530000e-01	-1.686027e+00	1.657405e+00	-3.715414e+00	-3.543734e+00	-1.716803e-01
2.540000e-01	-1.686408e+00	1.658483e+00	-3.712483e+00	-3.542649e+00	-1.698341e-01
2.550000e-01	-1.686792e+00	1.659534e+00	-3.709642e+00	-3.541613e+00	-1.680283e-01
2.560000e-01	-1.687241e+00	1.660645e+00	-3.706859e+00	-3.540671e+00	-1.661883e-01
2.570000e-01	-1.687783e+00	1.661820e+00	-3.704314e+00	-3.539940e+00	-1.643741e-01
2.580000e-01	-1.688483e+00	1.663150e+00	-3.701994e+00	-3.539480e+00	-1.625141e-01
2.590000e-01	-1.689228e+00	1.664502e+00	-3.699847e+00	-3.539151e+00	-1.606960e-01
2.600000e-01	-1.690077e+00	1.665954e+00	-3.697877e+00	-3.539016e+00	-1.588616e-01
2.610000e-01	-1.690898e+00	1.667348e+00	-3.695988e+00	-3.538892e+00	-1.570964e-01
2.620000e-01	-1.691786e+00	1.668801e+00	-3.694216e+00	-3.538894e+00	-1.553224e-01
2.630000e-01	-1.692680e+00	1.670236e+00	-3.692591e+00	-3.538975e+00	-1.536157e-01
2.640000e-01	-1.693634e+00	1.671732e+00	-3.691091e+00	-3.539180e+00	-1.519111e-01
2.650000e-01	-1.694584e+00	1.673206e+00	-3.689721e+00	-3.539444e+00	-1.502767e-01
2.660000e-01	-1.695585e+00	1.674732e+00	-3.688440e+00	-3.539805e+00	-1.486350e-01
2.670000e-01	-1.696550e+00	1.676201e+00	-3.687216e+00	-3.540159e+00	-1.470579e-01
2.680000e-01	-1.697495e+00	1.677645e+00	-3.685983e+00	-3.540487e+00	-1.454961e-01
2.690000e-01	-1.698354e+00	1.678985e+00	-3.684761e+00	-3.540735e+00	-1.440259e-01
2.700000e-01	-1.699149e+00	1.680261e+00	-3.683470e+00	-3.540883e+00	-1.425862e-01
2.710000e-01	-1.699821e+00	1.681405e+00	-3.682130e+00	-3.540886e+00	-1.412441e-01
2.720000e-01	-1.700369e+00	1.682433e+00	-3.680608e+00	-3.540674e+00	-1.399348e-01
2.730000e-01	-1.700765e+00	1.683299e+00	-3.678970e+00	-3.540250e+00	-1.387201e-01
2.740000e-01	-1.701039e+00	1.684045e+00	-3.677158e+00	-3.539618e+00	-1.375400e-01
2.750000e-01	-1.701135e+00	1.684611e+00	-3.675195e+00	-3.538733e+00	-1.364625e-01
2.760000e-01	-1.701071e+00	1.685015e+00	-3.672996e+00	-3.537569e+00	-1.354268e-01
2.770000e-01	-1.700744e+00	1.685146e+00	-3.670497e+00	-3.535993e+00	-1.345040e-01
2.780000e-01	-1.700204e+00	1.685054e+00	-3.667697e+00	-3.534053e+00	-1.336440e-01
2.790000e-01	-1.699452e+00	1.684732e+00	-3.664665e+00	-3.531784e+00	-1.328807e-01
2.800000e-01	-1.698548e+00	1.684243e+00	-3.661417e+00	-3.529256e+00	-1.321606e-01
2.810000e-01	-1.697473e+00	1.683574e+00	-3.657985e+00	-3.526465e+00	-1.315198e-01
2.820000e-01	-1.696305e+00	1.682808e+00	-3.654427e+00	-3.523519e+00	-1.309080e-01
2.830000e-01	-1.695004e+00	1.681898e+00	-3.650750e+00	-3.520379e+00	-1.303707e-01
2.840000e-01	-1.693667e+00	1.680937e+00	-3.647052e+00	-3.517193e+00	-1.298588e-01
2.850000e-01	-1.692231e+00	1.679856e+00	-3.643300e+00	-3.513881e+00	-1.294187e-01
2.860000e-01	-1.690776e+00	1.678730e+00	-3.639561e+00	-3.510556e+00	-1.290043e-01
2.870000e-01	-1.689263e+00	1.677520e+00	-3.635861e+00	-3.507193e+00	-1.286672e-01
2.880000e-01	-1.687798e+00	1.676338e+00	-3.632264e+00	-3.503929e+00	-1.283345e-01
2.890000e-01	-1.686292e+00	1.675098e+00	-3.628700e+00	-3.500642e+00	-1.280577e-01
2.900000e-01	-1.684859e+00	1.673906e+00	-3.625309e+00	-3.497513e+00	-1.277956e-01
2.910000e-01	-1.683408e+00	1.672673e+00	-3.622025e+00	-3.494421e+00	-1.276047e-01
2.920000e-01	-1.682031e+00	1.671481e+00	-3.618922e+00	-3.491492e+00	-1.274298e-01
2.930000e-01	-1.680630e+00	1.670231e+00	-3.615926e+00	-3.488593e+00	-1.273326e-01
2.940000e-01	-1.679278e+00	1.669001e+00	-3.613037e+00	-3.485796e+00	-1.272408e-01
2.950000e-01	-1.677907e+00	1.667725e+00	-3.610260e+00	-3.483037e+00	-1.272228e-01
2.960000e-01	-1.676653e+00	1.666544e+00	-3.607715e+00	-3.480510e+00	-1.272046e-01
2.970000e-01	-1.675419e+00	1.665369e+00	-3.605333e+00	-3.478086e+00	-1.272472e-01
2.980000e-01	-1.674290e+00	1.664282e+00	-3.603159e+00	-3.475869e+00	-1.272898e-01
2.990000e-01	-1.673159e+00	1.663174e+00	-3.601105e+00	-3.473712e+00	-1.273932e-01
3.000000e-01	-1.672117e+00	1.662143e+00	-3.599222e+00	-3.471727e+00	-1.274943e-01
3.010000e-01	-1.671062e+00	1.661086e+00	-3.597415e+00	-3.469770e+00	-1.276456e-01
3.020000e-01	-1.670093e+00	1.660108e+00	-3.595750e+00	-3.467968e+00	-1.277814e-01
3.030000e-01	-1.669088e+00	1.659076e+00	-3.594120e+00	-3.466147e+00	-1.279723e-01
3.040000e-01	-1.668115e+00	1.658073e+00	-3.592558e+00	-3.464394e+00	-1.281639e-01
3.050000e-01	-1.667026e+00	1.656934e+00	-3.590915e+00	-3.462483e+00	-1.284314e-01
3.060000e-01	-1.665910e+00	1.655767e+00	-3.589240e+00	-3.460529e+00	-1.287104e-01
3.070000e-01	-1.664654e+00	1.654452e+00	-3.587444e+00	-3.458376e+00	-1.290683e-01
3.080000e-01	-1.663373e+00	1.653121e+00	-3.585603e+00	-3.456174e+00	-1.294286e-01
3.090000e-01	-1.661933e+00	1.651614e+00	-3.583603e+00	-3.453735e+00	-1.298684e-01
3.100000e-01	-1.660422e+00	1.650040e+00	-3.581483e+00	-3.451163e+00	-1.303199e-01
3.110000e-01	-1.658781e+00	1.648335e+00	-3.579214e+00	-3.448388e+00	-1.308261e-01
3.120000e-01	-1.657149e+00	1.646672e+00	-3.576881e+00	-3.445589e+00	-1.312918e-01
3.130000e-01	-1.655345e+00	1.644848e+00	-3.574307e+00	-3.442498e+00	-1.318083e-01
3.140000e-01	-1.653398e+00	1.642897e+00	-3.571489e+00	-3.439142e+00	-1.323468e-01
3.150000e-01	-1.651231e+00	1.640734e+00	-3.568349e+00	-3.435405e+00	-1.329438e-01
3.160000e-01	-1.648957e+00	1.638493e+00	-3.564996e+00	-3.431455e+00	-1.335407e-01
3.170000e-01	-1.646510e+00	1.636093e+00	-3.561357e+00	-3.427188e+00	-1.341692e-01
3.180000e-01	-1.644051e+00	1.633713e+00	-3.557646e+00	-3.422874e+00	-1.347715e-01
3.190000e-01	-1.641385e+00	1.631131e+00	-3.553622e+00	-3.418196e+00	-1.354262e-01
3.200000e-01	-1.638581e+00	1.628424e+00	-3.549356e+00	-3.413259e+00	-1.360974e-01
3.210000e-01	-1.635540e+00	1.625484e+00	-3.544730e+00	-3.407905e+00	-1.368253e-01
3.220000e-01	-1.632318e+00	1.622361e+00	-3.539816e+00	-3.402226e+00	-1.375897e-01
3.230000e-01	-1.628893e+00	1.619025e+00	-3.534599e+00	-3.396193e+00	-1.384066e-01
3.240000e-01	-1.625358e+00	1.615576e+00	-3.529195e+00	-3.389956e+00	-1.392392e-01
3.250000e-01	-1.621662e+00	1.611959e+00	-3.523554e+00	-3.383439e+00	-1.401151e-01
3.260000e-01	-1.617919e+00	1.608302e+00	-3.517809e+00	-3.376823e+00	-1.409860e-01
3.270000e-01	-1.614127e+00	1.604590e+00	-3.512003e+00	-3.370129e+00	-1.418744e-01
3.280000e-01	-1.610406e+00	1.600955e+00	-3.506273e+00	-3.363542e+00	-1.427302e-01
3.290000e-01	-1.606747e+00	1.597377e+00	-3.500661e+00	-3.357078e+00	-1.435831e-01
3.300000e-01	-1.603208e+00	1.593906e+00	-3.495231e+00	-3.350823e+00	-1.444072e-01
3.310000e-01	-1.599708e+00	1.590440e+00	-3.489951e+00	-3.344684e+00	-1.452677e-01
3.320000e-01	-1.596259e+00	1.586989e+00	-3.484795e+00	-3.338656e+00	-1.461386e-01
3.330000e-01	-1.592817e+00	1.583489e+00	-3.479754e+00	-3.332694e+00	-1.470595e-01
3.340000e-01	-1.589549e+00	1.580115e+00	-3.475025e+00	-3.327062e+00	-1.479632e-01
3.350000e-01	-1.586486e+00	1.576907e+00	-3.470689e+00	-3.321830e+00	-1.488582e-01
3.360000e-01	-1.583637e+00	1.573885e+00	-3.466748e+00	-3.317011e+00	-1.497373e-01
3.370000e-01	-1.581041e+00	1.571092e+00	-3.463297e+00	-3.312689e+00	-1.506075e-01
3.380000e-01	-1.578744e+00	1.568583e+00	-3.460349e+00	-3.308919e+00	-1.514303e-01
3.390000e-01	-1.576753e+00	1.566349e+00	-3.457984e+00	-3.305745e+00	-1.522384e-01
3.400000e-01	-1.575080e+00	1.564413e+00	-3.456158e+00	-3.303159e+00	-1.529990e-01
3.410000e-01	-1.573700e+00	1.562745e+00	-3.454904e+00	-3.301152e+00	-1.537514e-01
3.420000e-01	-1.572545e+00	1.561275e+00	-3.454081e+00	-3.299586e+00	-1.544951e-01
3.430000e-01	-1.571576e+00	1.559957e+00	-3.453702e+00	-3.298427e+00	-1.552753e-01
3.440000e-01	-1.570811e+00	1.558828e+00	-3.453701e+00	-3.297661e+00	-1.560397e-01
3.450000e-01	-1.570265e+00	1.557904e+00	-3.454142e+00	-3.297337e+00	-1.568058e-01
3.460000e-01	-1.569923e+00	1.557185e+00	-3.454925e+00	-3.297385e+00	-1.575398e-01
3.470000e-01	-1.569727e+00	1.556605e+00	-3.456028e+00	-3.297742e+00	-1.582867e-01
3.480000e-01	-1.569594e+00	1.556083e+00	-3.457274e+00	-3.298231e+00	-1.590427e-01
3.490000e-01	-1.569467e+00	1.555558e+00	-3.458636e+00	-3.298786e+00	-1.598508e-01
3.500000e-01	-1.569344e+00	1.555042e+00	-3.460021e+00	-3.299354e+00	-1.606664e-01
3.510000e-01	-1.569172e+00	1.554476e+00	-3.461410e+00	-3.299877e+00	-1.615335e-01
3.520000e-01	-1.568978e+00	1.553918e+00	-3.462739e+00	-3.300348e+00	-1.623911e-01
3.530000e-01	-1.568718e+00	1.553315e+00	-3.463973e+00	-3.300704e+00	-1.632687e-01
3.540000e-01	-1.568427e+00	1.552719e+00	-3.465076e+00	-3.300965e+00	-1.641107e-01
3.550000e-01	-1.568040e+00	1.552036e+00	-3.466031e+00	-3.301056e+00	-1.649751e-01
3.560000e-01	-1.567525e+00	1.551224e+00	-3.466770e+00	-3.300910e+00	-1.658599e-01
3.570000e-01	-1.566812e+00	1.550191e+00	-3.467225e+00	-3.300425e+00	-1.668002e-01
3.580000e-01	-1.565939e+00	1.548987e+00	-3.467414e+00	-3.299646e+00	-1.677686e-01
3.590000e-01	-1.564887e+00	1.547592e+00	-3.467330e+00	-3.298552e+00	-1.687777e-01
3.600000e-01	-1.563788e+00	1.546149e+00	-3.467125e+00	-3.297351e+00	-1.697741e-01
3.610000e-01	-1.562653e+00	1.544667e+00	-3.466817e+00	-3.296062e+00	-1.707555e-01
3.620000e-01	-1.561581e+00	1.543253e+00	-3.466537e+00	-3.294850e+00	-1.716869e-01
3.630000e-01	-1.560589e+00	1.541909e+00	-3.466348e+00	-3.293764e+00	-1.725848e-01
3.640000e-01	-1.559729e+00	1.540694e+00	-3.466296e+00	-3.292877e+00	-1.734191e-01
3.650000e-01	-1.558991e+00	1.539589e+00	-3.466400e+00	-3.292191e+00	-1.742090e-01
3.660000e-01	-1.558439e+00	1.538665e+00	-3.466750e+00	-3.291814e+00	-1.749358e-01
3.670000e-01	-1.558066e+00	1.537910e+00	-3.467371e+00	-3.291752e+00	-1.756191e-01
3.680000e-01	-1.557918e+00	1.537385e+00	-3.468297e+00	-3.292067e+00	-1.762299e-01
3.690000e-01	-1.557967e+00	1.537048e+00	-3.469538e+00	-3.292736e+00	-1.768018e-01
3.700000e-01	-1.558269e+00	1.536978e+00	-3.471137e+00	-3.293837e+00	-1.772990e-01
3.710000e-01	-1.558756e+00	1.537094e+00	-3.473043e+00	-3.295277e+00	-1.777654e-01
3.720000e-01	-1.559471e+00	1.537458e+00	-3.475273e+00	-3.297108e+00	-1.781652e-01
3.730000e-01	-1.560330e+00	1.537972e+00	-3.477752e+00	-3.299206e+00	-1.785454e-01
3.740000e-01	-1.561385e+00	1.538707e+00	-3.480509e+00	-3.301640e+00	-1.788693e-01
3.750000e-01	-1.562524e+00	1.539536e+00	-3.483419e+00	-3.304234e+00	-1.791853e-01
3.760000e-01	-1.563790e+00	1.540517e+00	-3.486507e+00	-3.307044e+00	-1.794632e-01
3.770000e-01	-1.565069e+00	1.541519e+00	-3.489635e+00	-3.309886e+00	-1.797483e-01
3.780000e-01	-1.566390e+00	1.542592e+00	-3.492801e+00	-3.312791e+00	-1.800101e-01
3.790000e-01	-1.567644e+00	1.543609e+00	-3.495874e+00	-3.315581e+00	-1.802927e-01
3.800000e-01	-1.568873e+00	1.544628e+00	-3.498863e+00	-3.318304e+00	-1.805583e-01
3.810000e-01	-1.569995e+00	1.545549e+00	-3.501682e+00	-3.320836e+00	-1.808464e-01
3.820000e-01	-1.571043e+00	1.546421e+00	-3.504344e+00	-3.323215e+00	-1.811289e-01
3.830000e-01	-1.571963e+00	1.547169e+00	-3.506796e+00	-3.325361e+00	-1.814349e-01
3.840000e-01	-1.572779e+00	1.547832e+00	-3.509023e+00	-3.327291e+00	-1.817326e-01
3.850000e-01	-1.573447e+00	1.548348e+00	-3.510998e+00	-3.328946e+00	-1.820521e-01
3.860000e-01	-1.574003e+00	1.548769e+00	-3.512740e+00	-3.330373e+00	-1.823667e-01
3.870000e-01	-1.574431e+00	1.549058e+00	-3.514260e+00	-3.331560e+00	-1.826994e-01
3.880000e-01	-1.574751e+00	1.549253e+00	-3.515535e+00	-3.332518e+00	-1.830170e-01
3.890000e-01	-1.574988e+00	1.549360e+00	-3.516649e+00	-3.333313e+00	-1.833362e-01
3.900000e-01	-1.575186e+00	1.549437e+00	-3.517628e+00	-3.334000e+00	-1.836283e-01
3.910000e-01	-1.575344e+00	1.549468e+00	-3.518518e+00	-3.334603e+00	-1.839153e-01
3.920000e-01	-1.575492e+00	1.549500e+00	-3.519316e+00	-3.335150e+00	-1.841665e-01
3.930000e-01	-1.575650e+00	1.549531e+00	-3.520111e+00	-3.335705e+00	-1.844061e-01
3.940000e-01	-1.575844e+00	1.549611e+00	-3.520895e+00	-3.336292e+00	-1.846031e-01
3.950000e-01	-1.576089e+00	1.549733e+00	-3.521742e+00	-3.336960e+00	-1.847823e-01
3.960000e-01	-1.576406e+00	1.549940e+00	-3.522635e+00	-3.337724e+00	-1.849118e-01
3.970000e-01	-1.576806e+00	1.550223e+00	-3.523655e+00	-3.338633e+00	-1.850220e-01
3.980000e-01	-1.577316e+00	1.550630e+00	-3.524791e+00	-3.339711e+00	-1.850798e-01
3.990000e-01	-1.577924e+00	1.551131e+00	-3.526090e+00	-3.340969e+00	-1.851215e-01
4.000000e-01	-1.578650e+00	1.551771e+00	-3.527519e+00	-3.342410e+00	-1.851089e-01
4.010000e-01	-1.579476e+00	1.552510e+00	-3.529105e+00	-3.344029e+00	-1.850764e-01
4.020000e-01	-1.580397e+00	1.553365e+00	-3.530796e+00	-3.345795e+00	-1.850013e-01
4.030000e-01	-1.581371e+00	1.554275e+00	-3.532587e+00	-3.347665e+00	-1.849221e-01
4.040000e-01	-1.582410e+00	1.555271e+00	-3.534439e+00	-3.349630e+00	-1.848097e-01
4.050000e-01	-1.583470e+00	1.556290e+00	-3.536341e+00	-3.351641e+00	-1.847005e-01
4.060000e-01	-1.584567e+00	1.557368e+00	-3.538262e+00	-3.353698e+00	-1.845638e-01
4.070000e-01	-1.585631e+00	1.558416e+00	-3.540146e+00	-3.355704e+00	-1.844415e-01
4.080000e-01	-1.586691e+00	1.559481e+00	-3.541984e+00	-3.357683e+00	-1.843004e-01
4.090000e-01	-1.587690e+00	1.560486e+00	-3.543745e+00	-3.359562e+00	-1.841824e-01
4.100000e-01	-1.588653e+00	1.561478e+00	-3.545412e+00	-3.361359e+00	-1.840534e-01
4.110000e-01	-1.589511e+00	1.562367e+00	-3.546923e+00	-3.362973e+00	-1.839502e-01
4.120000e-01	-1.590309e+00	1.563215e+00	-3.548280e+00	-3.364449e+00	-1.838316e-01
4.130000e-01	-1.591000e+00	1.563956e+00	-3.549477e+00	-3.365739e+00	-1.837381e-01
4.140000e-01	-1.591626e+00	1.564647e+00	-3.550528e+00	-3.366890e+00	-1.836379e-01
4.150000e-01	-1.592135e+00	1.565213e+00	-3.551389e+00	-3.367829e+00	-1.835598e-01
4.160000e-01	-1.592584e+00	1.565734e+00	-3.552110e+00	-3.368639e+00	-1.834714e-01
4.170000e-01	-1.592937e+00	1.566145e+00	-3.552675e+00	-3.369275e+00	-1.834004e-01
4.180000e-01	-1.593247e+00	1.566527e+00	-3.553127e+00	-3.369811e+00	-1.833162e-01
4.190000e-01	-1.593471e+00	1.566808e+00	-3.553440e+00	-3.370191e+00	-1.832491e-01
4.200000e-01	-1.593677e+00	1.567087e+00	-3.553671e+00	-3.370512e+00	-1.831587e-01
4.210000e-01	-1.593845e+00	1.567309e+00	-3.553838e+00	-3.370764e+00	-1.830740e-01
4.220000e-01	-1.594023e+00	1.567554e+00	-3.553982e+00	-3.371013e+00	-1.829681e-01
4.230000e-01	-1.594186e+00	1.567768e+00	-3.554092e+00	-3.371232e+00	-1.828596e-01
4.240000e-01	-1.594396e+00	1.568042e+00	-3.554234e+00	-3.371514e+00	-1.827206e-01
4.250000e-01	-1.594619e+00	1.568310e+00	-3.554393e+00	-3.371816e+00	-1.825773e-01
4.260000e-01	-1.594909e+00	1.568661e+00	-3.554626e+00	-3.372222e+00	-1.824039e-01
4.270000e-01	-1.595229e+00	1.569026e+00	-3.554899e+00	-3.372679e+00	-1.822204e-01
4.280000e-01	-1.595632e+00	1.569492e+00	-3.555262e+00	-3.373263e+00	-1.819989e-01
4.290000e-01	-1.596068e+00	1.569974e+00	-3.555687e+00	-3.373911e+00	-1.817757e-01
4.300000e-01	-1.596586e+00	1.570558e+00	-3.556212e+00	-3.374691e+00	-1.815203e-01
4.310000e-01	-1.597132e+00	1.571155e+00	-3.556787e+00	-3.375525e+00	-1.812618e-01
4.320000e-01	-1.597748e+00	1.571844e+00	-3.557455e+00	-3.376476e+00	-1.809788e-01
4.330000e-01	-1.598383e+00	1.572534e+00	-3.558151e+00	-3.377458e+00	-1.806924e-01
4.340000e-01	-1.599070e+00	1.573301e+00	-3.558902e+00	-3.378521e+00	-1.803808e-01
4.350000e-01	-1.599752e+00	1.574051e+00	-3.559651e+00	-3.379577e+00	-1.800733e-01
4.360000e-01	-1.600470e+00	1.574860e+00	-3.560445e+00	-3.380692e+00	-1.797527e-01
4.370000e-01	-1.601159e+00	1.575628e+00	-3.561188e+00	-3.381753e+00	-1.794349e-01
4.380000e-01	-1.601865e+00	1.576438e+00	-3.561939e+00	-3.382835e+00	-1.791041e-01
4.390000e-01	-1.602525e+00	1.577189e+00	-3.562617e+00	-3.383834e+00	-1.787832e-01
4.400000e-01	-1.603168e+00	1.577945e+00	-3.563240e+00	-3.384788e+00	-1.784516e-01
4.410000e-01	-1.603733e+00	1.578609e+00	-3.563753e+00	-3.385609e+00	-1.781438e-01
4.420000e-01	-1.604272e+00	1.579270e+00	-3.564196e+00	-3.386370e+00	-1.778262e-01
4.430000e-01	-1.604741e+00	1.579850e+00	-3.564533e+00	-3.387007e+00	-1.775256e-01
4.440000e-01	-1.605168e+00	1.580408e+00	-3.564769e+00	-3.387553e+00	-1.772162e-01
4.450000e-01	-1.605512e+00	1.580870e+00	-3.564856e+00	-3.387940e+00	-1.769165e-01
4.460000e-01	-1.605848e+00	1.581343e+00	-3.564912e+00	-3.388304e+00	-1.766076e-01
4.470000e-01	-1.606090e+00	1.581705e+00	-3.564813e+00	-3.388496e+00	-1.763165e-01
4.480000e-01	-1.606330e+00	1.582082e+00	-3.564699e+00	-3.388680e+00	-1.760194e-01
4.490000e-01	-1.606487e+00	1.582361e+00	-3.564429e+00	-3.388701e+00	-1.757272e-01
4.500000e-01	-1.606666e+00	1.582675e+00	-3.564181e+00	-3.388757e+00	-1.754241e-01
4.510000e-01	-1.606771e+00	1.582900e+00	-3.563797e+00	-3.388670e+00	-1.751272e-01
4.520000e-01	-1.606905e+00	1.583167e+00	-3.563431e+00	-3.388621e+00	-1.748103e-01
4.530000e-01	-1.606990e+00	1.583368e+00	-3.562982e+00	-3.388481e+00	-1.745004e-01
4.540000e-01	-1.607137e+00	1.583644e+00	-3.562621e+00	-3.388448e+00	-1.741731e-01
4.550000e-01	-1.607245e+00	1.583866e+00	-3.562199e+00	-3.388344e+00	-1.738548e-01
4.560000e-01	-1.607408e+00	1.584157e+00	-3.561837e+00	-3.388327e+00	-1.735100e-01
4.570000e-01	-1.607550e+00	1.584410e+00	-3.561419e+00	-3.388259e+00	-1.731597e-01
4.580000e-01	-1.607768e+00	1.584753e+00	-3.561114e+00	-3.388325e+00	-1.727892e-01
4.590000e-01	-1.607953e+00	1.585050e+00	-3.560752e+00	-3.388329e+00	-1.724230e-01
4.600000e-01	-1.608216e+00	1.585438e+00	-3.560515e+00	-3.388474e+00	-1.720417e-01
4.610000e-01	-1.608464e+00	1.585795e+00	-3.560266e+00	-3.388598e+00	-1.716686e-01
4.620000e-01	-1.608785e+00	1.586242e+00	-3.560118e+00	-3.388845e+00	-1.712738e-01
4.630000e-01	-1.609066e+00	1.586638e+00	-3.559892e+00	-3.389012e+00	-1.708797e-01
4.640000e-01	-1.609413e+00	1.587121e+00	-3.559749e+00	-3.389288e+00	-1.704610e-01
4.650000e-01	-1.609717e+00	1.587548e+00	-3.559546e+00	-3.389490e+00	-1.700559e-01
4.660000e-01	-1.610075e+00	1.588045e+00	-3.559436e+00	-3.389794e+00	-1.696429e-01
4.670000e-01	-1.610371e+00	1.588469e+00	-3.559235e+00	-3.389988e+00	-1.692470e-01
4.680000e-01	-1.610690e+00	1.588936e+00	-3.559056e+00	-3.390218e+00	-1.688375e-01
4.690000e-01	-1.610931e+00	1.589311e+00	-3.558750e+00	-3.390306e+00	-1.684435e-01
4.700000e-01	-1.611201e+00	1.589733e+00	-3.558492e+00	-3.390447e+00	-1.680447e-01
4.710000e-01	-1.611376e+00	1.590051e+00	-3.558076e+00	-3.390414e+00	-1.676619e-01
4.720000e-01	-1.611571e+00	1.590407e+00	-3.557698e+00	-3.390420e+00	-1.672780e-01
4.730000e-01	-1.611673e+00	1.590658e+00	-3.557169e+00	-3.390258e+00	-1.669116e-01
4.740000e-01	-1.611787e+00	1.590936e+00	-3.556660e+00	-3.390117e+00	-1.665434e-01
4.750000e-01	-1.611791e+00	1.591095e+00	-3.555962e+00	-3.389772e+00	-1.661905e-01
4.760000e-01	-1.611812e+00	1.591286e+00	-3.555292e+00	-3.389458e+00	-1.658340e-01
4.770000e-01	-1.611720e+00	1.591349e+00	-3.554433e+00	-3.388936e+00	-1.654968e-01
4.780000e-01	-1.611663e+00	1.591459e+00	-3.553652e+00	-3.388489e+00	-1.651626e-01
4.790000e-01	-1.611473e+00	1.591423e+00	-3.552645e+00	-3.387795e+00	-1.648498e-01
4.800000e-01	-1.611326e+00	1.591441e+00	-3.551716e+00	-3.387184e+00	-1.645324e-01
4.810000e-01	-1.611064e+00	1.591333e+00	-3.550586e+00	-3.386357e+00	-1.642285e-01
4.820000e-01	-1.610873e+00	1.591304e+00	-3.549580e+00	-3.385663e+00	-1.639166e-01
4.830000e-01	-1.610572e+00	1.591153e+00	-3.548385e+00	-3.384765e+00	-1.636202e-01
4.840000e-01	-1.610343e+00	1.591085e+00	-3.547322e+00	-3.384004e+00	-1.633181e-01
4.850000e-01	-1.610027e+00	1.590913e+00	-3.546117e+00	-3.383086e+00	-1.630313e-01
4.860000e-01	-1.609792e+00	1.590831e+00	-3.545061e+00	-3.382323e+00	-1.627383e-01
4.870000e-01	-1.609457e+00	1.590638e+00	-3.543829e+00	-3.381372e+00	-1.624570e-01
4.880000e-01	-1.609195e+00	1.590527e+00	-3.542741e+00	-3.380566e+00	-1.621754e-01
4.890000e-01	-1.608881e+00	1.590347e+00	-3.541560e+00	-3.379661e+00	-1.618996e-01
4.900000e-01	-1.608644e+00	1.590254e+00	-3.540535e+00	-3.378911e+00	-1.616235e-01
4.910000e-01	-1.608343e+00	1.590087e+00	-3.539403e+00	-3.378044e+00	-1.613584e-01
4.920000e-01	-1.608106e+00	1.589992e+00	-3.538409e+00	-3.377310e+00	-1.610981e-01
4.930000e-01	-1.607814e+00	1.589828e+00	-3.537317e+00	-3.376473e+00	-1.608446e-01
4.940000e-01	-1.607593e+00	1.589742e+00	-3.536374e+00	-3.375780e+00	-1.605937e-01
4.950000e-01	-1.607298e+00	1.589572e+00	-3.535313e+00	-3.374954e+00	-1.603586e-01
4.960000e-01	-1.607068e+00	1.589474e+00	-3.534395e+00	-3.374266e+00	-1.601293e-01
4.970000e-01	-1.606784e+00	1.589308e+00	-3.533404e+00	-3.373486e+00	-1.599180e-01
4.980000e-01	-1.606549e+00	1.589198e+00	-3.532529e+00	-3.372814e+00	-1.597150e-01
4.990000e-01	-1.606249e+00	1.589013e+00	-3.531543e+00	-3.372020e+00	-1.595230e-01
5.000000e-01	-1.606008e+00	1.588893e+00	-3.530702e+00	-3.371359e+00	-1.593427e-01
5.010000e-01	-1.605694e+00	1.588688e+00	-3.529743e+00	-3.370566e+00	-1.591771e-01
5.020000e-01	-1.605419e+00	1.588529e+00	-3.528881e+00	-3.369859e+00	-1.590216e-01
5.030000e-01	-1.605082e+00	1.588295e+00	-3.527929e+00	-3.369046e+00	-1.588829e-01
5.040000e-01	-1.604787e+00	1.588102e+00	-3.527097e+00	-3.368335e+00	-1.587614e-01
5.050000e-01	-1.604425e+00	1.587828e+00	-3.526168e+00	-3.367509e+00	-1.586587e-01
5.060000e-01	-1.604100e+00	1.587594e+00	-3.525319e+00	-3.366759e+00	-1.585599e-01
5.070000e-01	-1.603722e+00	1.587297e+00	-3.524383e+00	-3.365914e+00	-1.584691e-01
5.080000e-01	-1.603384e+00	1.587036e+00	-3.523563e+00	-3.365165e+00	-1.583981e-01
5.090000e-01	-1.603010e+00	1.586726e+00	-3.522702e+00	-3.364361e+00	-1.583415e-01
5.100000e-01	-1.602660e+00	1.586444e+00	-3.521882e+00	-3.363602e+00	-1.582806e-01
5.110000e-01	-1.602292e+00	1.586123e+00	-3.521053e+00	-3.362818e+00	-1.582345e-01
5.120000e-01	-1.601959e+00	1.585840e+00	-3.520322e+00	-3.362120e+00	-1.582017e-01
5.130000e-01	-1.601594e+00	1.585510e+00	-3.519541e+00	-3.361365e+00	-1.581768e-01
5.140000e-01	-1.601285e+00	1.585238e+00	-3.518875e+00	-3.360723e+00	-1.581520e-01
5.150000e-01	-1.600952e+00	1.584927e+00	-3.518177e+00	-3.360041e+00	-1.581358e-01
5.160000e-01	-1.600660e+00	1.584659e+00	-3.517574e+00	-3.359447e+00	-1.581276e-01
5.170000e-01	-1.600359e+00	1.584368e+00	-3.516970e+00	-3.358844e+00	-1.581262e-01
5.180000e-01	-1.600111e+00	1.584130e+00	-3.516470e+00	-3.358346e+00	-1.581233e-01
5.190000e-01	-1.599823e+00	1.583839e+00	-3.515919e+00	-3.357783e+00	-1.581362e-01
5.200000e-01	-1.599577e+00	1.583594e+00	-3.515461e+00	-3.357308e+00	-1.581531e-01
5.210000e-01	-1.599316e+00	1.583320e+00	-3.514979e+00	-3.356805e+00	-1.581739e-01
5.220000e-01	-1.599083e+00	1.583079e+00	-3.514559e+00	-3.356363e+00	-1.581962e-01
5.230000e-01	-1.598816e+00	1.582795e+00	-3.514100e+00	-3.355866e+00	-1.582341e-01
5.240000e-01	-1.598579e+00	1.582542e+00	-3.513719e+00	-3.355439e+00	-1.582799e-01
5.250000e-01	-1.598303e+00	1.582241e+00	-3.513267e+00	-3.354936e+00	-1.583312e-01
5.260000e-01	-1.598049e+00	1.581969e+00	-3.512868e+00	-3.354483e+00	-1.583843e-01
5.270000e-01	-1.597749e+00	1.581642e+00	-3.512397e+00	-3.353947e+00	-1.584495e-01
5.280000e-01	-1.597455e+00	1.581324e+00	-3.511958e+00	-3.353435e+00	-1.585239e-01
5.290000e-01	-1.597092e+00	1.580934e+00	-3.511401e+00	-3.352792e+00	-1.586089e-01
5.300000e-01	-1.596739e+00	1.580555e+00	-3.510879e+00	-3.352179e+00	-1.587006e-01
5.310000e-01	-1.596322e+00	1.580110e+00	-3.510233e+00	-3.351439e+00	-1.587938e-01
5.320000e-01	-1.595914e+00	1.579670e+00	-3.509650e+00	-3.350739e+00	-1.589104e-01
5.330000e-01	-1.595437e+00	1.579162e+00	-3.508942e+00	-3.349908e+00	-1.590336e-01
5.340000e-01	-1.594978e+00	1.578664e+00	-3.508290e+00	-3.349123e+00	-1.591676e-01
5.350000e-01	-1.594456e+00	1.578101e+00	-3.507525e+00	-3.348218e+00	-1.593070e-01
5.360000e-01	-1.593948e+00	1.577547e+00	-3.506826e+00	-3.347361e+00	-1.594653e-01
5.370000e-01	-1.593395e+00	1.576945e+00	-3.506030e+00	-3.346410e+00	-1.596203e-01
5.380000e-01	-1.592867e+00	1.576363e+00	-3.505309e+00	-3.345522e+00	-1.597872e-01
5.390000e-01	-1.592290e+00	1.575731e+00	-3.504480e+00	-3.344530e+00	-1.599499e-01
5.400000e-01	-1.591766e+00	1.575143e+00	-3.503779e+00	-3.343655e+00	-1.601235e-01
5.410000e-01	-1.591215e+00	1.574524e+00	-3.503025e+00	-3.342727e+00	-1.602973e-01
5.420000e-01	-1.590720e+00	1.573953e+00	-3.502395e+00	-3.341918e+00	-1.604774e-01
5.430000e-01	-1.590192e+00	1.573345e+00	-3.501704e+00	-3.341044e+00	-1.606604e-01
5.440000e-01	-1.589733e+00	1.572799e+00	-3.501169e+00	-3.340317e+00	-1.608516e-01
5.450000e-01	-1.589268e+00	1.572246e+00	-3.500620e+00	-3.339579e+00	-1.610420e-01
5.460000e-01	-1.588894e+00	1.571774e+00	-3.500254e+00	-3.339021e+00	-1.612325e-01
5.470000e-01	-1.588515e+00	1.571296e+00	-3.499864e+00	-3.338447e+00	-1.614171e-01
5.480000e-01	-1.588226e+00	1.570900e+00	-3.499671e+00	-3.338061e+00	-1.616100e-01
5.490000e-01	-1.587926e+00	1.570492e+00	-3.499459e+00	-3.337656e+00	-1.618037e-01
5.500000e-01	-1.587715e+00	1.570167e+00	-3.499428e+00	-3.337429e+00	-1.619996e-01
5.510000e-01	-1.587506e+00	1.569843e+00	-3.499398e+00	-3.337205e+00	-1.621928e-01
5.520000e-01	-1.587385e+00	1.569598e+00	-3.499561e+00	-3.337165e+00	-1.623957e-01
5.530000e-01	-1.587236e+00	1.569326e+00	-3.499666e+00	-3.337069e+00	-1.625973e-01
5.540000e-01	-1.587169e+00	1.569131e+00	-3.499953e+00	-3.337146e+00	-1.628070e-01
5.550000e-01	-1.587073e+00	1.568908e+00	-3.500180e+00	-3.337164e+00	-1.630169e-01
5.560000e-01	-1.587047e+00	1.568751e+00	-3.500566e+00	-3.337330e+00	-1.632359e-01
5.570000e-01	-1.587001e+00	1.568576e+00	-3.500900e+00	-3.337452e+00	-1.634489e-01
5.580000e-01	-1.587013e+00	1.568455e+00	-3.501366e+00	-3.337697e+00	-1.636698e-01
5.590000e-01	-1.586979e+00	1.568294e+00	-3.501738e+00	-3.337848e+00	-1.638895e-01
5.600000e-01	-1.586990e+00	1.568176e+00	-3.502212e+00	-3.338096e+00	-1.641156e-01
5.610000e-01	-1.586964e+00	1.568025e+00	-3.502609e+00	-3.338269e+00	-1.643404e-01
5.620000e-01	-1.586965e+00	1.567898e+00	-3.503083e+00	-3.338506e+00	-1.645771e-01
5.630000e-01	-1.586919e+00	1.567731e+00	-3.503462e+00	-3.338650e+00	-1.648118e-01
5.640000e-01	-1.586891e+00	1.567580e+00	-3.503897e+00	-3.338840e+00	-1.650577e-01
5.650000e-01	-1.586811e+00	1.567384e+00	-3.504226e+00	-3.338924e+00	-1.653014e-01
5.660000e-01	-1.586753e+00	1.567210e+00	-3.504606e+00	-3.339056e+00	-1.655502e-01
5.670000e-01	-1.586664e+00	1.567008e+00	-3.504924e+00	-3.339126e+00	-1.657982e-01
5.680000e-01	-1.586578e+00	1.566813e+00	-3.505268e+00	-3.339212e+00	-1.660556e-01
5.690000e-01	-1.586451e+00	1.566581e+00	-3.505516e+00	-3.339209e+00	-1.663073e-01
5.700000e-01	-1.586321e+00	1.566348e+00	-3.505773e+00	-3.339208e+00	-1.665656e-01
5.710000e-01	-1.586149e+00	1.566077e+00	-3.505946e+00	-3.339122e+00	-1.668237e-01
5.720000e-01	-1.585988e+00	1.565820e+00	-3.506151e+00	-3.339063e+00	-1.670881e-01
5.730000e-01	-1.585798e+00	1.565535e+00	-3.506297e+00	-3.338946e+00	-1.673508e-01
5.740000e-01	-1.585620e+00	1.565267e+00	-3.506469e+00	-3.338854e+00	-1.676149e-01
5.750000e-01	-1.585405e+00	1.564967e+00	-3.506565e+00	-3.338688e+00	-1.678773e-01
5.760000e-01	-1.585214e+00	1.564693e+00	-3.506712e+00	-3.338570e+00	-1.681419e-01
5.770000e-01	-1.584975e+00	1.564375e+00	-3.506771e+00	-3.338361e+00	-1.684106e-01
5.780000e-01	-1.584747e+00	1.564069e+00	-3.506858e+00	-3.338176e+00	-1.686821e-01
5.790000e-01	-1.584492e+00	1.563739e+00	-3.506891e+00	-3.337938e+00	-1.689536e-01
5.800000e-01	-1.584249e+00	1.563423e+00	-3.506964e+00	-3.337731e+00	-1.692331e-01
5.810000e-01	-1.583974e+00	1.563080e+00	-3.506965e+00	-3.337457e+00	-1.695089e-01
5.820000e-01	-1.583728e+00	1.562764e+00	-3.507028e+00	-3.337242e+00	-1.697862e-01
5.830000e-01	-1.583444e+00	1.562415e+00	-3.507021e+00	-3.336954e+00	-1.700668e-01
5.840000e-01	-1.583184e+00	1.562088e+00	-3.507078e+00	-3.336723e+00	-1.703554e-01
5.850000e-01	-1.582897e+00	1.561737e+00	-3.507078e+00	-3.336436e+00	-1.706420e-01
5.860000e-01	-1.582619e+00	1.561395e+00	-3.507112e+00	-3.336175e+00	-1.709367e-01
5.870000e-01	-1.582323e+00	1.561039e+00	-3.507106e+00	-3.335876e+00	-1.712299e-01
5.880000e-01	-1.582052e+00	1.560704e+00	-3.507166e+00	-3.335635e+00	-1.715305e-01
5.890000e-01	-1.581750e+00	1.560343e+00	-3.507159e+00	-3.335329e+00	-1.718298e-01
5.900000e-01	-1.581468e+00	1.559999e+00	-3.507201e+00	-3.335069e+00	-1.721324e-01
5.910000e-01	-1.581183e+00	1.559654e+00	-3.507231e+00	-3.334798e+00	-1.724324e-01
5.920000e-01	-1.580905e+00	1.559311e+00	-3.507294e+00	-3.334552e+00	-1.727420e-01
5.930000e-01	-1.580619e+00	1.558963e+00	-3.507334e+00	-3.334286e+00	-1.730482e-01
5.940000e-01	-1.580359e+00	1.558635e+00	-3.507435e+00	-3.334076e+00	-1.733586e-01
5.950000e-01	-1.580080e+00	1.558293e+00	-3.507497e+00	-3.333829e+00	-1.736683e-01
5.960000e-01	-1.579824e+00	1.557969e+00	-3.507612e+00	-3.333630e+00	-1.739819e-01
5.970000e-01	-1.579582e+00	1.557657e+00	-3.507746e+00	-3.333455e+00	-1.742914e-01
5.980000e-01	-1.579357e+00	1.557358e+00	-3.507922e+00	-3.333317e+00	-1.746042e-01
5.990000e-01	-1.579148e+00	1.557077e+00	-3.508118e+00	-3.333207e+00	-1.749106e-01
6.000000e-01	-1.578977e+00	1.556825e+00	-3.508388e+00	-3.333171e+00	-1.752174e-01
6.010000e-01	-1.578806e+00	1.556578e+00	-3.508645e+00	-3.333128e+00	-1.755170e-01
6.020000e-01	-1.578669e+00	1.556359e+00	-3.508968e+00	-3.333153e+00	-1.758152e-01
6.030000e-01	-1.578560e+00	1.556168e+00	-3.509332e+00	-3.333226e+00	-1.761063e-01
6.040000e-01	-1.578476e+00	1.555998e+00	-3.509751e+00	-3.333352e+00	-1.763999e-01
6.050000e-01	-1.578405e+00	1.555842e+00	-3.510181e+00	-3.333495e+00	-1.766860e-01
6.060000e-01	-1.578376e+00	1.555721e+00	-3.510693e+00	-3.333722e+00	-1.769708e-01
6.070000e-01	-1.578358e+00	1.555615e+00	-3.511216e+00	-3.333967e+00	-1.772498e-01
6.080000e-01	-1.578380e+00	1.555542e+00	-3.511806e+00	-3.334283e+00	-1.775231e-01
6.090000e-01	-1.578426e+00	1.555492e+00	-3.512432e+00	-3.334642e+00	-1.777902e-01
6.100000e-01	-1.578495e+00	1.555463e+00	-3.513084e+00	-3.335037e+00	-1.780470e-01
6.110000e-01	-1.578585e+00	1.555455e+00	-3.513765e+00	-3.335468e+00	-1.782971e-01
6.120000e-01	-1.578714e+00	1.555483e+00	-3.514513e+00	-3.335970e+00	-1.785426e-01
6.130000e-01	-1.578850e+00	1.555520e+00	-3.515270e+00	-3.336485e+00	-1.787849e-01
6.140000e-01	-1.579012e+00	1.555580e+00	-3.516061e+00	-3.337043e+00	-1.790179e-01
6.150000e-01	-1.579197e+00	1.555665e+00	-3.516888e+00	-3.337641e+00	-1.792463e-01
6.160000e-01	-1.579404e+00	1.555772e+00	-3.517735e+00	-3.338272e+00	-1.794630e-01
6.170000e-01	-1.579631e+00	1.555901e+00	-3.518605e+00	-3.338934e+00	-1.796708e-01
6.180000e-01	-1.579895e+00	1.556065e+00	-3.519521e+00	-3.339656e+00	-1.798653e-01
6.190000e-01	-1.580165e+00	1.556239e+00	-3.520435e+00	-3.340383e+00	-1.800529e-01
6.200000e-01	-1.580455e+00	1.556433e+00	-3.521366e+00	-3.341137e+00	-1.802283e-01
6.210000e-01	-1.580752e+00	1.556637e+00	-3.522298e+00	-3.341901e+00	-1.803970e-01
6.220000e-01	-1.581066e+00	1.556859e+00	-3.523233e+00	-3.342682e+00	-1.805512e-01
6.230000e-01	-1.581388e+00	1.557093e+00	-3.524171e+00	-3.343474e+00	-1.806971e-01
6.240000e-01	-1.581747e+00	1.557362e+00	-3.525155e+00	-3.344325e+00	-1.808307e-01
6.250000e-01	-1.582098e+00	1.557628e+00	-3.526114e+00	-3.345155e+00	-1.809590e-01
6.260000e-01	-1.582481e+00	1.557927e+00	-3.527096e+00	-3.346029e+00	-1.810675e-01
6.270000e-01	-1.582859e+00	1.558224e+00	-3.528056e+00	-3.346887e+00	-1.811686e-01
6.280000e-01	-1.583263e+00	1.558550e+00	-3.529038e+00	-3.347782e+00	-1.812562e-01
6.290000e-01	-1.583652e+00	1.558865e+00	-3.529977e+00	-3.348640e+00	-1.813368e-01
6.300000e-01	-1.584080e+00	1.559223e+00	-3.530954e+00	-3.349557e+00	-1.813967e-01
6.310000e-01	-1.584490e+00	1.559568e+00	-3.531885e+00	-3.350432e+00	-1.814528e-01
6.320000e-01	-1.584942e+00	1.559959e+00	-3.532848e+00	-3.351366e+00	-1.814823e-01
6.330000e-01	-1.585378e+00	1.560335e+00	-3.533778e+00	-3.352267e+00	-1.815113e-01
6.340000e-01	-1.585860e+00	1.560763e+00	-3.534761e+00	-3.353241e+00	-1.815199e-01
6.350000e-01	-1.586323e+00	1.561174e+00	-3.535694e+00	-3.354170e+00	-1.815242e-01
6.360000e-01	-1.586829e+00	1.561632e+00	-3.536678e+00	-3.355168e+00	-1.815105e-01
6.370000e-01	-1.587298e+00	1.562058e+00	-3.537575e+00	-3.356085e+00	-1.814896e-01
6.380000e-01	-1.587805e+00	1.562528e+00	-3.538502e+00	-3.357056e+00	-1.814460e-01
6.390000e-01	-1.588291e+00	1.562982e+00	-3.539375e+00	-3.357978e+00	-1.813968e-01
6.400000e-01	-1.588822e+00	1.563486e+00	-3.540299e+00	-3.358972e+00	-1.813273e-01
6.410000e-01	-1.589328e+00	1.563971e+00	-3.541156e+00	-3.359906e+00	-1.812498e-01
6.420000e-01	-1.589885e+00	1.564511e+00	-3.542067e+00	-3.360918e+00	-1.811486e-01
6.430000e-01	-1.590410e+00	1.565023e+00	-3.542898e+00	-3.361859e+00	-1.810389e-01
6.440000e-01	-1.590973e+00	1.565577e+00	-3.543778e+00	-3.362862e+00	-1.809158e-01
6.450000e-01	-1.591495e+00	1.566094e+00	-3.544568e+00	-3.363778e+00	-1.807892e-01
6.460000e-01	-1.592069e+00	1.566671e+00	-3.545419e+00	-3.364779e+00	-1.806403e-01
6.470000e-01	-1.592603e+00	1.567212e+00	-3.546183e+00	-3.365695e+00	-1.804887e-01
6.480000e-01	-1.593171e+00	1.567793e+00	-3.546970e+00	-3.366656e+00	-1.803138e-01
6.490000e-01	-1.593680e+00	1.568320e+00	-3.547645e+00	-3.367503e+00	-1.801429e-01
6.500000e-01	-1.594238e+00	1.568901e+00	-3.548383e+00	-3.368429e+00	-1.799541e-01
6.510000e-01	-1.594734e+00	1.569426e+00	-3.548996e+00	-3.369232e+00	-1.797642e-01
6.520000e-01	-1.595277e+00	1.570003e+00	-3.549670e+00	-3.370113e+00	-1.795578e-01
6.530000e-01	-1.595766e+00	1.570529e+00	-3.550222e+00	-3.370876e+00	-1.793453e-01
6.540000e-01	-1.596308e+00	1.571113e+00	-3.550848e+00	-3.371732e+00	-1.791162e-01
6.550000e-01	-1.596782e+00	1.571635e+00	-3.551347e+00	-3.372456e+00	-1.788912e-01
6.560000e-01	-1.597299e+00	1.572201e+00	-3.551904e+00	-3.373251e+00	-1.786528e-01
6.570000e-01	-1.597747e+00	1.572706e+00	-3.552315e+00	-3.373904e+00	-1.784104e-01
6.580000e-01	-1.598250e+00	1.573271e+00	-3.552794e+00	-3.374647e+00	-1.781465e-01
6.590000e-01	-1.598676e+00	1.573763e+00	-3.553122e+00	-3.375236e+00	-1.778853e-01
6.600000e-01	-1.599154e+00	1.574312e+00	-3.553539e+00	-3.375924e+00	-1.776149e-01
6.610000e-01	-1.599566e+00	1.574798e+00	-3.553822e+00	-3.376478e+00	-1.773448e-01
6.620000e-01	-1.600037e+00	1.575348e+00	-3.554185e+00	-3.377130e+00	-1.770552e-01
6.630000e-01	-1.600426e+00	1.575818e+00	-3.554395e+00	-3.377624e+00	-1.767718e-01
6.640000e-01	-1.600873e+00	1.576353e+00	-3.554691e+00	-3.378219e+00	-1.764724e-01
6.650000e-01	-1.601248e+00	1.576818e+00	-3.554841e+00	-3.378669e+00	-1.761722e-01
6.660000e-01	-1.601692e+00	1.577356e+00	-3.555107e+00	-3.379245e+00	-1.758613e-01
6.670000e-01	-1.602051e+00	1.577811e+00	-3.555219e+00	-3.379660e+00	-1.755586e-01
6.680000e-01	-1.602460e+00	1.578319e+00	-3.555411e+00	-3.380165e+00	-1.752452e-01
6.690000e-01	-1.602777e+00	1.578736e+00	-3.555436e+00	-3.380495e+00	-1.749411e-01
6.700000e-01	-1.603167e+00	1.579233e+00	-3.555567e+00	-3.380950e+00	-1.746170e-01
6.710000e-01	-1.603465e+00	1.579638e+00	-3.555531e+00	-3.381230e+00	-1.743004e-01
6.720000e-01	-1.603839e+00	1.580126e+00	-3.555631e+00	-3.381655e+00	-1.739761e-01
6.730000e-01	-1.604121e+00	1.580519e+00	-3.555559e+00	-3.381900e+00	-1.736588e-01
6.740000e-01	-1.604467e+00	1.580984e+00	-3.555595e+00	-3.382264e+00	-1.733305e-01
6.750000e-01	-1.604713e+00	1.581348e+00	-3.555434e+00	-3.382430e+00	-1.730039e-01
6.760000e-01	-1.605028e+00	1.581787e+00	-3.555405e+00	-3.382731e+00	-1.726742e-01
6.770000e-01	-1.605242e+00	1.582119e+00	-3.555200e+00	-3.382841e+00	-1.723583e-01
6.780000e-01	-1.605524e+00	1.582531e+00	-3.555115e+00	-3.383081e+00	-1.720331e-01
6.790000e-01	-1.605718e+00	1.582849e+00	-3.554879e+00	-3.383157e+00	-1.717219e-01
6.800000e-01	-1.605969e+00	1.583233e+00	-3.554740e+00	-3.383339e+00	-1.714009e-01
6.810000e-01	-1.606115e+00	1.583509e+00	-3.554406e+00	-3.383318e+00	-1.710881e-01
6.820000e-01	-1.606332e+00	1.583863e+00	-3.554179e+00	-3.383421e+00	-1.707577e-01
6.830000e-01	-1.606458e+00	1.584121e+00	-3.553807e+00	-3.383362e+00	-1.704451e-01
6.840000e-01	-1.606652e+00	1.584453e+00	-3.553565e+00	-3.383434e+00	-1.701306e-01
6.850000e-01	-1.606740e+00	1.584674e+00	-3.553138e+00	-3.383309e+00	-1.698292e-01
6.860000e-01	-1.606893e+00	1.584964e+00	-3.552829e+00	-3.383308e+00	-1.695208e-01
6.870000e-01	-1.606941e+00	1.585144e+00	-3.552329e+00	-3.383105e+00	-1.692236e-01
6.880000e-01	-1.607052e+00	1.585391e+00	-3.551953e+00	-3.383028e+00	-1.689250e-01
6.890000e-01	-1.607063e+00	1.585535e+00	-3.551408e+00	-3.382767e+00	-1.686409e-01
6.900000e-01	-1.607158e+00	1.585762e+00	-3.551020e+00	-3.382668e+00	-1.683518e-01
6.910000e-01	-1.607145e+00	1.585878e+00	-3.550450e+00	-3.382370e+00	-1.680803e-01
6.920000e-01	-1.607200e+00	1.586060e+00	-3.550013e+00	-3.382206e+00	-1.678068e-01
6.930000e-01	-1.607142e+00	1.586128e+00	-3.549368e+00	-3.381826e+00	-1.675418e-01
6.940000e-01	-1.607167e+00	1.586277e+00	-3.548882e+00	-3.381607e+00	-1.672742e-01
6.950000e-01	-1.607099e+00	1.586331e+00	-3.548230e+00	-3.381214e+00	-1.670167e-01
6.960000e-01	-1.607119e+00	1.586473e+00	-3.547750e+00	-3.380994e+00	-1.667564e-01
6.970000e-01	-1.607030e+00	1.586506e+00	-3.547080e+00	-3.380570e+00	-1.665102e-01
6.980000e-01	-1.607030e+00	1.586624e+00	-3.546570e+00	-3.380315e+00	-1.662548e-01
6.990000e-01	-1.606934e+00	1.586643e+00	-3.545909e+00	-3.379889e+00	-1.660199e-01
7.000000e-01	-1.606910e+00	1.586733e+00	-3.545379e+00	-3.379599e+00	-1.657797e-01
7.010000e-01	-1.606802e+00	1.586739e+00	-3.544704e+00	-3.379154e+00	-1.655502e-01
7.020000e-01	-1.606771e+00	1.586819e+00	-3.544169e+00	-3.378856e+00	-1.653128e-01
7.030000e-01	-1.606638e+00	1.586793e+00	-3.543472e+00	-3.378374e+00	-1.650979e-01
7.040000e-01	-1.606580e+00	1.586839e+00	-3.542931e+00	-3.378045e+00	-1.648861e-01
7.050000e-01	-1.606435e+00	1.586800e+00	-3.542228e+00	-3.377549e+00	-1.646787e-01
7.060000e-01	-1.606367e+00	1.586833e+00	-3.541683e+00	-3.377209e+00	-1.644743e-01
7.070000e-01	-1.606215e+00	1.586781e+00	-3.540998e+00	-3.376714e+00	-1.642840e-01
7.080000e-01	-1.606123e+00	1.586785e+00	-3.540429e+00	-3.376337e+00	-1.640920e-01
7.090000e-01	-1.605939e+00	1.586703e+00	-3.539691e+00	-3.375785e+00	-1.639061e-01
7.100000e-01	-1.605817e+00	1.586678e+00	-3.539081e+00	-3.375358e+00	-1.637234e-01
7.110000e-01	-1.605625e+00	1.586583e+00	-3.538345e+00	-3.374798e+00	-1.635476e-01
7.120000e-01	-1.605479e+00	1.586533e+00	-3.537715e+00	-3.374337e+00	-1.633782e-01
7.130000e-01	-1.605243e+00	1.586390e+00	-3.536930e+00	-3.373708e+00	-1.632220e-01
7.140000e-01	-1.605061e+00	1.586297e+00	-3.536267e+00	-3.373195e+00	-1.630721e-01
7.150000e-01	-1.604798e+00	1.586124e+00	-3.535483e+00	-3.372539e+00	-1.629434e-01
7.160000e-01	-1.604573e+00	1.585989e+00	-3.534768e+00	-3.371956e+00	-1.628112e-01
7.170000e-01	-1.604279e+00	1.585782e+00	-3.533933e+00	-3.371246e+00	-1.626875e-01
7.180000e-01	-1.604016e+00	1.585606e+00	-3.533169e+00	-3.370600e+00	-1.625686e-01
7.190000e-01	-1.603661e+00	1.585337e+00	-3.532257e+00	-3.369790e+00	-1.624672e-01
7.200000e-01	-1.603366e+00	1.585125e+00	-3.531467e+00	-3.369100e+00	-1.623671e-01
7.210000e-01	-1.603000e+00	1.584835e+00	-3.530563e+00	-3.368281e+00	-1.622819e-01
7.220000e-01	-1.602654e+00	1.584568e+00	-3.529709e+00	-3.367509e+00	-1.621999e-01
7.230000e-01	-1.602253e+00	1.584238e+00	-3.528772e+00	-3.366639e+00	-1.621335e-01
7.240000e-01	-1.601898e+00	1.583952e+00	-3.527943e+00	-3.365870e+00	-1.620733e-01
7.250000e-01	-1.601481e+00	1.583597e+00	-3.527003e+00	-3.364982e+00	-1.620210e-01
7.260000e-01	-1.601100e+00	1.583280e+00	-3.526156e+00	-3.364178e+00	-1.619780e-01
7.270000e-01	-1.600667e+00	1.582906e+00	-3.525216e+00	-3.363275e+00	-1.619411e-01
7.280000e-01	-1.600271e+00	1.582567e+00	-3.524357e+00	-3.362450e+00	-1.619075e-01
7.290000e-01	-1.599831e+00	1.582177e+00	-3.523418e+00	-3.361540e+00	-1.618783e-01
7.300000e-01	-1.599433e+00	1.581828e+00	-3.522594e+00	-3.360730e+00	-1.618639e-01
7.310000e-01	-1.599008e+00	1.581444e+00	-3.521737e+00	-3.359877e+00	-1.618603e-01
7.320000e-01	-1.598639e+00	1.581113e+00	-3.520999e+00	-3.359139e+00	-1.618602e-01
7.330000e-01	-1.598232e+00	1.580738e+00	-3.520189e+00	-3.358327e+00	-1.618627e-01
7.340000e-01	-1.597884e+00	1.580417e+00	-3.519506e+00	-3.357637e+00	-1.618685e-01
7.350000e-01	-1.597495e+00	1.580049e+00	-3.518756e+00	-3.356873e+00	-1.618828e-01
7.360000e-01	-1.597167e+00	1.579741e+00	-3.518135e+00	-3.356234e+00	-1.619003e-01
7.370000e-01	-1.596817e+00	1.579404e+00	-3.517480e+00	-3.355557e+00	-1.619230e-01
7.380000e-01	-1.596529e+00	1.579124e+00	-3.516959e+00	-3.355008e+00	-1.619512e-01
7.390000e-01	-1.596205e+00	1.578806e+00	-3.516380e+00	-3.354395e+00	-1.619849e-01
7.400000e-01	-1.595936e+00	1.578541e+00	-3.515915e+00	-3.353893e+00	-1.620216e-01
7.410000e-01	-1.595623e+00	1.578225e+00	-3.515379e+00	-3.353313e+00	-1.620665e-01
7.420000e-01	-1.595371e+00	1.577967e+00	-3.514976e+00	-3.352860e+00	-1.621168e-01
7.430000e-01	-1.595083e+00	1.577666e+00	-3.514532e+00	-3.352349e+00	-1.621836e-01
7.440000e-01	-1.594850e+00	1.577419e+00	-3.514190e+00	-3.351945e+00	-1.622456e-01
7.450000e-01	-1.594575e+00	1.577126e+00	-3.513785e+00	-3.351467e+00	-1.623174e-01
7.460000e-01	-1.594354e+00	1.576883e+00	-3.513499e+00	-3.351104e+00	-1.623952e-01
7.470000e-01	-1.594095e+00	1.576598e+00	-3.513153e+00	-3.350672e+00	-1.624814e-01
7.480000e-01	-1.593877e+00	1.576350e+00	-3.512892e+00	-3.350322e+00	-1.625693e-01
7.490000e-01	-1.593599e+00	1.576042e+00	-3.512518e+00	-3.349858e+00	-1.626602e-01
7.500000e-01	-1.593362e+00	1.575770e+00	-3.512245e+00	-3.349485e+00	-1.627605e-01
7.510000e-01	-1.593084e+00	1.575456e+00	-3.511899e+00	-3.349034e+00	-1.628657e-01
7.520000e-01	-1.592859e+00	1.575191e+00	-3.511666e+00	-3.348692e+00	-1.629744e-01
7.530000e-01	-1.592588e+00	1.574878e+00	-3.511351e+00	-3.348263e+00	-1.630874e-01
7.540000e-01	-1.592366e+00	1.574605e+00	-3.511143e+00	-3.347937e+00	-1.632059e-01
7.550000e-01	-1.592087e+00	1.574278e+00	-3.510831e+00	-3.347502e+00	-1.633289e-01
7.560000e-01	-1.591859e+00	1.573996e+00	-3.510622e+00	-3.347170e+00	-1.634522e-01
7.570000e-01	-1.591585e+00	1.573668e+00	-3.510336e+00	-3.346753e+00	-1.635826e-01
7.580000e-01	-1.591363e+00	1.573388e+00	-3.510155e+00	-3.346441e+00	-1.637142e-01
7.590000e-01	-1.591111e+00	1.573074e+00	-3.509918e+00	-3.346070e+00	-1.638483e-01
7.600000e-01	-1.590926e+00	1.572824e+00	-3.509819e+00	-3.345836e+00	-1.639832e-01
7.610000e-01	-1.590693e+00	1.572525e+00	-3.509636e+00	-3.345512e+00	-1.641246e-01
7.620000e-01	-1.590519e+00	1.572279e+00	-3.509575e+00	-3.345307e+00	-1.642683e-01
7.630000e-01	-1.590298e+00	1.571986e+00	-3.509420e+00	-3.345008e+00	-1.644123e-01
7.640000e-01	-1.590131e+00	1.571742e+00	-3.509383e+00	-3.344823e+00	-1.645600e-01
7.650000e-01	-1.589937e+00	1.571469e+00	-3.509294e+00	-3.344585e+00	-1.647097e-01
7.660000e-01	-1.589819e+00	1.571266e+00	-3.509361e+00	-3.344500e+00	-1.648609e-01
7.670000e-01	-1.589658e+00	1.571022e+00	-3.509354e+00	-3.344335e+00	-1.650186e-01
7.680000e-01	-1.589569e+00	1.570845e+00	-3.509488e+00	-3.344312e+00	-1.651753e-01
7.690000e-01	-1.589437e+00	1.570624e+00	-3.509529e+00	-3.344202e+00	-1.653276e-01
7.700000e-01	-1.589368e+00	1.570460e+00	-3.509703e+00	-3.344220e+00	-1.654838e-01
7.710000e-01	-1.589266e+00	1.570264e+00	-3.509809e+00	-3.344171e+00	-1.656386e-01
7.720000e-01	-1.589238e+00	1.570136e+00	-3.510071e+00	-3.344274e+00	-1.657974e-01
7.730000e-01	-1.589171e+00	1.569970e+00	-3.510247e+00	-3.344295e+00	-1.659521e-01
7.740000e-01	-1.589162e+00	1.569856e+00	-3.510536e+00	-3.344430e+00	-1.661063e-01
7.750000e-01	-1.589125e+00	1.569715e+00	-3.510763e+00	-3.344507e+00	-1.662562e-01
7.760000e-01	-1.589152e+00	1.569634e+00	-3.511122e+00	-3.344713e+00	-1.664089e-01
7.770000e-01	-1.589139e+00	1.569513e+00	-3.511394e+00	-3.344836e+00	-1.665579e-01
7.780000e-01	-1.589194e+00	1.569458e+00	-3.511795e+00	-3.345092e+00	-1.667032e-01
7.790000e-01	-1.589209e+00	1.569362e+00	-3.512110e+00	-3.345264e+00	-1.668465e-01
7.800000e-01	-1.589290e+00	1.569334e+00	-3.512546e+00	-3.345563e+00	-1.669827e-01
7.810000e-01	-1.589336e+00	1.569269e+00	-3.512913e+00	-3.345792e+00	-1.671205e-01
7.820000e-01	-1.589436e+00	1.569260e+00	-3.513377e+00	-3.346125e+00	-1.672527e-01
7.830000e-01	-1.589496e+00	1.569212e+00	-3.513753e+00	-3.346373e+00	-1.673802e-01
7.840000e-01	-1.589606e+00	1.569217e+00	-3.514221e+00	-3.346717e+00	-1.675042e-01
7.850000e-01	-1.589676e+00	1.569183e+00	-3.514607e+00	-3.346980e+00	-1.676275e-01
7.860000e-01	-1.589795e+00	1.569201e+00	-3.515081e+00	-3.347335e+00	-1.677458e-01
7.870000e-01	-1.589870e+00	1.569177e+00	-3.515469e+00	-3.347605e+00	-1.678644e-01
7.880000e-01	-1.589989e+00	1.569204e+00	-3.515923e+00	-3.347951e+00	-1.679723e-01
7.890000e-01	-1.590048e+00	1.569173e+00	-3.516266e+00	-3.348181e+00	-1.680853e-01
7.900000e-01	-1.590148e+00	1.569190e+00	-3.516675e+00	-3.348485e+00	-1.681898e-01
7.910000e-01	-1.590191e+00	1.569154e+00	-3.516986e+00	-3.348684e+00	-1.683018e-01
7.920000e-01	-1.590262e+00	1.569155e+00	-3.517335e+00	-3.348930e+00	-1.684053e-01
7.930000e-01	-1.590272e+00	1.569097e+00	-3.517569e+00	-3.349057e+00	-1.685121e-01
7.940000e-01	-1.590297e+00	1.569062e+00	-3.517834e+00	-3.349214e+00	-1.686199e-01
7.950000e-01	-1.590247e+00	1.568956e+00	-3.517961e+00	-3.349228e+00	-1.687336e-01
7.960000e-01	-1.590204e+00	1.568866e+00	-3.518101e+00	-3.349254e+00	-1.688471e-01
7.970000e-01	-1.590101e+00	1.568716e+00	-3.518132e+00	-3.349166e+00	-1.689652e-01
7.980000e-01	-1.590002e+00	1.568581e+00	-3.518175e+00	-3.349090e+00	-1.690853e-01
7.990000e-01	-1.589840e+00	1.568384e+00	-3.518104e+00	-3.348892e+00	-1.692119e-01
8.000000e-01	-1.589686e+00	1.568202e+00	-3.518047e+00	-3.348709e+00	-1.693379e-01
8.010000e-01	-1.589463e+00	1.567954e+00	-3.517880e+00	-3.348403e+00	-1.694767e-01
8.020000e-01	-1.589242e+00	1.567714e+00	-3.517713e+00	-3.348098e+00	-1.696146e-01
8.030000e-01	-1.588965e+00	1.567419e+00	-3.517453e+00	-3.347692e+00	-1.697616e-01
8.040000e-01	-1.588687e+00	1.567129e+00	-3.517193e+00	-3.347283e+00	-1.699099e-01
8.050000e-01	-1.588355e+00	1.566783e+00	-3.516844e+00	-3.346776e+00	-1.700672e-01
8.060000e-01	-1.588037e+00	1.566457e+00	-3.516533e+00	-3.346304e+00	-1.702294e-01
8.070000e-01	-1.587675e+00	1.566083e+00	-3.516147e+00	-3.345749e+00	-1.703982e-01
8.080000e-01	-1.587318e+00	1.565720e+00	-3.515771e+00	-3.345203e+00	-1.705674e-01
8.090000e-01	-1.586930e+00	1.565322e+00	-3.515341e+00	-3.344601e+00	-1.707402e-01
8.100000e-01	-1.586562e+00	1.564948e+00	-3.514954e+00	-3.344039e+00	-1.709148e-01
8.110000e-01	-1.586170e+00	1.564545e+00	-3.514541e+00	-3.343441e+00	-1.710999e-01
8.120000e-01	-1.585807e+00	1.564176e+00	-3.514182e+00	-3.342898e+00	-1.712839e-01
8.130000e-01	-1.585443e+00	1.563799e+00	-3.513822e+00	-3.342354e+00	-1.714681e-01
8.140000e-01	-1.585105e+00	1.563450e+00	-3.513517e+00	-3.341863e+00	-1.716531e-01
8.150000e-01	-1.584761e+00	1.563091e+00	-3.513211e+00	-3.341367e+00	-1.718438e-01
8.160000e-01	-1.584453e+00	1.562771e+00	-3.512972e+00	-3.340939e+00	-1.720330e-01
8.170000e-01	-1.584149e+00	1.562449e+00	-3.512748e+00	-3.340524e+00	-1.722249e-01
8.180000e-01	-1.583889e+00	1.562172e+00	-3.512610e+00	-3.340193e+00	-1.724164e-01
8.190000e-01	-1.583624e+00	1.561886e+00	-3.512475e+00	-3.339862e+00	-1.726132e-01
8.200000e-01	-1.583405e+00	1.561647e+00	-3.512418e+00	-3.339614e+00	-1.728038e-01
8.210000e-01	-1.583177e+00	1.561394e+00	-3.512366e+00	-3.339360e+00	-1.730060e-01
8.220000e-01	-1.582993e+00	1.561188e+00	-3.512397e+00	-3.339192e+00	-1.732055e-01
8.230000e-01	-1.582815e+00	1.560979e+00	-3.512451e+00	-3.339041e+00	-1.734106e-01
8.240000e-01	-1.582671e+00	1.560809e+00	-3.512572e+00	-3.338957e+00	-1.736148e-01
8.250000e-01	-1.582516e+00	1.560620e+00	-3.512683e+00	-3.338857e+00	-1.738254e-01
8.260000e-01	-1.582413e+00	1.560484e+00	-3.512892e+00	-3.338859e+00	-1.740328e-01
8.270000e-01	-1.582280e+00	1.560312e+00	-3.513074e+00	-3.338817e+00	-1.742574e-01
8.280000e-01	-1.582201e+00	1.560197e+00	-3.513341e+00	-3.338871e+00	-1.744695e-01
8.290000e-01	-1.582101e+00	1.560051e+00	-3.513587e+00	-3.338895e+00	-1.746924e-01
8.300000e-01	-1.582036e+00	1.559943e+00	-3.513900e+00	-3.338986e+00	-1.749140e-01
8.310000e-01	-1.581946e+00	1.559801e+00	-3.514181e+00	-3.339037e+00	-1.751449e-01
8.320000e-01	-1.581911e+00	1.559716e+00	-3.514557e+00	-3.339190e+00	-1.753672e-01
8.330000e-01	-1.581843e+00	1.559592e+00	-3.514885e+00	-3.339285e+00	-1.755997e-01
8.340000e-01	-1.581824e+00	1.559519e+00	-3.515287e+00	-3.339467e+00	-1.758199e-01
8.350000e-01	-1.581784e+00	1.559411e+00	-3.515669e+00	-3.339618e+00	-1.760507e-01
8.360000e-01	-1.581790e+00	1.559356e+00	-3.516127e+00	-3.339853e+00	-1.762740e-01
8.370000e-01	-1.581768e+00	1.559260e+00	-3.516549e+00	-3.340043e+00	-1.765064e-01
8.380000e-01	-1.581815e+00	1.559236e+00	-3.517078e+00	-3.340354e+00	-1.767236e-01
8.390000e-01	-1.581823e+00	1.559163e+00	-3.517549e+00	-3.340598e+00	-1.769510e-01
8.400000e-01	-1.581893e+00	1.559155e+00	-3.518104e+00	-3.340945e+00	-1.771594e-01
8.410000e-01	-1.581945e+00	1.559119e+00	-3.518639e+00	-3.341265e+00	-1.773741e-01
8.420000e-01	-1.582045e+00	1.559137e+00	-3.519242e+00	-3.341666e+00	-1.775759e-01
8.430000e-01	-1.582133e+00	1.559135e+00	-3.519822e+00	-3.342044e+00	-1.777780e-01
8.440000e-01	-1.582308e+00	1.559226e+00	-3.520529e+00	-3.342573e+00	-1.779566e-01
8.450000e-01	-1.582462e+00	1.559291e+00	-3.521195e+00	-3.343060e+00	-1.781351e-01
8.460000e-01	-1.582684e+00	1.559427e+00	-3.521952e+00	-3.343660e+00	-1.782926e-01
8.470000e-01	-1.582888e+00	1.559538e+00	-3.522682e+00	-3.344229e+00	-1.784531e-01
8.480000e-01	-1.583147e+00	1.559711e+00	-3.523491e+00	-3.344892e+00	-1.785986e-01
8.490000e-01	-1.583380e+00	1.559855e+00	-3.524240e+00	-3.345500e+00	-1.787401e-01
8.500000e-01	-1.583683e+00	1.560074e+00	-3.525093e+00	-3.346230e+00	-1.788630e-01
8.510000e-01	-1.583955e+00	1.560259e+00	-3.525880e+00	-3.346895e+00	-1.789853e-01
8.520000e-01	-1.584288e+00	1.560510e+00	-3.526756e+00	-3.347666e+00	-1.790900e-01
8.530000e-01	-1.584605e+00	1.560742e+00	-3.527589e+00	-3.348400e+00	-1.791890e-01
8.540000e-01	-1.584971e+00	1.561029e+00	-3.528488e+00	-3.349215e+00	-1.792728e-01
8.550000e-01	-1.585311e+00	1.561288e+00	-3.529326e+00	-3.349974e+00	-1.793517e-01
8.560000e-01	-1.585705e+00	1.561610e+00	-3.530224e+00	-3.350817e+00	-1.794067e-01
8.570000e-01	-1.586058e+00	1.561891e+00	-3.531039e+00	-3.351578e+00	-1.794615e-01
8.580000e-01	-1.586459e+00	1.562228e+00	-3.531906e+00	-3.352411e+00	-1.794943e-01
8.590000e-01	-1.586821e+00	1.562525e+00	-3.532702e+00	-3.353172e+00	-1.795297e-01
8.600000e-01	-1.587239e+00	1.562885e+00	-3.533564e+00	-3.354020e+00	-1.795433e-01
8.610000e-01	-1.587610e+00	1.563200e+00	-3.534326e+00	-3.354773e+00	-1.795529e-01
8.620000e-01	-1.588045e+00	1.563585e+00	-3.535174e+00	-3.355632e+00	-1.795423e-01
8.630000e-01	-1.588436e+00	1.563928e+00	-3.535941e+00	-3.356407e+00	-1.795342e-01
8.640000e-01	-1.588878e+00	1.564330e+00	-3.536754e+00	-3.357255e+00	-1.794995e-01
8.650000e-01	-1.589271e+00	1.564687e+00	-3.537459e+00	-3.358000e+00	-1.794585e-01
8.660000e-01	-1.589715e+00	1.565101e+00	-3.538228e+00	-3.358829e+00	-1.793989e-01
8.670000e-01	-1.590103e+00	1.565464e+00	-3.538871e+00	-3.359538e+00	-1.793328e-01
8.680000e-01	-1.590558e+00	1.565900e+00	-3.539610e+00	-3.360363e+00	-1.792475e-01
8.690000e-01	-1.590969e+00	1.566297e+00	-3.540246e+00	-3.361092e+00	-1.791545e-01
8.700000e-01	-1.591440e+00	1.566758e+00	-3.540955e+00	-3.361918e+00	-1.790379e-01
8.710000e-01	-1.591856e+00	1.567168e+00	-3.541549e+00	-3.362631e+00	-1.789179e-01
8.720000e-01	-1.592346e+00	1.567658e+00	-3.542251e+00	-3.363472e+00	-1.787793e-01
8.730000e-01	-1.592766e+00	1.568082e+00	-3.542806e+00	-3.364169e+00	-1.786370e-01
8.740000e-01	-1.593254e+00	1.568579e+00	-3.543468e+00	-3.364988e+00	-1.784796e-01
8.750000e-01	-1.593667e+00	1.569006e+00	-3.543983e+00	-3.365659e+00	-1.783243e-01
8.760000e-01	-1.594144e+00	1.569501e+00	-3.544584e+00	-3.366436e+00	-1.781482e-01
8.770000e-01	-1.594558e+00	1.569939e+00	-3.545058e+00	-3.367087e+00	-1.779703e-01
8.780000e-01	-1.595037e+00	1.570447e+00	-3.545623e+00	-3.367848e+00	-1.777747e-01
8.790000e-01	-1.595444e+00	1.570890e+00	-3.546046e+00	-3.368467e+00	-1.775787e-01
8.800000e-01	-1.595926e+00	1.571411e+00	-3.546586e+00	-3.369219e+00	-1.773671e-01
8.810000e-01	-1.596326e+00	1.571855e+00	-3.546949e+00	-3.369801e+00	-1.771485e-01
8.820000e-01	-1.596786e+00	1.572363e+00	-3.547411e+00	-3.370492e+00	-1.769194e-01
8.830000e-01	-1.597183e+00	1.572812e+00	-3.547742e+00	-3.371054e+00	-1.766880e-01
8.840000e-01	-1.597644e+00	1.573330e+00	-3.548185e+00	-3.371737e+00	-1.764479e-01
8.850000e-01	-1.598026e+00	1.573771e+00	-3.548478e+00	-3.372265e+00	-1.762135e-01
8.860000e-01	-1.598463e+00	1.574273e+00	-3.548854e+00	-3.372890e+00	-1.759638e-01
8.870000e-01	-1.598806e+00	1.574682e+00	-3.549057e+00	-3.373335e+00	-1.757223e-01
8.880000e-01	-1.599221e+00	1.575171e+00	-3.549367e+00	-3.373904e+00	-1.754631e-01
8.890000e-01	-1.599564e+00	1.575591e+00	-3.549544e+00	-3.374336e+00	-1.752079e-01
8.900000e-01	-1.599970e+00	1.576079e+00	-3.549826e+00	-3.374883e+00	-1.749433e-01
8.910000e-01	-1.600295e+00	1.576486e+00	-3.549948e+00	-3.375269e+00	-1.746793e-01
8.920000e-01	-1.600681e+00	1.576962e+00	-3.550168e+00	-3.375765e+00	-1.744029e-01
8.930000e-01	-1.600967e+00	1.577336e+00	-3.550209e+00	-3.376072e+00	-1.741368e-01
8.940000e-01	-1.601310e+00	1.577772e+00	-3.550356e+00	-3.376488e+00	-1.738686e-01
8.950000e-01	-1.601553e+00	1.578108e+00	-3.550329e+00	-3.376718e+00	-1.736111e-01
8.960000e-01	-1.601850e+00	1.578502e+00	-3.550389e+00	-3.377044e+00	-1.733449e-01
8.970000e-01	-1.602063e+00	1.578809e+00	-3.550300e+00	-3.377213e+00	-1.730871e-01
8.980000e-01	-1.602340e+00	1.579190e+00	-3.550312e+00	-3.377496e+00	-1.728161e-01
8.990000e-01	-1.602524e+00	1.579477e+00	-3.550154e+00	-3.377601e+00	-1.725537e-01
9.000000e-01	-1.602775e+00	1.579840e+00	-3.550119e+00	-3.377835e+00	-1.722844e-01
9.010000e-01	-1.602936e+00	1.580104e+00	-3.549927e+00	-3.377900e+00	-1.720272e-01
9.020000e-01	-1.603149e+00	1.580426e+00	-3.549823e+00	-3.378060e+00	-1.717630e-01
9.030000e-01	-1.603260e+00	1.580643e+00	-3.549543e+00	-3.378031e+00	-1.715114e-01
9.040000e-01	-1.603447e+00	1.580941e+00	-3.549406e+00	-3.378151e+00	-1.712558e-01
9.050000e-01	-1.603549e+00	1.581150e+00	-3.549113e+00	-3.378106e+00	-1.710074e-01
9.060000e-01	-1.603712e+00	1.581426e+00	-3.548918e+00	-3.378171e+00	-1.707464e-01
9.070000e-01	-1.603793e+00	1.581616e+00	-3.548584e+00	-3.378086e+00	-1.704987e-01
9.080000e-01	-1.603951e+00	1.581886e+00	-3.548386e+00	-3.378144e+00	-1.702423e-01
9.090000e-01	-1.604005e+00	1.582044e+00	-3.548013e+00	-3.378012e+00	-1.700016e-01
9.100000e-01	-1.604137e+00	1.582287e+00	-3.547775e+00	-3.378024e+00	-1.697507e-01
9.110000e-01	-1.604170e+00	1.582428e+00	-3.547363e+00	-3.377852e+00	-1.695115e-01
9.120000e-01	-1.604289e+00	1.582657e+00	-3.547104e+00	-3.377841e+00	-1.692631e-01
9.130000e-01	-1.604312e+00	1.582784e+00	-3.546687e+00	-3.377655e+00	-1.690320e-01
9.140000e-01	-1.604403e+00	1.582984e+00	-3.546389e+00	-3.377598e+00	-1.687911e-01
9.150000e-01	-1.604386e+00	1.583067e+00	-3.545916e+00	-3.377344e+00	-1.685721e-01
9.160000e-01	-1.604459e+00	1.583244e+00	-3.545617e+00	-3.377267e+00	-1.683494e-01
9.170000e-01	-1.604424e+00	1.583307e+00	-3.545133e+00	-3.376991e+00	-1.681421e-01
9.180000e-01	-1.604462e+00	1.583445e+00	-3.544772e+00	-3.376847e+00	-1.679243e-01
9.190000e-01	-1.604400e+00	1.583481e+00	-3.544237e+00	-3.376519e+00	-1.677187e-01
9.200000e-01	-1.604414e+00	1.583597e+00	-3.543852e+00	-3.376340e+00	-1.675115e-01
9.210000e-01	-1.604311e+00	1.583587e+00	-3.543258e+00	-3.375940e+00	-1.673182e-01
9.220000e-01	-1.604302e+00	1.583676e+00	-3.542854e+00	-3.375729e+00	-1.671249e-01
9.230000e-01	-1.604194e+00	1.583661e+00	-3.542283e+00	-3.375335e+00	-1.669479e-01
9.240000e-01	-1.604171e+00	1.583735e+00	-3.541863e+00	-3.375103e+00	-1.667603e-01
9.250000e-01	-1.604043e+00	1.583695e+00	-3.541262e+00	-3.374674e+00	-1.665881e-01
9.260000e-01	-1.603985e+00	1.583730e+00	-3.540786e+00	-3.374378e+00	-1.664084e-01
9.270000e-01	-1.603812e+00	1.583643e+00	-3.540129e+00	-3.373876e+00	-1.662527e-01
9.280000e-01	-1.603733e+00	1.583652e+00	-3.539656e+00	-3.373561e+00	-1.660951e-01
9.290000e-01	-1.603541e+00	1.583538e+00	-3.538986e+00	-3.373033e+00	-1.659522e-01
9.300000e-01	-1.603434e+00	1.583515e+00	-3.538481e+00	-3.372674e+00	-1.658067e-01
9.310000e-01	-1.603235e+00	1.583392e+00	-3.537824e+00	-3.372147e+00	-1.656770e-01
9.320000e-01	-1.603132e+00	1.583368e+00	-3.537338e+00	-3.371801e+00	-1.655373e-01
9.330000e-01	-1.602931e+00	1.583236e+00	-3.536689e+00	-3.371275e+00	-1.654141e-01
9.340000e-01	-1.602793e+00	1.583176e+00	-3.536168e+00	-3.370877e+00	-1.652908e-01
9.350000e-01	-1.602574e+00	1.583024e+00	-3.535500e+00	-3.370323e+00	-1.651762e-01
9.360000e-01	-1.602441e+00	1.582962e+00	-3.534993e+00	-3.369937e+00	-1.650555e-01
9.370000e-01	-1.602213e+00	1.582793e+00	-3.534330e+00	-3.369378e+00	-1.649516e-01
9.380000e-01	-1.602059e+00	1.582706e+00	-3.533808e+00	-3.368963e+00	-1.648452e-01
9.390000e-01	-1.601841e+00	1.582543e+00	-3.533190e+00	-3.368436e+00	-1.647537e-01
9.400000e-01	-1.601701e+00	1.582465e+00	-3.532718e+00	-3.368060e+00	-1.646585e-01
9.410000e-01	-1.601476e+00	1.582289e+00	-3.532113e+00	-3.367533e+00	-1.645806e-01
9.420000e-01	-1.601304e+00	1.582175e+00	-3.531605e+00	-3.367106e+00	-1.644987e-01
9.430000e-01	-1.601058e+00	1.581976e+00	-3.530974e+00	-3.366545e+00	-1.644289e-01
9.440000e-01	-1.600890e+00	1.581860e+00	-3.530499e+00	-3.366139e+00	-1.643596e-01
9.450000e-01	-1.600644e+00	1.581655e+00	-3.529894e+00	-3.365591e+00	-1.643030e-01
9.460000e-01	-1.600444e+00	1.581509e+00	-3.529374e+00	-3.365131e+00	-1.642434e-01
9.470000e-01	-1.600197e+00	1.581299e+00	-3.528783e+00	-3.364589e+00	-1.641946e-01
9.480000e-01	-1.599998e+00	1.581146e+00	-3.528286e+00	-3.364142e+00	-1.641446e-01
9.490000e-01	-1.599720e+00	1.580900e+00	-3.527666e+00	-3.363553e+00	-1.641129e-01
9.500000e-01	-1.599498e+00	1.580722e+00	-3.527160e+00	-3.363078e+00	-1.640824e-01
9.510000e-01	-1.599232e+00	1.580485e+00	-3.526582e+00	-3.362523e+00	-1.640590e-01
9.520000e-01	-1.599010e+00	1.580301e+00	-3.526086e+00	-3.362053e+00	-1.640334e-01
9.530000e-01	-1.598715e+00	1.580033e+00	-3.525466e+00	-3.361448e+00	-1.640177e-01
9.540000e-01	-1.598466e+00	1.579818e+00	-3.524939e+00	-3.360935e+00	-1.640036e-01
9.550000e-01	-1.598169e+00	1.579543e+00	-3.524344e+00	-3.360341e+00	-1.640036e-01
9.560000e-01	-1.597914e+00	1.579320e+00	-3.523835e+00	-3.359831e+00	-1.640041e-01
9.570000e-01	-1.597593e+00	1.579018e+00	-3.523209e+00	-3.359198e+00	-1.640112e-01
9.580000e-01	-1.597339e+00	1.578788e+00	-3.522713e+00	-3.358696e+00	-1.640172e-01
9.590000e-01	-1.597039e+00	1.578502e+00	-3.522145e+00	-3.358111e+00	-1.640335e-01
9.600000e-01	-1.596779e+00	1.578261e+00	-3.521654e+00	-3.357606e+00	-1.640480e-01
9.610000e-01	-1.596472e+00	1.577963e+00	-3.521084e+00	-3.357014e+00	-1.640700e-01
9.620000e-01	-1.596213e+00	1.577717e+00	-3.520610e+00	-3.356518e+00	-1.640922e-01
9.630000e-01	-1.595897e+00	1.577406e+00	-3.520042e+00	-3.355918e+00	-1.641234e-01
9.640000e-01	-1.595655e+00	1.577172e+00	-3.519618e+00	-3.355464e+00	-1.641545e-01
9.650000e-01	-1.595362e+00	1.576879e+00	-3.519105e+00	-3.354915e+00	-1.641906e-01
9.660000e-01	-1.595126e+00	1.576646e+00	-3.518705e+00	-3.354479e+00	-1.642264e-01
9.670000e-01	-1.594844e+00	1.576360e+00	-3.518231e+00	-3.353959e+00	-1.642713e-01
9.680000e-01	-1.594621e+00	1.576138e+00	-3.517858e+00	-3.353550e+00	-1.643074e-01
9.690000e-01	-1.594339e+00	1.575848e+00	-3.517395e+00	-3.353036e+00	-1.643588e-01
9.700000e-01	-1.594122e+00	1.575626e+00	-3.517054e+00	-3.352649e+00	-1.644050e-01
9.710000e-01	-1.593851e+00	1.575345e+00	-3.516628e+00	-3.352165e+00	-1.644634e-01
9.720000e-01	-1.593644e+00	1.575131e+00	-3.516311e+00	-3.351799e+00	-1.645118e-01
9.730000e-01	-1.593386e+00	1.574859e+00	-3.515921e+00	-3.351346e+00	-1.645747e-01
9.740000e-01	-1.593194e+00	1.574658e+00	-3.515653e+00	-3.351021e+00	-1.646322e-01
9.750000e-01	-1.592931e+00	1.574380e+00	-3.515269e+00	-3.350566e+00	-1.647037e-01
9.760000e-01	-1.592739e+00	1.574174e+00	-3.515020e+00	-3.350249e+00	-1.647707e-01
9.770000e-01	-1.592467e+00	1.573884e+00	-3.514635e+00	-3.349785e+00	-1.648508e-01
9.780000e-01	-1.592260e+00	1.573661e+00	-3.514371e+00	-3.349445e+00	-1.649255e-01
9.790000e-01	-1.591993e+00	1.573374e+00	-3.514008e+00	-3.348997e+00	-1.650110e-01
9.800000e-01	-1.591787e+00	1.573147e+00	-3.513773e+00	-3.348674e+00	-1.650997e-01
9.810000e-01	-1.591509e+00	1.572848e+00	-3.513416e+00	-3.348217e+00	-1.651984e-01
9.820000e-01	-1.591316e+00	1.572635e+00	-3.513203e+00	-3.347917e+00	-1.652852e-01
9.830000e-01	-1.591039e+00	1.572335e+00	-3.512845e+00	-3.347462e+00	-1.653838e-01
9.840000e-01	-1.590827e+00	1.572100e+00	-3.512608e+00	-3.347131e+00	-1.654770e-01
9.850000e-01	-1.590544e+00	1.571793e+00	-3.512254e+00	-3.346672e+00	-1.655828e-01
9.860000e-01	-1.590336e+00	1.571560e+00	-3.512042e+00	-3.346357e+00	-1.656844e-01
9.870000e-01	-1.590051e+00	1.571246e+00	-3.511699e+00	-3.345901e+00	-1.657984e-01
9.880000e-01	-1.589858e+00	1.571024e+00	-3.511517e+00	-3.345616e+00	-1.659007e-01
9.890000e-01	-1.589601e+00	1.570733e+00	-3.511241e+00	-3.345221e+00	-1.660196e-01
9.900000e-01	-1.589422e+00	1.570519e+00	-3.511104e+00	-3.344974e+00	-1.661303e-01
9.910000e-01	-1.589167e+00	1.570226e+00	-3.510845e+00	-3.344590e+00	-1.662552e-01
9.920000e-01	-1.589001e+00	1.570020e+00	-3.510735e+00	-3.344369e+00	-1.663663e-01
9.930000e-01	-1.588759e+00	1.569735e+00	-3.510499e+00	-3.344009e+00	-1.664900e-01
9.940000e-01	-1.588619e+00	1.569552e+00	-3.510447e+00	-3.343843e+00	-1.666043e-01
9.950000e-01	-1.588405e+00	1.569290e+00	-3.510277e+00	-3.343544e+00	-1.667333e-01
9.960000e-01	-1.588295e+00	1.569132e+00	-3.510280e+00	-3.343435e+00	-1.668448e-01
9.970000e-01	-1.588130e+00	1.568914e+00	-3.510195e+00	-3.343227e+00	-1.669679e-01
9.980000e-01	-1.588058e+00	1.568792e+00	-3.510270e+00	-3.343193e+00	-1.670774e-01
9.990000e-01	-1.587922e+00	1.568600e+00	-3.510247e+00	-3.343045e+00	-1.672017e-01
1.000000e+00	-1.587882e+00	1.568505e+00	-3.510390e+00	-3.343077e+00	-1.673133e-01
