# Force coefficients
# liftDir    : (0.000000e+00 1.000000e+00 0.000000e+00)
# dragDir    : (1.000000e+00 0.000000e+00 0.000000e+00)
# pitchAxis  : (0.000000e+00 0.000000e+00 1.000000e+00)
# magUInf    : 5.148000e+01
# lRef       : 4.530000e-01
# Aref       : 4.348800e-01
# CofR       : (0.000000e+00 0.000000e+00 0.000000e+00)
# Time       	Cm           	Cd           	Cl           	Cl(f)        	Cl(r)        	Cm	Cd	Cl	Cl(f)	Cl(r)
1.000000e-03	-1.775159e-03	1.969496e-03	-3.034279e-03	-3.292299e-03	2.580202e-04
2.000000e-03	-1.158079e-02	1.322570e-02	-2.105313e-02	-2.210736e-02	1.054227e-03
3.000000e-03	-1.993289e-02	2.274666e-02	-3.800623e-02	-3.893601e-02	9.297777e-04
4.000000e-03	-2.209235e-02	2.514439e-02	-4.404261e-02	-4.411366e-02	7.104353e-05
5.000000e-03	-2.250029e-02	2.530579e-02	-4.747015e-02	-4.623537e-02	-1.234781e-03
6.000000e-03	-2.335177e-02	2.567044e-02	-5.204680e-02	-4.937517e-02	-2.671632e-03
7.000000e-03	-2.500599e-02	2.675946e-02	-5.818960e-02	-5.410078e-02	-4.088811e-03
8.000000e-03	-2.872610e-02	3.009031e-02	-6.798202e-02	-6.271711e-02	-5.264915e-03
9.000000e-03	-3.392516e-02	3.507906e-02	-8.044145e-02	-7.414588e-02	-6.295565e-03
1.000000e-02	-3.950997e-02	4.057955e-02	-9.354710e-02	-8.628351e-02	-7.263581e-03
1.100000e-02	-4.452118e-02	4.548533e-02	-1.056286e-01	-9.733547e-02	-8.293111e-03
1.200000e-02	-4.936485e-02	5.025227e-02	-1.174603e-01	-1.080950e-01	-9.365307e-03
1.300000e-02	-5.375559e-02	5.456078e-02	-1.285243e-01	-1.180178e-01	-1.050658e-02
1.400000e-02	-5.810592e-02	5.882511e-02	-1.396506e-01	-1.279312e-01	-1.171937e-02
1.500000e-02	-6.329912e-02	6.403604e-02	-1.525009e-01	-1.395496e-01	-1.295135e-02
1.600000e-02	-6.988549e-02	7.076836e-02	-1.682292e-01	-1.540001e-01	-1.422912e-02
1.700000e-02	-7.785138e-02	7.890648e-02	-1.870935e-01	-1.713981e-01	-1.569540e-02
1.800000e-02	-8.688830e-02	8.806877e-02	-2.086882e-01	-1.912324e-01	-1.745580e-02
1.900000e-02	-9.613445e-02	9.730618e-02	-2.313791e-01	-2.118240e-01	-1.955509e-02
2.000000e-02	-1.051931e-01	1.061893e-01	-2.542654e-01	-2.323258e-01	-2.193963e-02
2.100000e-02	-1.136798e-01	1.143587e-01	-2.763741e-01	-2.518668e-01	-2.450729e-02
2.200000e-02	-1.216008e-01	1.218578e-01	-2.974975e-01	-2.703495e-01	-2.714790e-02
2.300000e-02	-1.294924e-01	1.292789e-01	-3.185496e-01	-2.887672e-01	-2.978235e-02
2.400000e-02	-1.379788e-01	1.372763e-01	-3.406897e-01	-3.083236e-01	-3.236608e-02
2.500000e-02	-1.476711e-01	1.465180e-01	-3.653259e-01	-3.303341e-01	-3.499187e-02
2.600000e-02	-1.585235e-01	1.569615e-01	-3.925088e-01	-3.547779e-01	-3.773092e-02
2.700000e-02	-1.705338e-01	1.686189e-01	-4.223461e-01	-3.817068e-01	-4.063928e-02
2.800000e-02	-1.834404e-01	1.811995e-01	-4.543862e-01	-4.106335e-01	-4.375265e-02
2.900000e-02	-1.968949e-01	1.943681e-01	-4.878768e-01	-4.408333e-01	-4.704356e-02
3.000000e-02	-2.105295e-01	2.076881e-01	-5.220839e-01	-4.715714e-01	-5.051247e-02
3.100000e-02	-2.241508e-01	2.209946e-01	-5.565425e-01	-5.024220e-01	-5.412050e-02
3.200000e-02	-2.378260e-01	2.343577e-01	-5.911255e-01	-5.333887e-01	-5.773679e-02
3.300000e-02	-2.516965e-01	2.479526e-01	-6.260189e-01	-5.647059e-01	-6.131299e-02
3.400000e-02	-2.661713e-01	2.621646e-01	-6.619578e-01	-5.971501e-01	-6.480762e-02
3.500000e-02	-2.814629e-01	2.772438e-01	-6.995420e-01	-6.312339e-01	-6.830808e-02
3.600000e-02	-2.974960e-01	2.931021e-01	-7.386500e-01	-6.668210e-01	-7.182904e-02
3.700000e-02	-3.140708e-01	3.095647e-01	-7.788114e-01	-7.034765e-01	-7.533489e-02
3.800000e-02	-3.311121e-01	3.265463e-01	-8.198231e-01	-7.410236e-01	-7.879947e-02
3.900000e-02	-3.488307e-01	3.442369e-01	-8.621826e-01	-7.799220e-01	-8.226064e-02
4.000000e-02	-3.672078e-01	3.626142e-01	-9.058204e-01	-8.201179e-01	-8.570241e-02
4.100000e-02	-3.861611e-01	3.815860e-01	-9.505921e-01	-8.614571e-01	-8.913498e-02
4.200000e-02	-4.053592e-01	4.008303e-01	-9.956479e-01	-9.031831e-01	-9.246477e-02
4.300000e-02	-4.246889e-01	4.202263e-01	-1.040643e+00	-9.450101e-01	-9.563237e-02
4.400000e-02	-4.442148e-01	4.398128e-01	-1.085592e+00	-9.870109e-01	-9.858138e-02
4.500000e-02	-4.638147e-01	4.594964e-01	-1.130209e+00	-1.028919e+00	-1.012899e-01
4.600000e-02	-4.834114e-01	4.792006e-01	-1.174156e+00	-1.070489e+00	-1.036666e-01
4.700000e-02	-5.029471e-01	4.989096e-01	-1.217204e+00	-1.111549e+00	-1.056550e-01
4.800000e-02	-5.224196e-01	5.186377e-01	-1.259312e+00	-1.152075e+00	-1.072362e-01
4.900000e-02	-5.416468e-01	5.382313e-01	-1.300086e+00	-1.191690e+00	-1.083964e-01
5.000000e-02	-5.607433e-01	5.577533e-01	-1.339878e+00	-1.230682e+00	-1.091957e-01
5.100000e-02	-5.794975e-01	5.769775e-01	-1.378476e+00	-1.268736e+00	-1.097405e-01
5.200000e-02	-5.977377e-01	5.956927e-01	-1.415660e+00	-1.305568e+00	-1.100924e-01
5.300000e-02	-6.152403e-01	6.136907e-01	-1.451030e+00	-1.340755e+00	-1.102747e-01
5.400000e-02	-6.317062e-01	6.307177e-01	-1.483709e+00	-1.373561e+00	-1.101484e-01
5.500000e-02	-6.466414e-01	6.462976e-01	-1.512571e+00	-1.402927e+00	-1.096443e-01
5.600000e-02	-6.603635e-01	6.607731e-01	-1.538025e+00	-1.429376e+00	-1.086490e-01
5.700000e-02	-6.726302e-01	6.739129e-01	-1.559568e+00	-1.452414e+00	-1.071539e-01
5.800000e-02	-6.838114e-01	6.860520e-01	-1.578111e+00	-1.472867e+00	-1.052442e-01
5.900000e-02	-6.942887e-01	6.975585e-01	-1.594559e+00	-1.491568e+00	-1.029910e-01
6.000000e-02	-7.045159e-01	7.088179e-01	-1.610138e+00	-1.509585e+00	-1.005533e-01
6.100000e-02	-7.143575e-01	7.196581e-01	-1.624819e+00	-1.526767e+00	-9.805189e-02
6.200000e-02	-7.241425e-01	7.303463e-01	-1.639512e+00	-1.543898e+00	-9.561332e-02
6.300000e-02	-7.338450e-01	7.408402e-01	-1.654287e+00	-1.560989e+00	-9.329864e-02
6.400000e-02	-7.435082e-01	7.511808e-01	-1.669262e+00	-1.578139e+00	-9.112294e-02
6.500000e-02	-7.531371e-01	7.613710e-01	-1.684540e+00	-1.595407e+00	-8.913318e-02
6.600000e-02	-7.626705e-01	7.713421e-01	-1.700187e+00	-1.612764e+00	-8.742314e-02
6.700000e-02	-7.718729e-01	7.808476e-01	-1.715902e+00	-1.629824e+00	-8.607791e-02
6.800000e-02	-7.806106e-01	7.897586e-01	-1.731588e+00	-1.646405e+00	-8.518363e-02
6.900000e-02	-7.890448e-01	7.982269e-01	-1.747591e+00	-1.662840e+00	-8.475053e-02
7.000000e-02	-7.974040e-01	8.064937e-01	-1.764344e+00	-1.679576e+00	-8.476796e-02
7.100000e-02	-8.057384e-01	8.146371e-01	-1.781750e+00	-1.696613e+00	-8.513648e-02
7.200000e-02	-8.141167e-01	8.227460e-01	-1.799787e+00	-1.714010e+00	-8.577684e-02
7.300000e-02	-8.225503e-01	8.308081e-01	-1.818498e+00	-1.731799e+00	-8.669855e-02
7.400000e-02	-8.310207e-01	8.387895e-01	-1.837888e+00	-1.749965e+00	-8.792315e-02
7.500000e-02	-8.396595e-01	8.468081e-01	-1.858376e+00	-1.768847e+00	-8.952838e-02
7.600000e-02	-8.486141e-01	8.549700e-01	-1.880343e+00	-1.788785e+00	-9.155720e-02
7.700000e-02	-8.577618e-01	8.631816e-01	-1.903411e+00	-1.809467e+00	-9.394365e-02
7.800000e-02	-8.670061e-01	8.713571e-01	-1.927271e+00	-1.830641e+00	-9.662915e-02
7.900000e-02	-8.766191e-01	8.798376e-01	-1.952156e+00	-1.852697e+00	-9.945896e-02
8.000000e-02	-8.870809e-01	8.891703e-01	-1.978675e+00	-1.876418e+00	-1.022564e-01
8.100000e-02	-8.986037e-01	8.995951e-01	-2.006987e+00	-1.902097e+00	-1.048898e-01
8.200000e-02	-9.104463e-01	9.104247e-01	-2.035864e+00	-1.928378e+00	-1.074857e-01
8.300000e-02	-9.217774e-01	9.207430e-01	-2.064040e+00	-1.953798e+00	-1.102428e-01
8.400000e-02	-9.325016e-01	9.304957e-01	-2.091428e+00	-1.978216e+00	-1.132125e-01
8.500000e-02	-9.431350e-01	9.401494e-01	-2.119161e+00	-2.002715e+00	-1.164454e-01
8.600000e-02	-9.527373e-01	9.488161e-01	-2.145679e+00	-2.025577e+00	-1.201023e-01
8.700000e-02	-9.603749e-01	9.554446e-01	-2.169448e+00	-2.045099e+00	-1.243491e-01
8.800000e-02	-9.661600e-01	9.601397e-01	-2.190767e+00	-2.061543e+00	-1.292234e-01
8.900000e-02	-9.700410e-01	9.628053e-01	-2.209328e+00	-2.074705e+00	-1.346230e-01
9.000000e-02	-9.719875e-01	9.634703e-01	-2.224779e+00	-2.084377e+00	-1.404021e-01
9.100000e-02	-9.722351e-01	9.623228e-01	-2.237403e+00	-2.090937e+00	-1.464663e-01
9.200000e-02	-9.713178e-01	9.600024e-01	-2.247766e+00	-2.095201e+00	-1.525651e-01
9.300000e-02	-9.706626e-01	9.579774e-01	-2.257979e+00	-2.099652e+00	-1.583269e-01
9.400000e-02	-9.715252e-01	9.576409e-01	-2.269815e+00	-2.106433e+00	-1.633823e-01
9.500000e-02	-9.745688e-01	9.595357e-01	-2.284800e+00	-2.116969e+00	-1.678312e-01
9.600000e-02	-9.792406e-01	9.631254e-01	-2.301936e+00	-2.130209e+00	-1.717274e-01
9.700000e-02	-9.852511e-01	9.679153e-01	-2.321424e+00	-2.145963e+00	-1.754609e-01
9.800000e-02	-9.921575e-01	9.734221e-01	-2.342630e+00	-2.163473e+00	-1.791575e-01
9.900000e-02	-9.994663e-01	9.791726e-01	-2.364510e+00	-2.181721e+00	-1.827888e-01
1.000000e-01	-1.007223e+00	9.852815e-01	-2.387057e+00	-2.200752e+00	-1.863052e-01
1.010000e-01	-1.015511e+00	9.920913e-01	-2.409818e+00	-2.220421e+00	-1.893976e-01
1.020000e-01	-1.024570e+00	1.000027e+00	-2.433006e+00	-2.241073e+00	-1.919328e-01
1.030000e-01	-1.035073e+00	1.009847e+00	-2.457827e+00	-2.263987e+00	-1.938400e-01
1.040000e-01	-1.046780e+00	1.021232e+00	-2.484097e+00	-2.288828e+00	-1.952687e-01
1.050000e-01	-1.059101e+00	1.033434e+00	-2.511270e+00	-2.314735e+00	-1.965344e-01
1.060000e-01	-1.071266e+00	1.045530e+00	-2.538326e+00	-2.340429e+00	-1.978967e-01
1.070000e-01	-1.082776e+00	1.056904e+00	-2.564726e+00	-2.365139e+00	-1.995876e-01
1.080000e-01	-1.093286e+00	1.067210e+00	-2.589825e+00	-2.388198e+00	-2.016266e-01
1.090000e-01	-1.102848e+00	1.076479e+00	-2.613694e+00	-2.409695e+00	-2.039987e-01
1.100000e-01	-1.111378e+00	1.084655e+00	-2.635968e+00	-2.429362e+00	-2.066054e-01
1.110000e-01	-1.118889e+00	1.091743e+00	-2.656622e+00	-2.447200e+00	-2.094223e-01
1.120000e-01	-1.125094e+00	1.097439e+00	-2.675038e+00	-2.462613e+00	-2.124255e-01
1.130000e-01	-1.130024e+00	1.101739e+00	-2.691382e+00	-2.475715e+00	-2.156673e-01
1.140000e-01	-1.133879e+00	1.104889e+00	-2.705866e+00	-2.486812e+00	-2.190538e-01
1.150000e-01	-1.137127e+00	1.107372e+00	-2.719292e+00	-2.496772e+00	-2.225191e-01
1.160000e-01	-1.140171e+00	1.109633e+00	-2.732189e+00	-2.506266e+00	-2.259230e-01
1.170000e-01	-1.143309e+00	1.111963e+00	-2.745053e+00	-2.515836e+00	-2.292171e-01
1.180000e-01	-1.146890e+00	1.114745e+00	-2.758332e+00	-2.526056e+00	-2.322762e-01
1.190000e-01	-1.150920e+00	1.117959e+00	-2.772142e+00	-2.536991e+00	-2.351510e-01
1.200000e-01	-1.155629e+00	1.121897e+00	-2.786675e+00	-2.548967e+00	-2.377082e-01
1.210000e-01	-1.160783e+00	1.126271e+00	-2.801743e+00	-2.561654e+00	-2.400885e-01
1.220000e-01	-1.166400e+00	1.131139e+00	-2.817173e+00	-2.574986e+00	-2.421867e-01
1.230000e-01	-1.172466e+00	1.136439e+00	-2.833090e+00	-2.589011e+00	-2.440791e-01
1.240000e-01	-1.179136e+00	1.142341e+00	-2.849675e+00	-2.603974e+00	-2.457014e-01
1.250000e-01	-1.186447e+00	1.148892e+00	-2.867128e+00	-2.620011e+00	-2.471166e-01
1.260000e-01	-1.194506e+00	1.156233e+00	-2.885488e+00	-2.637250e+00	-2.482374e-01
1.270000e-01	-1.203209e+00	1.164254e+00	-2.904746e+00	-2.655582e+00	-2.491635e-01
1.280000e-01	-1.212575e+00	1.173025e+00	-2.924794e+00	-2.674972e+00	-2.498225e-01
1.290000e-01	-1.222472e+00	1.182377e+00	-2.945610e+00	-2.695277e+00	-2.503327e-01
1.300000e-01	-1.233076e+00	1.192502e+00	-2.967397e+00	-2.716774e+00	-2.506224e-01
1.310000e-01	-1.244513e+00	1.203493e+00	-2.990567e+00	-2.739796e+00	-2.507709e-01
1.320000e-01	-1.256714e+00	1.215266e+00	-3.015066e+00	-2.764247e+00	-2.508189e-01
1.330000e-01	-1.269183e+00	1.227264e+00	-3.040247e+00	-2.789307e+00	-2.509406e-01
1.340000e-01	-1.281377e+00	1.238949e+00	-3.065192e+00	-2.813973e+00	-2.512187e-01
1.350000e-01	-1.293241e+00	1.250279e+00	-3.089843e+00	-2.838163e+00	-2.516799e-01
1.360000e-01	-1.304151e+00	1.260724e+00	-3.112888e+00	-2.860595e+00	-2.522927e-01
1.370000e-01	-1.313503e+00	1.269657e+00	-3.133407e+00	-2.880206e+00	-2.532009e-01
1.380000e-01	-1.320849e+00	1.276721e+00	-3.150363e+00	-2.896030e+00	-2.543321e-01
1.390000e-01	-1.325704e+00	1.281424e+00	-3.162915e+00	-2.907161e+00	-2.557540e-01
1.400000e-01	-1.328400e+00	1.284143e+00	-3.171362e+00	-2.914081e+00	-2.572810e-01
1.410000e-01	-1.329798e+00	1.285708e+00	-3.177182e+00	-2.918389e+00	-2.587929e-01
1.420000e-01	-1.331324e+00	1.287539e+00	-3.182691e+00	-2.922670e+00	-2.600215e-01
1.430000e-01	-1.333767e+00	1.290334e+00	-3.189438e+00	-2.928486e+00	-2.609517e-01
1.440000e-01	-1.337447e+00	1.294343e+00	-3.198108e+00	-2.936501e+00	-2.616072e-01
1.450000e-01	-1.341944e+00	1.299034e+00	-3.208382e+00	-2.946135e+00	-2.622471e-01
1.460000e-01	-1.346511e+00	1.303618e+00	-3.219116e+00	-2.956069e+00	-2.630465e-01
1.470000e-01	-1.350193e+00	1.307059e+00	-3.229007e+00	-2.964697e+00	-2.643107e-01
1.480000e-01	-1.352180e+00	1.308608e+00	-3.236471e+00	-2.970415e+00	-2.660554e-01
1.490000e-01	-1.352258e+00	1.308086e+00	-3.241002e+00	-2.972759e+00	-2.682426e-01
1.500000e-01	-1.351280e+00	1.306490e+00	-3.243454e+00	-2.973007e+00	-2.704472e-01
1.510000e-01	-1.350139e+00	1.304728e+00	-3.245162e+00	-2.972720e+00	-2.724417e-01
1.520000e-01	-1.350233e+00	1.304280e+00	-3.248140e+00	-2.974302e+00	-2.738372e-01
1.530000e-01	-1.352430e+00	1.306000e+00	-3.253975e+00	-2.979418e+00	-2.745572e-01
1.540000e-01	-1.356970e+00	1.310146e+00	-3.263088e+00	-2.988514e+00	-2.745739e-01
1.550000e-01	-1.363522e+00	1.316293e+00	-3.275320e+00	-3.001182e+00	-2.741381e-01
1.560000e-01	-1.371454e+00	1.323807e+00	-3.289739e+00	-3.016324e+00	-2.734152e-01
1.570000e-01	-1.380039e+00	1.331898e+00	-3.305457e+00	-3.032767e+00	-2.726891e-01
1.580000e-01	-1.388904e+00	1.340270e+00	-3.321725e+00	-3.049766e+00	-2.719587e-01
1.590000e-01	-1.397829e+00	1.348672e+00	-3.338336e+00	-3.066997e+00	-2.713390e-01
1.600000e-01	-1.406951e+00	1.357318e+00	-3.355340e+00	-3.084621e+00	-2.707188e-01
1.610000e-01	-1.416308e+00	1.366213e+00	-3.372916e+00	-3.102766e+00	-2.701497e-01
1.620000e-01	-1.425986e+00	1.375504e+00	-3.391031e+00	-3.121502e+00	-2.695293e-01
1.630000e-01	-1.435811e+00	1.384957e+00	-3.409569e+00	-3.140596e+00	-2.689732e-01
1.640000e-01	-1.445512e+00	1.394313e+00	-3.428017e+00	-3.159520e+00	-2.684970e-01
1.650000e-01	-1.454796e+00	1.403221e+00	-3.446023e+00	-3.177808e+00	-2.682148e-01
1.660000e-01	-1.463629e+00	1.411701e+00	-3.463346e+00	-3.195302e+00	-2.680441e-01
1.670000e-01	-1.472061e+00	1.419779e+00	-3.480153e+00	-3.212138e+00	-2.680149e-01
1.680000e-01	-1.480274e+00	1.427694e+00	-3.496575e+00	-3.228562e+00	-2.680130e-01
1.690000e-01	-1.488425e+00	1.435561e+00	-3.512990e+00	-3.244920e+00	-2.680697e-01
1.700000e-01	-1.496492e+00	1.443364e+00	-3.529309e+00	-3.261147e+00	-2.681621e-01
1.710000e-01	-1.504312e+00	1.450863e+00	-3.545447e+00	-3.277036e+00	-2.684112e-01
1.720000e-01	-1.511828e+00	1.458038e+00	-3.561185e+00	-3.292421e+00	-2.687641e-01
1.730000e-01	-1.518915e+00	1.464704e+00	-3.576445e+00	-3.307137e+00	-2.693077e-01
1.740000e-01	-1.525761e+00	1.471130e+00	-3.591330e+00	-3.321425e+00	-2.699041e-01
1.750000e-01	-1.532304e+00	1.477228e+00	-3.605816e+00	-3.335213e+00	-2.706038e-01
1.760000e-01	-1.538556e+00	1.483073e+00	-3.619729e+00	-3.348421e+00	-2.713081e-01
1.770000e-01	-1.544230e+00	1.488305e+00	-3.632772e+00	-3.360616e+00	-2.721557e-01
1.780000e-01	-1.549157e+00	1.492785e+00	-3.644555e+00	-3.371435e+00	-2.731202e-01
1.790000e-01	-1.553134e+00	1.496226e+00	-3.654909e+00	-3.380588e+00	-2.743208e-01
1.800000e-01	-1.556245e+00	1.498768e+00	-3.663784e+00	-3.388137e+00	-2.756464e-01
1.810000e-01	-1.558566e+00	1.500442e+00	-3.671374e+00	-3.394253e+00	-2.771206e-01
1.820000e-01	-1.560440e+00	1.501676e+00	-3.678018e+00	-3.399450e+00	-2.785689e-01
1.830000e-01	-1.562091e+00	1.502662e+00	-3.684167e+00	-3.404175e+00	-2.799921e-01
1.840000e-01	-1.563911e+00	1.503862e+00	-3.690297e+00	-3.409059e+00	-2.812381e-01
1.850000e-01	-1.565974e+00	1.505289e+00	-3.696705e+00	-3.414327e+00	-2.823778e-01
1.860000e-01	-1.568459e+00	1.507165e+00	-3.703586e+00	-3.420252e+00	-2.833342e-01
1.870000e-01	-1.571212e+00	1.509264e+00	-3.710887e+00	-3.426655e+00	-2.842320e-01
1.880000e-01	-1.574306e+00	1.511725e+00	-3.718631e+00	-3.433622e+00	-2.850097e-01
1.890000e-01	-1.577567e+00	1.514321e+00	-3.726667e+00	-3.440901e+00	-2.857666e-01
1.900000e-01	-1.581122e+00	1.517263e+00	-3.735066e+00	-3.448655e+00	-2.864110e-01
1.910000e-01	-1.584846e+00	1.520384e+00	-3.743721e+00	-3.456707e+00	-2.870143e-01
1.920000e-01	-1.588875e+00	1.523886e+00	-3.752736e+00	-3.465243e+00	-2.874929e-01
1.930000e-01	-1.593020e+00	1.527516e+00	-3.761935e+00	-3.473987e+00	-2.879477e-01
1.940000e-01	-1.597329e+00	1.531370e+00	-3.771318e+00	-3.482988e+00	-2.883294e-01
1.950000e-01	-1.601573e+00	1.535147e+00	-3.780647e+00	-3.491896e+00	-2.887509e-01
1.960000e-01	-1.605800e+00	1.538951e+00	-3.789931e+00	-3.500766e+00	-2.891651e-01
1.970000e-01	-1.609830e+00	1.542540e+00	-3.798973e+00	-3.509316e+00	-2.896565e-01
1.980000e-01	-1.613741e+00	1.546050e+00	-3.807782e+00	-3.517632e+00	-2.901504e-01
1.990000e-01	-1.617335e+00	1.549225e+00	-3.816151e+00	-3.525411e+00	-2.907402e-01
2.000000e-01	-1.620720e+00	1.552233e+00	-3.824142e+00	-3.532791e+00	-2.913510e-01
2.010000e-01	-1.623742e+00	1.554858e+00	-3.831592e+00	-3.539538e+00	-2.920538e-01
2.020000e-01	-1.626539e+00	1.557298e+00	-3.838610e+00	-3.545844e+00	-2.927663e-01
2.030000e-01	-1.628979e+00	1.559358e+00	-3.845083e+00	-3.551521e+00	-2.935622e-01
2.040000e-01	-1.631244e+00	1.561280e+00	-3.851192e+00	-3.556840e+00	-2.943524e-01
2.050000e-01	-1.633199e+00	1.562863e+00	-3.856797e+00	-3.561597e+00	-2.951995e-01
2.060000e-01	-1.635059e+00	1.564377e+00	-3.862155e+00	-3.566137e+00	-2.960186e-01
2.070000e-01	-1.636676e+00	1.565605e+00	-3.867123e+00	-3.570237e+00	-2.968858e-01
2.080000e-01	-1.638216e+00	1.566773e+00	-3.871863e+00	-3.574148e+00	-2.977155e-01
2.090000e-01	-1.639574e+00	1.567711e+00	-3.876313e+00	-3.577731e+00	-2.985827e-01
2.100000e-01	-1.640951e+00	1.568686e+00	-3.880688e+00	-3.581296e+00	-2.993927e-01
2.110000e-01	-1.642258e+00	1.569553e+00	-3.884930e+00	-3.584723e+00	-3.002067e-01
2.120000e-01	-1.643699e+00	1.570581e+00	-3.889258e+00	-3.588328e+00	-3.009298e-01
2.130000e-01	-1.645186e+00	1.571627e+00	-3.893631e+00	-3.592002e+00	-3.016297e-01
2.140000e-01	-1.646895e+00	1.572931e+00	-3.898229e+00	-3.596009e+00	-3.022199e-01
2.150000e-01	-1.648704e+00	1.574312e+00	-3.902959e+00	-3.600183e+00	-3.027761e-01
2.160000e-01	-1.650734e+00	1.575952e+00	-3.907935e+00	-3.604701e+00	-3.032334e-01
2.170000e-01	-1.652849e+00	1.577656e+00	-3.913053e+00	-3.609376e+00	-3.036772e-01
2.180000e-01	-1.655134e+00	1.579563e+00	-3.918349e+00	-3.614308e+00	-3.040404e-01
2.190000e-01	-1.657444e+00	1.581475e+00	-3.923696e+00	-3.619292e+00	-3.044040e-01
2.200000e-01	-1.659886e+00	1.583558e+00	-3.929156e+00	-3.624464e+00	-3.046919e-01
2.210000e-01	-1.662308e+00	1.585604e+00	-3.934584e+00	-3.629600e+00	-3.049834e-01
2.220000e-01	-1.664834e+00	1.587799e+00	-3.940069e+00	-3.634868e+00	-3.052000e-01
2.230000e-01	-1.667307e+00	1.589933e+00	-3.945482e+00	-3.640048e+00	-3.054342e-01
2.240000e-01	-1.669818e+00	1.592158e+00	-3.950852e+00	-3.645244e+00	-3.056073e-01
2.250000e-01	-1.672227e+00	1.594271e+00	-3.956072e+00	-3.650263e+00	-3.058091e-01
2.260000e-01	-1.674652e+00	1.596448e+00	-3.961201e+00	-3.655252e+00	-3.059490e-01
2.270000e-01	-1.676932e+00	1.598463e+00	-3.966120e+00	-3.659992e+00	-3.061282e-01
2.280000e-01	-1.679183e+00	1.600497e+00	-3.970874e+00	-3.664621e+00	-3.062538e-01
2.290000e-01	-1.681272e+00	1.602355e+00	-3.975391e+00	-3.668968e+00	-3.064229e-01
2.300000e-01	-1.683288e+00	1.604177e+00	-3.979685e+00	-3.673130e+00	-3.065549e-01
2.310000e-01	-1.685123e+00	1.605799e+00	-3.983725e+00	-3.676986e+00	-3.067395e-01
2.320000e-01	-1.686905e+00	1.607407e+00	-3.987569e+00	-3.680690e+00	-3.068795e-01
2.330000e-01	-1.688501e+00	1.608806e+00	-3.991139e+00	-3.684070e+00	-3.070688e-01
2.340000e-01	-1.690091e+00	1.610244e+00	-3.994555e+00	-3.687369e+00	-3.071868e-01
2.350000e-01	-1.691561e+00	1.611538e+00	-3.997800e+00	-3.690461e+00	-3.073388e-01
2.360000e-01	-1.693066e+00	1.612909e+00	-4.000953e+00	-3.693542e+00	-3.074109e-01
2.370000e-01	-1.694462e+00	1.614144e+00	-4.003960e+00	-3.696442e+00	-3.075175e-01
2.380000e-01	-1.695904e+00	1.615462e+00	-4.006908e+00	-3.699358e+00	-3.075500e-01
2.390000e-01	-1.697276e+00	1.616682e+00	-4.009786e+00	-3.702169e+00	-3.076167e-01
2.400000e-01	-1.698693e+00	1.617986e+00	-4.012592e+00	-3.704989e+00	-3.076033e-01
2.410000e-01	-1.700053e+00	1.619207e+00	-4.015339e+00	-3.707723e+00	-3.076162e-01
2.420000e-01	-1.701529e+00	1.620589e+00	-4.018114e+00	-3.710586e+00	-3.075280e-01
2.430000e-01	-1.702999e+00	1.621941e+00	-4.020909e+00	-3.713454e+00	-3.074554e-01
2.440000e-01	-1.704548e+00	1.623414e+00	-4.023675e+00	-3.716385e+00	-3.072894e-01
2.450000e-01	-1.706063e+00	1.624828e+00	-4.026424e+00	-3.719275e+00	-3.071488e-01
2.460000e-01	-1.707694e+00	1.626401e+00	-4.029229e+00	-3.722308e+00	-3.069209e-01
2.470000e-01	-1.709249e+00	1.627867e+00	-4.031974e+00	-3.725236e+00	-3.067374e-01
2.480000e-01	-1.710870e+00	1.629447e+00	-4.034673e+00	-3.728207e+00	-3.064666e-01
2.490000e-01	-1.712417e+00	1.630928e+00	-4.037304e+00	-3.731069e+00	-3.062350e-01
2.500000e-01	-1.714036e+00	1.632527e+00	-4.039914e+00	-3.733993e+00	-3.059213e-01
2.510000e-01	-1.715591e+00	1.634035e+00	-4.042462e+00	-3.736822e+00	-3.056400e-01
2.520000e-01	-1.717202e+00	1.635648e+00	-4.044960e+00	-3.739682e+00	-3.052779e-01
2.530000e-01	-1.718710e+00	1.637134e+00	-4.047342e+00	-3.742381e+00	-3.049611e-01
2.540000e-01	-1.720276e+00	1.638726e+00	-4.049687e+00	-3.745120e+00	-3.045678e-01
2.550000e-01	-1.721746e+00	1.640195e+00	-4.051930e+00	-3.747711e+00	-3.042193e-01
2.560000e-01	-1.723238e+00	1.641728e+00	-4.054080e+00	-3.750278e+00	-3.038015e-01
2.570000e-01	-1.724631e+00	1.643129e+00	-4.056127e+00	-3.752694e+00	-3.034327e-01
2.580000e-01	-1.726069e+00	1.644624e+00	-4.058116e+00	-3.755127e+00	-3.029883e-01
2.590000e-01	-1.727376e+00	1.645955e+00	-4.059951e+00	-3.757352e+00	-3.025995e-01
2.600000e-01	-1.728731e+00	1.647378e+00	-4.061718e+00	-3.759590e+00	-3.021283e-01
2.610000e-01	-1.729992e+00	1.648680e+00	-4.063391e+00	-3.761687e+00	-3.017037e-01
2.620000e-01	-1.731312e+00	1.650084e+00	-4.065015e+00	-3.763819e+00	-3.011957e-01
2.630000e-01	-1.732539e+00	1.651368e+00	-4.066548e+00	-3.765813e+00	-3.007352e-01
2.640000e-01	-1.733844e+00	1.652773e+00	-4.068081e+00	-3.767885e+00	-3.001960e-01
2.650000e-01	-1.735043e+00	1.654038e+00	-4.069517e+00	-3.769802e+00	-2.997150e-01
2.660000e-01	-1.736296e+00	1.655397e+00	-4.070887e+00	-3.771740e+00	-2.991471e-01
2.670000e-01	-1.737461e+00	1.656642e+00	-4.072176e+00	-3.773549e+00	-2.986267e-01
2.680000e-01	-1.738702e+00	1.658003e+00	-4.073447e+00	-3.775426e+00	-2.980212e-01
2.690000e-01	-1.739864e+00	1.659254e+00	-4.074662e+00	-3.777195e+00	-2.974672e-01
2.700000e-01	-1.741107e+00	1.660631e+00	-4.075856e+00	-3.779035e+00	-2.968206e-01
2.710000e-01	-1.742268e+00	1.661895e+00	-4.076994e+00	-3.780765e+00	-2.962295e-01
2.720000e-01	-1.743510e+00	1.663286e+00	-4.078125e+00	-3.782573e+00	-2.955524e-01
2.730000e-01	-1.744674e+00	1.664570e+00	-4.079205e+00	-3.784277e+00	-2.949281e-01
2.740000e-01	-1.745919e+00	1.665975e+00	-4.080276e+00	-3.786057e+00	-2.942195e-01
2.750000e-01	-1.747082e+00	1.667269e+00	-4.081299e+00	-3.787732e+00	-2.935676e-01
2.760000e-01	-1.748294e+00	1.668659e+00	-4.082258e+00	-3.789423e+00	-2.928348e-01
2.770000e-01	-1.749426e+00	1.669937e+00	-4.083170e+00	-3.791011e+00	-2.921595e-01
2.780000e-01	-1.750618e+00	1.671318e+00	-4.084042e+00	-3.792639e+00	-2.914029e-01
2.790000e-01	-1.751720e+00	1.672577e+00	-4.084835e+00	-3.794137e+00	-2.906973e-01
2.800000e-01	-1.752891e+00	1.673947e+00	-4.085598e+00	-3.795690e+00	-2.899084e-01
2.810000e-01	-1.753972e+00	1.675200e+00	-4.086277e+00	-3.797111e+00	-2.891664e-01
2.820000e-01	-1.755109e+00	1.676552e+00	-4.086910e+00	-3.798564e+00	-2.883459e-01
2.830000e-01	-1.756165e+00	1.677791e+00	-4.087484e+00	-3.799907e+00	-2.875769e-01
2.840000e-01	-1.757282e+00	1.679134e+00	-4.087991e+00	-3.801277e+00	-2.867140e-01
2.850000e-01	-1.758328e+00	1.680380e+00	-4.088442e+00	-3.802549e+00	-2.858932e-01
2.860000e-01	-1.759449e+00	1.681745e+00	-4.088856e+00	-3.803877e+00	-2.849787e-01
2.870000e-01	-1.760497e+00	1.683008e+00	-4.089211e+00	-3.805102e+00	-2.841089e-01
2.880000e-01	-1.761597e+00	1.684367e+00	-4.089509e+00	-3.806352e+00	-2.831574e-01
2.890000e-01	-1.762629e+00	1.685629e+00	-4.089763e+00	-3.807510e+00	-2.822524e-01
2.900000e-01	-1.763731e+00	1.687005e+00	-4.089981e+00	-3.808722e+00	-2.812593e-01
2.910000e-01	-1.764774e+00	1.688298e+00	-4.090164e+00	-3.809856e+00	-2.803080e-01
2.920000e-01	-1.765887e+00	1.689705e+00	-4.090290e+00	-3.811032e+00	-2.792575e-01
2.930000e-01	-1.766951e+00	1.691040e+00	-4.090401e+00	-3.812152e+00	-2.782490e-01
2.940000e-01	-1.768091e+00	1.692496e+00	-4.090479e+00	-3.813330e+00	-2.771480e-01
2.950000e-01	-1.769161e+00	1.693855e+00	-4.090524e+00	-3.814423e+00	-2.761011e-01
2.960000e-01	-1.770293e+00	1.695320e+00	-4.090529e+00	-3.815557e+00	-2.749716e-01
2.970000e-01	-1.771318e+00	1.696655e+00	-4.090437e+00	-3.816537e+00	-2.739004e-01
2.980000e-01	-1.772414e+00	1.698108e+00	-4.090330e+00	-3.817579e+00	-2.727506e-01
2.990000e-01	-1.773411e+00	1.699441e+00	-4.090126e+00	-3.818474e+00	-2.716514e-01
3.000000e-01	-1.774471e+00	1.700880e+00	-4.089896e+00	-3.819419e+00	-2.704767e-01
3.010000e-01	-1.775446e+00	1.702215e+00	-4.089580e+00	-3.820236e+00	-2.693438e-01
3.020000e-01	-1.776484e+00	1.703658e+00	-4.089207e+00	-3.821087e+00	-2.681201e-01
3.030000e-01	-1.777421e+00	1.704983e+00	-4.088739e+00	-3.821791e+00	-2.669485e-01
3.040000e-01	-1.778399e+00	1.706391e+00	-4.088194e+00	-3.822496e+00	-2.656985e-01
3.050000e-01	-1.779273e+00	1.707668e+00	-4.087551e+00	-3.823048e+00	-2.645030e-01
3.060000e-01	-1.780193e+00	1.709044e+00	-4.086821e+00	-3.823603e+00	-2.632178e-01
3.070000e-01	-1.780986e+00	1.710270e+00	-4.085954e+00	-3.823963e+00	-2.619914e-01
3.080000e-01	-1.781806e+00	1.711573e+00	-4.084978e+00	-3.824295e+00	-2.606826e-01
3.090000e-01	-1.782519e+00	1.712748e+00	-4.083898e+00	-3.824468e+00	-2.594296e-01
3.100000e-01	-1.783279e+00	1.714015e+00	-4.082744e+00	-3.824651e+00	-2.580928e-01
3.110000e-01	-1.783932e+00	1.715150e+00	-4.081489e+00	-3.824677e+00	-2.568124e-01
3.120000e-01	-1.784614e+00	1.716366e+00	-4.080116e+00	-3.824672e+00	-2.554445e-01
3.130000e-01	-1.785183e+00	1.717449e+00	-4.078628e+00	-3.824497e+00	-2.541311e-01
3.140000e-01	-1.785791e+00	1.718617e+00	-4.077063e+00	-3.824322e+00	-2.527407e-01
3.150000e-01	-1.786270e+00	1.719634e+00	-4.075380e+00	-3.823960e+00	-2.514197e-01
3.160000e-01	-1.786759e+00	1.720704e+00	-4.073577e+00	-3.823548e+00	-2.500298e-01
3.170000e-01	-1.787108e+00	1.721607e+00	-4.071634e+00	-3.822925e+00	-2.487087e-01
3.180000e-01	-1.787476e+00	1.722585e+00	-4.069527e+00	-3.822239e+00	-2.472877e-01
3.190000e-01	-1.787742e+00	1.723439e+00	-4.067310e+00	-3.821398e+00	-2.459128e-01
3.200000e-01	-1.788055e+00	1.724393e+00	-4.064979e+00	-3.820544e+00	-2.444346e-01
3.210000e-01	-1.788313e+00	1.725275e+00	-4.062648e+00	-3.819638e+00	-2.430108e-01
3.220000e-01	-1.788621e+00	1.726258e+00	-4.060265e+00	-3.818753e+00	-2.415115e-01
3.230000e-01	-1.788834e+00	1.727125e+00	-4.057847e+00	-3.817757e+00	-2.400898e-01
3.240000e-01	-1.789071e+00	1.728067e+00	-4.055371e+00	-3.816757e+00	-2.386139e-01
3.250000e-01	-1.789169e+00	1.728838e+00	-4.052792e+00	-3.815565e+00	-2.372266e-01
3.260000e-01	-1.789309e+00	1.729690e+00	-4.050160e+00	-3.814389e+00	-2.357712e-01
3.270000e-01	-1.789339e+00	1.730398e+00	-4.047451e+00	-3.813065e+00	-2.343860e-01
3.280000e-01	-1.789399e+00	1.731166e+00	-4.044685e+00	-3.811741e+00	-2.329433e-01
3.290000e-01	-1.789346e+00	1.731792e+00	-4.041807e+00	-3.810250e+00	-2.315577e-01
3.300000e-01	-1.789351e+00	1.732521e+00	-4.038875e+00	-3.808788e+00	-2.300871e-01
3.310000e-01	-1.789250e+00	1.733111e+00	-4.035860e+00	-3.807180e+00	-2.286802e-01
3.320000e-01	-1.789182e+00	1.733764e+00	-4.032772e+00	-3.805568e+00	-2.272039e-01
3.330000e-01	-1.789024e+00	1.734289e+00	-4.029606e+00	-3.803827e+00	-2.257784e-01
3.340000e-01	-1.788958e+00	1.734932e+00	-4.026470e+00	-3.802193e+00	-2.242767e-01
3.350000e-01	-1.788856e+00	1.735492e+00	-4.023388e+00	-3.800550e+00	-2.228376e-01
3.360000e-01	-1.788898e+00	1.736222e+00	-4.020405e+00	-3.799100e+00	-2.213048e-01
3.370000e-01	-1.788944e+00	1.736913e+00	-4.017520e+00	-3.797704e+00	-2.198160e-01
3.380000e-01	-1.789133e+00	1.737771e+00	-4.014764e+00	-3.796515e+00	-2.182497e-01
3.390000e-01	-1.789335e+00	1.738597e+00	-4.012150e+00	-3.795410e+00	-2.167401e-01
3.400000e-01	-1.789675e+00	1.739574e+00	-4.009645e+00	-3.794497e+00	-2.151478e-01
3.410000e-01	-1.790054e+00	1.740541e+00	-4.007287e+00	-3.793697e+00	-2.135897e-01
3.420000e-01	-1.790547e+00	1.741635e+00	-4.005000e+00	-3.793047e+00	-2.119533e-01
3.430000e-01	-1.791057e+00	1.742692e+00	-4.002860e+00	-3.792487e+00	-2.103726e-01
3.440000e-01	-1.791724e+00	1.743922e+00	-4.000829e+00	-3.792138e+00	-2.086904e-01
3.450000e-01	-1.792474e+00	1.745194e+00	-3.999019e+00	-3.791984e+00	-2.070352e-01
3.460000e-01	-1.793410e+00	1.746682e+00	-3.997355e+00	-3.792088e+00	-2.052671e-01
3.470000e-01	-1.794376e+00	1.748161e+00	-3.995798e+00	-3.792276e+00	-2.035228e-01
3.480000e-01	-1.795510e+00	1.749835e+00	-3.994363e+00	-3.792692e+00	-2.016717e-01
3.490000e-01	-1.796706e+00	1.751537e+00	-3.993100e+00	-3.793256e+00	-1.998436e-01
3.500000e-01	-1.798069e+00	1.753447e+00	-3.991918e+00	-3.794028e+00	-1.978903e-01
3.510000e-01	-1.799470e+00	1.755375e+00	-3.990871e+00	-3.794905e+00	-1.959656e-01
3.520000e-01	-1.800990e+00	1.757462e+00	-3.989863e+00	-3.795921e+00	-1.939420e-01
3.530000e-01	-1.802493e+00	1.759515e+00	-3.988912e+00	-3.796949e+00	-1.919627e-01
3.540000e-01	-1.804051e+00	1.761667e+00	-3.987961e+00	-3.798032e+00	-1.899293e-01
3.550000e-01	-1.805475e+00	1.763669e+00	-3.986942e+00	-3.798947e+00	-1.879957e-01
3.560000e-01	-1.806887e+00	1.765713e+00	-3.985775e+00	-3.799775e+00	-1.860003e-01
3.570000e-01	-1.808074e+00	1.767522e+00	-3.984325e+00	-3.800237e+00	-1.840884e-01
3.580000e-01	-1.809179e+00	1.769306e+00	-3.982551e+00	-3.800454e+00	-1.820968e-01
3.590000e-01	-1.809966e+00	1.770772e+00	-3.980284e+00	-3.800108e+00	-1.801755e-01
3.600000e-01	-1.810625e+00	1.772176e+00	-3.977611e+00	-3.799430e+00	-1.781807e-01
3.610000e-01	-1.810919e+00	1.773228e+00	-3.974341e+00	-3.798089e+00	-1.762520e-01
3.620000e-01	-1.811063e+00	1.774208e+00	-3.970593e+00	-3.796360e+00	-1.742331e-01
3.630000e-01	-1.810790e+00	1.774783e+00	-3.966178e+00	-3.793879e+00	-1.722989e-01
3.640000e-01	-1.810320e+00	1.775226e+00	-3.961279e+00	-3.790960e+00	-1.703194e-01
3.650000e-01	-1.809423e+00	1.775251e+00	-3.955712e+00	-3.787279e+00	-1.684329e-01
3.660000e-01	-1.808352e+00	1.775157e+00	-3.949701e+00	-3.783203e+00	-1.664982e-01
3.670000e-01	-1.806834e+00	1.774609e+00	-3.943019e+00	-3.778343e+00	-1.646762e-01
3.680000e-01	-1.805200e+00	1.773987e+00	-3.936003e+00	-3.773201e+00	-1.628016e-01
3.690000e-01	-1.803152e+00	1.772939e+00	-3.928334e+00	-3.767319e+00	-1.610156e-01
3.700000e-01	-1.800984e+00	1.771808e+00	-3.920345e+00	-3.761157e+00	-1.591879e-01
3.710000e-01	-1.798440e+00	1.770290e+00	-3.911774e+00	-3.754327e+00	-1.574466e-01
3.720000e-01	-1.795826e+00	1.768734e+00	-3.902947e+00	-3.747300e+00	-1.556476e-01
3.730000e-01	-1.792871e+00	1.766817e+00	-3.893612e+00	-3.739677e+00	-1.539348e-01
3.740000e-01	-1.789955e+00	1.764966e+00	-3.884203e+00	-3.732057e+00	-1.521460e-01
3.750000e-01	-1.786775e+00	1.762819e+00	-3.874427e+00	-3.723988e+00	-1.504390e-01
3.760000e-01	-1.783706e+00	1.760794e+00	-3.864734e+00	-3.716073e+00	-1.486609e-01
3.770000e-01	-1.780494e+00	1.758579e+00	-3.854899e+00	-3.707943e+00	-1.469558e-01
3.780000e-01	-1.777464e+00	1.756544e+00	-3.845258e+00	-3.700093e+00	-1.451655e-01
3.790000e-01	-1.774288e+00	1.754306e+00	-3.835514e+00	-3.692045e+00	-1.434690e-01
3.800000e-01	-1.771340e+00	1.752287e+00	-3.826070e+00	-3.684375e+00	-1.416944e-01
3.810000e-01	-1.768416e+00	1.750230e+00	-3.816813e+00	-3.676823e+00	-1.399901e-01
3.820000e-01	-1.765898e+00	1.748576e+00	-3.808161e+00	-3.669979e+00	-1.381823e-01
3.830000e-01	-1.763451e+00	1.746941e+00	-3.799785e+00	-3.663344e+00	-1.364410e-01
3.840000e-01	-1.761352e+00	1.745630e+00	-3.791993e+00	-3.657348e+00	-1.346451e-01
3.850000e-01	-1.759280e+00	1.744273e+00	-3.784459e+00	-3.651510e+00	-1.329493e-01
3.860000e-01	-1.757530e+00	1.743215e+00	-3.777485e+00	-3.646272e+00	-1.312123e-01
3.870000e-01	-1.755864e+00	1.742157e+00	-3.770896e+00	-3.641312e+00	-1.295839e-01
3.880000e-01	-1.754531e+00	1.741417e+00	-3.764904e+00	-3.636983e+00	-1.279206e-01
3.890000e-01	-1.753321e+00	1.740722e+00	-3.759374e+00	-3.633008e+00	-1.263656e-01
3.900000e-01	-1.752402e+00	1.740305e+00	-3.754358e+00	-3.629581e+00	-1.247764e-01
3.910000e-01	-1.751603e+00	1.739944e+00	-3.749801e+00	-3.626504e+00	-1.232970e-01
3.920000e-01	-1.751079e+00	1.739847e+00	-3.745745e+00	-3.623951e+00	-1.217938e-01
3.930000e-01	-1.750548e+00	1.739682e+00	-3.741970e+00	-3.621533e+00	-1.204364e-01
3.940000e-01	-1.750237e+00	1.739747e+00	-3.738621e+00	-3.619548e+00	-1.190728e-01
3.950000e-01	-1.749974e+00	1.739821e+00	-3.735619e+00	-3.617784e+00	-1.178352e-01
3.960000e-01	-1.749859e+00	1.740068e+00	-3.732879e+00	-3.616298e+00	-1.165807e-01
3.970000e-01	-1.749683e+00	1.740218e+00	-3.730318e+00	-3.614842e+00	-1.154756e-01
3.980000e-01	-1.749534e+00	1.740411e+00	-3.727851e+00	-3.613459e+00	-1.143919e-01
3.990000e-01	-1.749139e+00	1.740316e+00	-3.725280e+00	-3.611779e+00	-1.135009e-01
4.000000e-01	-1.748657e+00	1.740152e+00	-3.722594e+00	-3.609954e+00	-1.126407e-01
4.010000e-01	-1.747903e+00	1.739687e+00	-3.719702e+00	-3.607754e+00	-1.119473e-01
4.020000e-01	-1.746998e+00	1.739099e+00	-3.716531e+00	-3.605263e+00	-1.112680e-01
4.030000e-01	-1.745767e+00	1.738163e+00	-3.713035e+00	-3.602285e+00	-1.107503e-01
4.040000e-01	-1.744390e+00	1.737111e+00	-3.709267e+00	-3.599024e+00	-1.102432e-01
4.050000e-01	-1.742696e+00	1.735714e+00	-3.705190e+00	-3.595291e+00	-1.098990e-01
4.060000e-01	-1.740876e+00	1.734219e+00	-3.700851e+00	-3.591301e+00	-1.095495e-01
4.070000e-01	-1.738734e+00	1.732367e+00	-3.696186e+00	-3.586827e+00	-1.093590e-01
4.080000e-01	-1.736460e+00	1.730398e+00	-3.691270e+00	-3.582095e+00	-1.091750e-01
4.090000e-01	-1.733895e+00	1.728106e+00	-3.686038e+00	-3.576914e+00	-1.091241e-01
4.100000e-01	-1.731217e+00	1.725713e+00	-3.680578e+00	-3.571507e+00	-1.090717e-01
4.110000e-01	-1.728263e+00	1.723001e+00	-3.674841e+00	-3.565683e+00	-1.091577e-01
4.120000e-01	-1.725261e+00	1.720243e+00	-3.668990e+00	-3.559756e+00	-1.092341e-01
4.130000e-01	-1.722055e+00	1.717233e+00	-3.662970e+00	-3.553540e+00	-1.094301e-01
4.140000e-01	-1.718893e+00	1.714277e+00	-3.656975e+00	-3.547381e+00	-1.095947e-01
4.150000e-01	-1.715702e+00	1.711251e+00	-3.651073e+00	-3.541239e+00	-1.098342e-01
4.160000e-01	-1.712634e+00	1.708338e+00	-3.645343e+00	-3.535305e+00	-1.100378e-01
4.170000e-01	-1.709494e+00	1.705286e+00	-3.639696e+00	-3.529342e+00	-1.103538e-01
4.180000e-01	-1.706489e+00	1.702343e+00	-3.634281e+00	-3.523630e+00	-1.106510e-01
4.190000e-01	-1.703493e+00	1.699332e+00	-3.629104e+00	-3.518045e+00	-1.110593e-01
4.200000e-01	-1.700751e+00	1.696565e+00	-3.624323e+00	-3.512913e+00	-1.114103e-01
4.210000e-01	-1.698129e+00	1.693875e+00	-3.619925e+00	-3.508091e+00	-1.118338e-01
4.220000e-01	-1.695743e+00	1.691417e+00	-3.615891e+00	-3.503688e+00	-1.122026e-01
4.230000e-01	-1.693351e+00	1.688911e+00	-3.612027e+00	-3.499365e+00	-1.126622e-01
4.240000e-01	-1.691270e+00	1.686718e+00	-3.608609e+00	-3.495575e+00	-1.130340e-01
4.250000e-01	-1.689215e+00	1.684511e+00	-3.605441e+00	-3.491935e+00	-1.135051e-01
4.260000e-01	-1.687343e+00	1.682481e+00	-3.602530e+00	-3.488609e+00	-1.139220e-01
4.270000e-01	-1.685536e+00	1.680483e+00	-3.599947e+00	-3.485509e+00	-1.144376e-01
4.280000e-01	-1.683887e+00	1.678641e+00	-3.597613e+00	-3.482694e+00	-1.149192e-01
4.290000e-01	-1.682234e+00	1.676768e+00	-3.595507e+00	-3.479988e+00	-1.155193e-01
4.300000e-01	-1.680677e+00	1.675007e+00	-3.593516e+00	-3.477435e+00	-1.160815e-01
4.310000e-01	-1.679096e+00	1.673214e+00	-3.591685e+00	-3.474939e+00	-1.167468e-01
4.320000e-01	-1.677531e+00	1.671478e+00	-3.589809e+00	-3.472436e+00	-1.173730e-01
4.330000e-01	-1.675870e+00	1.669636e+00	-3.587992e+00	-3.469865e+00	-1.181263e-01
4.340000e-01	-1.674086e+00	1.667705e+00	-3.585931e+00	-3.467051e+00	-1.188797e-01
4.350000e-01	-1.672139e+00	1.665609e+00	-3.583794e+00	-3.464036e+00	-1.197584e-01
4.360000e-01	-1.669973e+00	1.663332e+00	-3.581238e+00	-3.460592e+00	-1.206454e-01
4.370000e-01	-1.667485e+00	1.660718e+00	-3.578388e+00	-3.456679e+00	-1.217092e-01
4.380000e-01	-1.664739e+00	1.657891e+00	-3.575023e+00	-3.452250e+00	-1.227728e-01
4.390000e-01	-1.661753e+00	1.654820e+00	-3.571447e+00	-3.447476e+00	-1.239710e-01
4.400000e-01	-1.658521e+00	1.651542e+00	-3.567346e+00	-3.442194e+00	-1.251516e-01
4.410000e-01	-1.655025e+00	1.647975e+00	-3.562993e+00	-3.436521e+00	-1.264715e-01
4.420000e-01	-1.651156e+00	1.644064e+00	-3.557919e+00	-3.430116e+00	-1.278032e-01
4.430000e-01	-1.646965e+00	1.639790e+00	-3.552579e+00	-3.423255e+00	-1.293244e-01
4.440000e-01	-1.642403e+00	1.635158e+00	-3.546543e+00	-3.415674e+00	-1.308691e-01
4.450000e-01	-1.637663e+00	1.630313e+00	-3.540417e+00	-3.407872e+00	-1.325459e-01
4.460000e-01	-1.632672e+00	1.625234e+00	-3.533759e+00	-3.399551e+00	-1.342079e-01
4.470000e-01	-1.627553e+00	1.619971e+00	-3.527131e+00	-3.391118e+00	-1.360131e-01
4.480000e-01	-1.622275e+00	1.614562e+00	-3.520121e+00	-3.382335e+00	-1.377857e-01
4.490000e-01	-1.617030e+00	1.609114e+00	-3.513388e+00	-3.373724e+00	-1.396643e-01
4.500000e-01	-1.611754e+00	1.603620e+00	-3.506495e+00	-3.365001e+00	-1.414938e-01
4.510000e-01	-1.606648e+00	1.598237e+00	-3.500111e+00	-3.356703e+00	-1.434077e-01
4.520000e-01	-1.601606e+00	1.592911e+00	-3.493739e+00	-3.348475e+00	-1.452639e-01
4.530000e-01	-1.596807e+00	1.587773e+00	-3.488018e+00	-3.340816e+00	-1.472015e-01
4.540000e-01	-1.592252e+00	1.582890e+00	-3.482549e+00	-3.333526e+00	-1.490230e-01
4.550000e-01	-1.588075e+00	1.578336e+00	-3.477903e+00	-3.327027e+00	-1.508766e-01
4.560000e-01	-1.584093e+00	1.573962e+00	-3.473508e+00	-3.320847e+00	-1.526603e-01
4.570000e-01	-1.580391e+00	1.569798e+00	-3.469901e+00	-3.315341e+00	-1.545598e-01
4.580000e-01	-1.576858e+00	1.565778e+00	-3.466562e+00	-3.310139e+00	-1.564226e-01
4.590000e-01	-1.573633e+00	1.561990e+00	-3.463993e+00	-3.305630e+00	-1.583634e-01
4.600000e-01	-1.570637e+00	1.558420e+00	-3.461754e+00	-3.301514e+00	-1.602399e-01
4.610000e-01	-1.567953e+00	1.555107e+00	-3.460304e+00	-3.298105e+00	-1.621987e-01
4.620000e-01	-1.565505e+00	1.552055e+00	-3.459189e+00	-3.295099e+00	-1.640898e-01
4.630000e-01	-1.563392e+00	1.549315e+00	-3.458891e+00	-3.292837e+00	-1.660532e-01
4.640000e-01	-1.561551e+00	1.546886e+00	-3.458934e+00	-3.291018e+00	-1.679160e-01
4.650000e-01	-1.559933e+00	1.544647e+00	-3.459583e+00	-3.289725e+00	-1.698584e-01
4.660000e-01	-1.558362e+00	1.542469e+00	-3.460256e+00	-3.288489e+00	-1.717662e-01
4.670000e-01	-1.556837e+00	1.540281e+00	-3.461304e+00	-3.287489e+00	-1.738147e-01
4.680000e-01	-1.555293e+00	1.538071e+00	-3.462282e+00	-3.286434e+00	-1.758478e-01
4.690000e-01	-1.553809e+00	1.535855e+00	-3.463648e+00	-3.285633e+00	-1.780151e-01
4.700000e-01	-1.552394e+00	1.533714e+00	-3.465077e+00	-3.284932e+00	-1.801447e-01
4.710000e-01	-1.551019e+00	1.531558e+00	-3.466818e+00	-3.284428e+00	-1.823903e-01
4.720000e-01	-1.549694e+00	1.529472e+00	-3.468540e+00	-3.283964e+00	-1.845764e-01
4.730000e-01	-1.548412e+00	1.527400e+00	-3.470503e+00	-3.283663e+00	-1.868391e-01
4.740000e-01	-1.547194e+00	1.525419e+00	-3.472430e+00	-3.283408e+00	-1.890212e-01
4.750000e-01	-1.546026e+00	1.523449e+00	-3.474611e+00	-3.283331e+00	-1.912802e-01
4.760000e-01	-1.544916e+00	1.521545e+00	-3.476776e+00	-3.283304e+00	-1.934718e-01
4.770000e-01	-1.543793e+00	1.519571e+00	-3.479122e+00	-3.283354e+00	-1.957683e-01
4.780000e-01	-1.542759e+00	1.517689e+00	-3.481497e+00	-3.283507e+00	-1.979898e-01
4.790000e-01	-1.541794e+00	1.515831e+00	-3.484150e+00	-3.283869e+00	-2.002811e-01
4.800000e-01	-1.541034e+00	1.514204e+00	-3.486964e+00	-3.284516e+00	-2.024479e-01
4.810000e-01	-1.540414e+00	1.512686e+00	-3.490134e+00	-3.285480e+00	-2.046531e-01
4.820000e-01	-1.540022e+00	1.511420e+00	-3.493523e+00	-3.286783e+00	-2.067397e-01
4.830000e-01	-1.539685e+00	1.510169e+00	-3.497178e+00	-3.288274e+00	-2.089045e-01
4.840000e-01	-1.539501e+00	1.509098e+00	-3.500953e+00	-3.289978e+00	-2.109757e-01
4.850000e-01	-1.539349e+00	1.508035e+00	-3.504954e+00	-3.291826e+00	-2.131278e-01
4.860000e-01	-1.539347e+00	1.507156e+00	-3.509041e+00	-3.293867e+00	-2.151742e-01
4.870000e-01	-1.539374e+00	1.506302e+00	-3.513311e+00	-3.296030e+00	-2.172811e-01
4.880000e-01	-1.539573e+00	1.505671e+00	-3.517675e+00	-3.298410e+00	-2.192649e-01
4.890000e-01	-1.539820e+00	1.505089e+00	-3.522197e+00	-3.300919e+00	-2.212786e-01
4.900000e-01	-1.540206e+00	1.504686e+00	-3.526799e+00	-3.303605e+00	-2.231934e-01
4.910000e-01	-1.540556e+00	1.504231e+00	-3.531466e+00	-3.306289e+00	-2.251770e-01
4.920000e-01	-1.540993e+00	1.503884e+00	-3.536177e+00	-3.309081e+00	-2.270955e-01
4.930000e-01	-1.541360e+00	1.503442e+00	-3.540909e+00	-3.311815e+00	-2.290947e-01
4.940000e-01	-1.541778e+00	1.503070e+00	-3.545626e+00	-3.314591e+00	-2.310353e-01
4.950000e-01	-1.542119e+00	1.502601e+00	-3.550328e+00	-3.317283e+00	-2.330450e-01
4.960000e-01	-1.542526e+00	1.502230e+00	-3.555003e+00	-3.320027e+00	-2.349760e-01
4.970000e-01	-1.542915e+00	1.501829e+00	-3.559734e+00	-3.322782e+00	-2.369514e-01
4.980000e-01	-1.543428e+00	1.501577e+00	-3.564505e+00	-3.325681e+00	-2.388243e-01
4.990000e-01	-1.543916e+00	1.501288e+00	-3.569309e+00	-3.328571e+00	-2.407381e-01
5.000000e-01	-1.544535e+00	1.501146e+00	-3.574186e+00	-3.331628e+00	-2.425577e-01
5.010000e-01	-1.545175e+00	1.501004e+00	-3.579163e+00	-3.334757e+00	-2.444062e-01
5.020000e-01	-1.545977e+00	1.501043e+00	-3.584268e+00	-3.338111e+00	-2.461568e-01
5.030000e-01	-1.546822e+00	1.501107e+00	-3.589511e+00	-3.341577e+00	-2.479332e-01
5.040000e-01	-1.547874e+00	1.501394e+00	-3.594933e+00	-3.345340e+00	-2.495928e-01
5.050000e-01	-1.548980e+00	1.501720e+00	-3.600502e+00	-3.349231e+00	-2.512705e-01
5.060000e-01	-1.550257e+00	1.502241e+00	-3.606191e+00	-3.353353e+00	-2.528383e-01
5.070000e-01	-1.551614e+00	1.502826e+00	-3.612055e+00	-3.357641e+00	-2.544137e-01
5.080000e-01	-1.553181e+00	1.503650e+00	-3.618099e+00	-3.362230e+00	-2.558684e-01
5.090000e-01	-1.554831e+00	1.504540e+00	-3.624339e+00	-3.367001e+00	-2.573384e-01
5.100000e-01	-1.556710e+00	1.505693e+00	-3.630784e+00	-3.372102e+00	-2.586821e-01
5.110000e-01	-1.558678e+00	1.506926e+00	-3.637448e+00	-3.377401e+00	-2.600461e-01
5.120000e-01	-1.560815e+00	1.508367e+00	-3.644217e+00	-3.382923e+00	-2.612936e-01
5.130000e-01	-1.563000e+00	1.509846e+00	-3.651129e+00	-3.388564e+00	-2.625651e-01
5.140000e-01	-1.565311e+00	1.511491e+00	-3.658086e+00	-3.394354e+00	-2.637316e-01
5.150000e-01	-1.567654e+00	1.513158e+00	-3.665177e+00	-3.400243e+00	-2.649340e-01
5.160000e-01	-1.570084e+00	1.514948e+00	-3.672248e+00	-3.406208e+00	-2.660399e-01
5.170000e-01	-1.572515e+00	1.516727e+00	-3.679425e+00	-3.412227e+00	-2.671973e-01
5.180000e-01	-1.574938e+00	1.518532e+00	-3.686463e+00	-3.418170e+00	-2.682934e-01
5.190000e-01	-1.577317e+00	1.520281e+00	-3.693508e+00	-3.424070e+00	-2.694372e-01
5.200000e-01	-1.579616e+00	1.521982e+00	-3.700279e+00	-3.429755e+00	-2.705236e-01
5.210000e-01	-1.581866e+00	1.523629e+00	-3.707046e+00	-3.435389e+00	-2.716565e-01
5.220000e-01	-1.584028e+00	1.525228e+00	-3.713476e+00	-3.440766e+00	-2.727097e-01
5.230000e-01	-1.586161e+00	1.526800e+00	-3.719911e+00	-3.446117e+00	-2.737942e-01
5.240000e-01	-1.588206e+00	1.528325e+00	-3.726015e+00	-3.451213e+00	-2.748018e-01
5.250000e-01	-1.590241e+00	1.529835e+00	-3.732158e+00	-3.456320e+00	-2.758379e-01
5.260000e-01	-1.592182e+00	1.531283e+00	-3.737969e+00	-3.461166e+00	-2.768030e-01
5.270000e-01	-1.594070e+00	1.532666e+00	-3.743760e+00	-3.465950e+00	-2.778097e-01
5.280000e-01	-1.595866e+00	1.533986e+00	-3.749230e+00	-3.470481e+00	-2.787486e-01
5.290000e-01	-1.597628e+00	1.535258e+00	-3.754702e+00	-3.474979e+00	-2.797227e-01
5.300000e-01	-1.599308e+00	1.536482e+00	-3.759867e+00	-3.479242e+00	-2.806249e-01
5.310000e-01	-1.600968e+00	1.537673e+00	-3.765048e+00	-3.483493e+00	-2.815556e-01
5.320000e-01	-1.602575e+00	1.538849e+00	-3.769953e+00	-3.487552e+00	-2.824012e-01
5.330000e-01	-1.604190e+00	1.540022e+00	-3.774907e+00	-3.491643e+00	-2.832636e-01
5.340000e-01	-1.605767e+00	1.541195e+00	-3.779607e+00	-3.495570e+00	-2.840367e-01
5.350000e-01	-1.607357e+00	1.542364e+00	-3.784378e+00	-3.499546e+00	-2.848321e-01
5.360000e-01	-1.608935e+00	1.543549e+00	-3.788949e+00	-3.503410e+00	-2.855393e-01
5.370000e-01	-1.610541e+00	1.544742e+00	-3.793622e+00	-3.507352e+00	-2.862699e-01
5.380000e-01	-1.612162e+00	1.545982e+00	-3.798145e+00	-3.511235e+00	-2.869109e-01
5.390000e-01	-1.613822e+00	1.547246e+00	-3.802786e+00	-3.515214e+00	-2.875713e-01
5.400000e-01	-1.615521e+00	1.548592e+00	-3.807301e+00	-3.519172e+00	-2.881290e-01
5.410000e-01	-1.617258e+00	1.549959e+00	-3.811923e+00	-3.523220e+00	-2.887037e-01
5.420000e-01	-1.619025e+00	1.551392e+00	-3.816420e+00	-3.527235e+00	-2.891846e-01
5.430000e-01	-1.620802e+00	1.552814e+00	-3.820985e+00	-3.531295e+00	-2.896901e-01
5.440000e-01	-1.622605e+00	1.554295e+00	-3.825417e+00	-3.535314e+00	-2.901031e-01
5.450000e-01	-1.624411e+00	1.555761e+00	-3.829922e+00	-3.539373e+00	-2.905498e-01
5.460000e-01	-1.626261e+00	1.557308e+00	-3.834311e+00	-3.543416e+00	-2.908944e-01
5.470000e-01	-1.628128e+00	1.558853e+00	-3.838792e+00	-3.547524e+00	-2.912677e-01
5.480000e-01	-1.630065e+00	1.560506e+00	-3.843203e+00	-3.551667e+00	-2.915363e-01
5.490000e-01	-1.632017e+00	1.562160e+00	-3.847696e+00	-3.555866e+00	-2.918308e-01
5.500000e-01	-1.634025e+00	1.563910e+00	-3.852104e+00	-3.560077e+00	-2.920271e-01
5.510000e-01	-1.636029e+00	1.565645e+00	-3.856551e+00	-3.564304e+00	-2.922466e-01
5.520000e-01	-1.638084e+00	1.567473e+00	-3.860920e+00	-3.568545e+00	-2.923757e-01
5.530000e-01	-1.640124e+00	1.569271e+00	-3.865332e+00	-3.572790e+00	-2.925416e-01
5.540000e-01	-1.642192e+00	1.571133e+00	-3.869619e+00	-3.577002e+00	-2.926173e-01
5.550000e-01	-1.644234e+00	1.572952e+00	-3.873935e+00	-3.581201e+00	-2.927336e-01
5.560000e-01	-1.646290e+00	1.574820e+00	-3.878115e+00	-3.585348e+00	-2.927673e-01
5.570000e-01	-1.648305e+00	1.576628e+00	-3.882295e+00	-3.589452e+00	-2.928431e-01
5.580000e-01	-1.650347e+00	1.578504e+00	-3.886348e+00	-3.593521e+00	-2.928271e-01
5.590000e-01	-1.652330e+00	1.580306e+00	-3.890363e+00	-3.597511e+00	-2.928518e-01
5.600000e-01	-1.654327e+00	1.582156e+00	-3.894232e+00	-3.601443e+00	-2.927895e-01
5.610000e-01	-1.656251e+00	1.583922e+00	-3.898039e+00	-3.605271e+00	-2.927681e-01
5.620000e-01	-1.658209e+00	1.585756e+00	-3.901737e+00	-3.609078e+00	-2.926594e-01
5.630000e-01	-1.660111e+00	1.587521e+00	-3.905419e+00	-3.612821e+00	-2.925986e-01
5.640000e-01	-1.662061e+00	1.589367e+00	-3.909018e+00	-3.616570e+00	-2.924485e-01
5.650000e-01	-1.663977e+00	1.591166e+00	-3.912624e+00	-3.620289e+00	-2.923354e-01
5.660000e-01	-1.665928e+00	1.593036e+00	-3.916112e+00	-3.623984e+00	-2.921286e-01
5.670000e-01	-1.667820e+00	1.594828e+00	-3.919564e+00	-3.627601e+00	-2.919623e-01
5.680000e-01	-1.669744e+00	1.596684e+00	-3.922921e+00	-3.631204e+00	-2.917167e-01
5.690000e-01	-1.671607e+00	1.598457e+00	-3.926260e+00	-3.634736e+00	-2.915232e-01
5.700000e-01	-1.673501e+00	1.600300e+00	-3.929488e+00	-3.638245e+00	-2.912425e-01
5.710000e-01	-1.675319e+00	1.602040e+00	-3.932664e+00	-3.641651e+00	-2.910135e-01
5.720000e-01	-1.677209e+00	1.603894e+00	-3.935802e+00	-3.645110e+00	-2.906919e-01
5.730000e-01	-1.679046e+00	1.605669e+00	-3.938923e+00	-3.648507e+00	-2.904156e-01
5.740000e-01	-1.680913e+00	1.607515e+00	-3.941937e+00	-3.651881e+00	-2.900555e-01
5.750000e-01	-1.682728e+00	1.609291e+00	-3.944939e+00	-3.655197e+00	-2.897420e-01
5.760000e-01	-1.684599e+00	1.611161e+00	-3.947881e+00	-3.658539e+00	-2.893418e-01
5.770000e-01	-1.686413e+00	1.612951e+00	-3.950809e+00	-3.661818e+00	-2.889911e-01
5.780000e-01	-1.688263e+00	1.614810e+00	-3.953653e+00	-3.665090e+00	-2.885636e-01
5.790000e-01	-1.690033e+00	1.616570e+00	-3.956439e+00	-3.668252e+00	-2.881866e-01
5.800000e-01	-1.691853e+00	1.618419e+00	-3.959155e+00	-3.671430e+00	-2.877249e-01
5.810000e-01	-1.693589e+00	1.620161e+00	-3.961789e+00	-3.674483e+00	-2.873055e-01
5.820000e-01	-1.695384e+00	1.621998e+00	-3.964379e+00	-3.677573e+00	-2.868057e-01
5.830000e-01	-1.697072e+00	1.623705e+00	-3.966862e+00	-3.680502e+00	-2.863593e-01
5.840000e-01	-1.698813e+00	1.625506e+00	-3.969289e+00	-3.683457e+00	-2.858315e-01
5.850000e-01	-1.700451e+00	1.627184e+00	-3.971610e+00	-3.686256e+00	-2.853539e-01
5.860000e-01	-1.702151e+00	1.628965e+00	-3.973879e+00	-3.689091e+00	-2.847887e-01
5.870000e-01	-1.703746e+00	1.630622e+00	-3.976028e+00	-3.691760e+00	-2.842682e-01
5.880000e-01	-1.705428e+00	1.632405e+00	-3.978178e+00	-3.694517e+00	-2.836616e-01
5.890000e-01	-1.707008e+00	1.634063e+00	-3.980228e+00	-3.697122e+00	-2.831057e-01
5.900000e-01	-1.708660e+00	1.635834e+00	-3.982246e+00	-3.699783e+00	-2.824629e-01
5.910000e-01	-1.710203e+00	1.637474e+00	-3.984141e+00	-3.702274e+00	-2.818674e-01
5.920000e-01	-1.711822e+00	1.639229e+00	-3.986027e+00	-3.704836e+00	-2.811915e-01
5.930000e-01	-1.713328e+00	1.640846e+00	-3.987801e+00	-3.707228e+00	-2.805723e-01
5.940000e-01	-1.714885e+00	1.642554e+00	-3.989497e+00	-3.709633e+00	-2.798635e-01
5.950000e-01	-1.716341e+00	1.644134e+00	-3.991101e+00	-3.711892e+00	-2.792098e-01
5.960000e-01	-1.717861e+00	1.645818e+00	-3.992665e+00	-3.714193e+00	-2.784716e-01
5.970000e-01	-1.719268e+00	1.647366e+00	-3.994089e+00	-3.716313e+00	-2.777765e-01
5.980000e-01	-1.720740e+00	1.649018e+00	-3.995474e+00	-3.718477e+00	-2.769966e-01
5.990000e-01	-1.722133e+00	1.650566e+00	-3.996800e+00	-3.720533e+00	-2.762664e-01
6.000000e-01	-1.723591e+00	1.652221e+00	-3.998053e+00	-3.722617e+00	-2.754361e-01
6.010000e-01	-1.724965e+00	1.653766e+00	-3.999260e+00	-3.724595e+00	-2.746651e-01
6.020000e-01	-1.726404e+00	1.655415e+00	-4.000420e+00	-3.726614e+00	-2.738066e-01
6.030000e-01	-1.727755e+00	1.656951e+00	-4.001499e+00	-3.728504e+00	-2.729948e-01
6.040000e-01	-1.729162e+00	1.658586e+00	-4.002502e+00	-3.730413e+00	-2.720894e-01
6.050000e-01	-1.730452e+00	1.660077e+00	-4.003402e+00	-3.732153e+00	-2.712486e-01
6.060000e-01	-1.731805e+00	1.661675e+00	-4.004226e+00	-3.733918e+00	-2.703081e-01
6.070000e-01	-1.733073e+00	1.663167e+00	-4.004992e+00	-3.735569e+00	-2.694224e-01
6.080000e-01	-1.734415e+00	1.664776e+00	-4.005726e+00	-3.737279e+00	-2.684478e-01
6.090000e-01	-1.735661e+00	1.666264e+00	-4.006368e+00	-3.738845e+00	-2.675230e-01
6.100000e-01	-1.736991e+00	1.667884e+00	-4.006992e+00	-3.740487e+00	-2.665046e-01
6.110000e-01	-1.738214e+00	1.669372e+00	-4.007516e+00	-3.741972e+00	-2.655439e-01
6.120000e-01	-1.739501e+00	1.670967e+00	-4.007987e+00	-3.743495e+00	-2.644922e-01
6.130000e-01	-1.740694e+00	1.672444e+00	-4.008384e+00	-3.744886e+00	-2.634979e-01
6.140000e-01	-1.741967e+00	1.674046e+00	-4.008756e+00	-3.746345e+00	-2.624115e-01
6.150000e-01	-1.743129e+00	1.675512e+00	-4.009012e+00	-3.747634e+00	-2.613773e-01
6.160000e-01	-1.744345e+00	1.677082e+00	-4.009197e+00	-3.748944e+00	-2.602536e-01
6.170000e-01	-1.745464e+00	1.678532e+00	-4.009320e+00	-3.750124e+00	-2.591962e-01
6.180000e-01	-1.746637e+00	1.680084e+00	-4.009364e+00	-3.751319e+00	-2.580451e-01
6.190000e-01	-1.747713e+00	1.681515e+00	-4.009339e+00	-3.752382e+00	-2.569569e-01
6.200000e-01	-1.748835e+00	1.683046e+00	-4.009215e+00	-3.753442e+00	-2.557722e-01
6.210000e-01	-1.749840e+00	1.684434e+00	-4.008977e+00	-3.754329e+00	-2.546483e-01
6.220000e-01	-1.750894e+00	1.685926e+00	-4.008641e+00	-3.755215e+00	-2.534261e-01
6.230000e-01	-1.751842e+00	1.687285e+00	-4.008238e+00	-3.755961e+00	-2.522772e-01
6.240000e-01	-1.752807e+00	1.688712e+00	-4.007675e+00	-3.756644e+00	-2.510308e-01
6.250000e-01	-1.753648e+00	1.689984e+00	-4.007041e+00	-3.757169e+00	-2.498721e-01
6.260000e-01	-1.754508e+00	1.691327e+00	-4.006269e+00	-3.757643e+00	-2.486261e-01
6.270000e-01	-1.755256e+00	1.692531e+00	-4.005406e+00	-3.757959e+00	-2.474465e-01
6.280000e-01	-1.756041e+00	1.693825e+00	-4.004392e+00	-3.758237e+00	-2.461548e-01
6.290000e-01	-1.756716e+00	1.694986e+00	-4.003265e+00	-3.758348e+00	-2.449161e-01
6.300000e-01	-1.757442e+00	1.696250e+00	-4.002050e+00	-3.758467e+00	-2.435830e-01
6.310000e-01	-1.758052e+00	1.697370e+00	-4.000776e+00	-3.758440e+00	-2.423361e-01
6.320000e-01	-1.758679e+00	1.698548e+00	-3.999392e+00	-3.758375e+00	-2.410173e-01
6.330000e-01	-1.759187e+00	1.699573e+00	-3.997934e+00	-3.758154e+00	-2.397804e-01
6.340000e-01	-1.759745e+00	1.700694e+00	-3.996388e+00	-3.757939e+00	-2.384492e-01
6.350000e-01	-1.760202e+00	1.701678e+00	-3.994816e+00	-3.757611e+00	-2.372059e-01
6.360000e-01	-1.760703e+00	1.702748e+00	-3.993163e+00	-3.757285e+00	-2.358787e-01
6.370000e-01	-1.761134e+00	1.703719e+00	-3.991504e+00	-3.756886e+00	-2.346174e-01
6.380000e-01	-1.761643e+00	1.704809e+00	-3.989788e+00	-3.756537e+00	-2.332509e-01
6.390000e-01	-1.762104e+00	1.705814e+00	-3.988099e+00	-3.756154e+00	-2.319454e-01
6.400000e-01	-1.762629e+00	1.706922e+00	-3.986317e+00	-3.755787e+00	-2.305299e-01
6.410000e-01	-1.763124e+00	1.707962e+00	-3.984605e+00	-3.755426e+00	-2.291790e-01
6.420000e-01	-1.763691e+00	1.709113e+00	-3.982839e+00	-3.755111e+00	-2.277278e-01
6.430000e-01	-1.764254e+00	1.710217e+00	-3.981193e+00	-3.754851e+00	-2.263427e-01
6.440000e-01	-1.764920e+00	1.711461e+00	-3.979524e+00	-3.754682e+00	-2.248422e-01
6.450000e-01	-1.765583e+00	1.712662e+00	-3.977978e+00	-3.754572e+00	-2.234063e-01
6.460000e-01	-1.766396e+00	1.714048e+00	-3.976513e+00	-3.754652e+00	-2.218606e-01
6.470000e-01	-1.767229e+00	1.715417e+00	-3.975184e+00	-3.754821e+00	-2.203630e-01
6.480000e-01	-1.768187e+00	1.716942e+00	-3.973892e+00	-3.755133e+00	-2.187590e-01
6.490000e-01	-1.769148e+00	1.718425e+00	-3.972748e+00	-3.755522e+00	-2.172263e-01
6.500000e-01	-1.770240e+00	1.720075e+00	-3.971652e+00	-3.756066e+00	-2.155858e-01
6.510000e-01	-1.771339e+00	1.721688e+00	-3.970706e+00	-3.756692e+00	-2.140140e-01
6.520000e-01	-1.772574e+00	1.723476e+00	-3.969811e+00	-3.757479e+00	-2.123311e-01
6.530000e-01	-1.773782e+00	1.725203e+00	-3.968963e+00	-3.758264e+00	-2.106991e-01
6.540000e-01	-1.775112e+00	1.727091e+00	-3.968140e+00	-3.759182e+00	-2.089575e-01
6.550000e-01	-1.776401e+00	1.728906e+00	-3.967341e+00	-3.760072e+00	-2.072692e-01
6.560000e-01	-1.777792e+00	1.730862e+00	-3.966548e+00	-3.761066e+00	-2.054824e-01
6.570000e-01	-1.779131e+00	1.732741e+00	-3.965747e+00	-3.762005e+00	-2.037419e-01
6.580000e-01	-1.780558e+00	1.734757e+00	-3.964900e+00	-3.763007e+00	-2.018921e-01
6.590000e-01	-1.781929e+00	1.736694e+00	-3.964040e+00	-3.763949e+00	-2.000915e-01
6.600000e-01	-1.783325e+00	1.738713e+00	-3.963045e+00	-3.764847e+00	-1.981972e-01
6.610000e-01	-1.784669e+00	1.740654e+00	-3.962069e+00	-3.765703e+00	-1.963660e-01
6.620000e-01	-1.786000e+00	1.742640e+00	-3.960859e+00	-3.766429e+00	-1.944295e-01
6.630000e-01	-1.787190e+00	1.744452e+00	-3.959533e+00	-3.766957e+00	-1.925761e-01
6.640000e-01	-1.788314e+00	1.746258e+00	-3.957916e+00	-3.767273e+00	-1.906438e-01
6.650000e-01	-1.789276e+00	1.747877e+00	-3.956138e+00	-3.767345e+00	-1.887931e-01
6.660000e-01	-1.790134e+00	1.749457e+00	-3.954019e+00	-3.767143e+00	-1.868760e-01
6.670000e-01	-1.790771e+00	1.750790e+00	-3.951653e+00	-3.766597e+00	-1.850560e-01
6.680000e-01	-1.791273e+00	1.752055e+00	-3.948868e+00	-3.765707e+00	-1.831607e-01
6.690000e-01	-1.791540e+00	1.753061e+00	-3.945764e+00	-3.764422e+00	-1.813416e-01
6.700000e-01	-1.791628e+00	1.753965e+00	-3.942120e+00	-3.762688e+00	-1.794319e-01
6.710000e-01	-1.791473e+00	1.754599e+00	-3.938159e+00	-3.760553e+00	-1.776059e-01
6.720000e-01	-1.791146e+00	1.755139e+00	-3.933689e+00	-3.757990e+00	-1.756989e-01
6.730000e-01	-1.790581e+00	1.755414e+00	-3.928924e+00	-3.755042e+00	-1.738813e-01
6.740000e-01	-1.789873e+00	1.755623e+00	-3.923663e+00	-3.751705e+00	-1.719587e-01
6.750000e-01	-1.788934e+00	1.755564e+00	-3.918118e+00	-3.747993e+00	-1.701246e-01
6.760000e-01	-1.787847e+00	1.755425e+00	-3.912107e+00	-3.743900e+00	-1.682066e-01
6.770000e-01	-1.786602e+00	1.755092e+00	-3.905930e+00	-3.739567e+00	-1.663630e-01
6.780000e-01	-1.785220e+00	1.754686e+00	-3.899334e+00	-3.734887e+00	-1.644474e-01
6.790000e-01	-1.783630e+00	1.754024e+00	-3.892546e+00	-3.729903e+00	-1.626425e-01
6.800000e-01	-1.781989e+00	1.753372e+00	-3.885502e+00	-3.724741e+00	-1.607617e-01
6.810000e-01	-1.780215e+00	1.752534e+00	-3.878364e+00	-3.719397e+00	-1.589675e-01
6.820000e-01	-1.778373e+00	1.751674e+00	-3.870967e+00	-3.713857e+00	-1.571105e-01
6.830000e-01	-1.776418e+00	1.750644e+00	-3.863533e+00	-3.708185e+00	-1.553486e-01
6.840000e-01	-1.774423e+00	1.749615e+00	-3.855899e+00	-3.702372e+00	-1.535264e-01
6.850000e-01	-1.772319e+00	1.748417e+00	-3.848263e+00	-3.696451e+00	-1.518122e-01
6.860000e-01	-1.770248e+00	1.747291e+00	-3.840528e+00	-3.690512e+00	-1.500158e-01
6.870000e-01	-1.768103e+00	1.746030e+00	-3.832845e+00	-3.684526e+00	-1.483192e-01
6.880000e-01	-1.765967e+00	1.744801e+00	-3.825078e+00	-3.678506e+00	-1.465719e-01
6.890000e-01	-1.763805e+00	1.743488e+00	-3.817447e+00	-3.672528e+00	-1.449190e-01
6.900000e-01	-1.761745e+00	1.742295e+00	-3.809884e+00	-3.666687e+00	-1.431972e-01
6.910000e-01	-1.759749e+00	1.741098e+00	-3.802625e+00	-3.661062e+00	-1.415634e-01
6.920000e-01	-1.757951e+00	1.740113e+00	-3.795608e+00	-3.655756e+00	-1.398528e-01
6.930000e-01	-1.756198e+00	1.739108e+00	-3.788872e+00	-3.650634e+00	-1.382379e-01
6.940000e-01	-1.754494e+00	1.738151e+00	-3.782180e+00	-3.645584e+00	-1.365958e-01
6.950000e-01	-1.752794e+00	1.737129e+00	-3.775756e+00	-3.640672e+00	-1.350838e-01
6.960000e-01	-1.751250e+00	1.736265e+00	-3.769562e+00	-3.636032e+00	-1.335305e-01
6.970000e-01	-1.749766e+00	1.735389e+00	-3.763719e+00	-3.631626e+00	-1.320934e-01
6.980000e-01	-1.748457e+00	1.734693e+00	-3.758143e+00	-3.627529e+00	-1.306139e-01
6.990000e-01	-1.747211e+00	1.733994e+00	-3.752951e+00	-3.623686e+00	-1.292650e-01
7.000000e-01	-1.746109e+00	1.733436e+00	-3.747992e+00	-3.620106e+00	-1.278867e-01
7.010000e-01	-1.744997e+00	1.732804e+00	-3.743303e+00	-3.616649e+00	-1.266538e-01
7.020000e-01	-1.743999e+00	1.732293e+00	-3.738779e+00	-3.613389e+00	-1.253906e-01
7.030000e-01	-1.742925e+00	1.731640e+00	-3.734425e+00	-3.610138e+00	-1.242870e-01
7.040000e-01	-1.741931e+00	1.731074e+00	-3.730186e+00	-3.607023e+00	-1.231620e-01
7.050000e-01	-1.740899e+00	1.730428e+00	-3.726153e+00	-3.603975e+00	-1.221773e-01
7.060000e-01	-1.739950e+00	1.729877e+00	-3.722250e+00	-3.601075e+00	-1.211755e-01
7.070000e-01	-1.738869e+00	1.729150e+00	-3.718409e+00	-3.598074e+00	-1.203357e-01
7.080000e-01	-1.737796e+00	1.728447e+00	-3.714578e+00	-3.595085e+00	-1.194930e-01
7.090000e-01	-1.736565e+00	1.727533e+00	-3.710777e+00	-3.591954e+00	-1.188233e-01
7.100000e-01	-1.735315e+00	1.726613e+00	-3.706912e+00	-3.588771e+00	-1.181408e-01
7.110000e-01	-1.733890e+00	1.725477e+00	-3.703020e+00	-3.585400e+00	-1.176197e-01
7.120000e-01	-1.732411e+00	1.724303e+00	-3.698999e+00	-3.581910e+00	-1.170890e-01
7.130000e-01	-1.730724e+00	1.722878e+00	-3.694877e+00	-3.578163e+00	-1.167144e-01
7.140000e-01	-1.728980e+00	1.721420e+00	-3.690600e+00	-3.574280e+00	-1.163204e-01
7.150000e-01	-1.727038e+00	1.719718e+00	-3.686238e+00	-3.570157e+00	-1.160804e-01
7.160000e-01	-1.725063e+00	1.718005e+00	-3.681753e+00	-3.565940e+00	-1.158130e-01
7.170000e-01	-1.722982e+00	1.716148e+00	-3.677317e+00	-3.561641e+00	-1.156762e-01
7.180000e-01	-1.720882e+00	1.714280e+00	-3.672791e+00	-3.557277e+00	-1.155139e-01
7.190000e-01	-1.718638e+00	1.712215e+00	-3.668278e+00	-3.552777e+00	-1.155006e-01
7.200000e-01	-1.716350e+00	1.710111e+00	-3.663636e+00	-3.548168e+00	-1.154680e-01
7.210000e-01	-1.713931e+00	1.707816e+00	-3.659042e+00	-3.543452e+00	-1.155895e-01
7.220000e-01	-1.711501e+00	1.705519e+00	-3.654367e+00	-3.538684e+00	-1.156827e-01
7.230000e-01	-1.708989e+00	1.703093e+00	-3.649757e+00	-3.533867e+00	-1.158899e-01
7.240000e-01	-1.706543e+00	1.700739e+00	-3.645183e+00	-3.529134e+00	-1.160490e-01
7.250000e-01	-1.704054e+00	1.698286e+00	-3.640740e+00	-3.524424e+00	-1.163165e-01
7.260000e-01	-1.701744e+00	1.696010e+00	-3.636540e+00	-3.520014e+00	-1.165255e-01
7.270000e-01	-1.699409e+00	1.693635e+00	-3.632546e+00	-3.515682e+00	-1.168643e-01
7.280000e-01	-1.697220e+00	1.691398e+00	-3.628743e+00	-3.511591e+00	-1.171519e-01
7.290000e-01	-1.695017e+00	1.689095e+00	-3.625104e+00	-3.507569e+00	-1.175351e-01
7.300000e-01	-1.692979e+00	1.686965e+00	-3.621612e+00	-3.503785e+00	-1.178270e-01
7.310000e-01	-1.690973e+00	1.684826e+00	-3.618363e+00	-3.500154e+00	-1.182087e-01
7.320000e-01	-1.689149e+00	1.682889e+00	-3.615300e+00	-3.496799e+00	-1.185011e-01
7.330000e-01	-1.687329e+00	1.680908e+00	-3.612467e+00	-3.493563e+00	-1.189042e-01
7.340000e-01	-1.685694e+00	1.679123e+00	-3.609859e+00	-3.490624e+00	-1.192355e-01
7.350000e-01	-1.684071e+00	1.677313e+00	-3.607497e+00	-3.487819e+00	-1.196779e-01
7.360000e-01	-1.682631e+00	1.675704e+00	-3.605353e+00	-3.485307e+00	-1.200459e-01
7.370000e-01	-1.681096e+00	1.673971e+00	-3.603279e+00	-3.482736e+00	-1.205435e-01
7.380000e-01	-1.679651e+00	1.672356e+00	-3.601285e+00	-3.480293e+00	-1.209917e-01
7.390000e-01	-1.678057e+00	1.670572e+00	-3.599273e+00	-3.477693e+00	-1.215800e-01
7.400000e-01	-1.676501e+00	1.668865e+00	-3.597259e+00	-3.475131e+00	-1.221285e-01
7.410000e-01	-1.674778e+00	1.666992e+00	-3.595149e+00	-3.472353e+00	-1.227963e-01
7.420000e-01	-1.673052e+00	1.665160e+00	-3.592953e+00	-3.469528e+00	-1.234244e-01
7.430000e-01	-1.671015e+00	1.663011e+00	-3.590437e+00	-3.466233e+00	-1.242037e-01
7.440000e-01	-1.668891e+00	1.660817e+00	-3.587684e+00	-3.462733e+00	-1.249507e-01
7.450000e-01	-1.666433e+00	1.658289e+00	-3.584557e+00	-3.458711e+00	-1.258459e-01
7.460000e-01	-1.663851e+00	1.655684e+00	-3.581128e+00	-3.454416e+00	-1.267128e-01
7.470000e-01	-1.660948e+00	1.652758e+00	-3.577349e+00	-3.449623e+00	-1.277259e-01
7.480000e-01	-1.657887e+00	1.649708e+00	-3.573223e+00	-3.444499e+00	-1.287242e-01
7.490000e-01	-1.654437e+00	1.646242e+00	-3.568676e+00	-3.438775e+00	-1.299015e-01
7.500000e-01	-1.650792e+00	1.642596e+00	-3.563730e+00	-3.432657e+00	-1.310728e-01
7.510000e-01	-1.646742e+00	1.638500e+00	-3.558300e+00	-3.425892e+00	-1.324084e-01
7.520000e-01	-1.642497e+00	1.634223e+00	-3.552439e+00	-3.418717e+00	-1.337221e-01
7.530000e-01	-1.637997e+00	1.629658e+00	-3.546295e+00	-3.411144e+00	-1.351502e-01
7.540000e-01	-1.633424e+00	1.625028e+00	-3.539870e+00	-3.403359e+00	-1.365108e-01
7.550000e-01	-1.628688e+00	1.620193e+00	-3.533391e+00	-3.395383e+00	-1.380071e-01
7.560000e-01	-1.623972e+00	1.615372e+00	-3.526855e+00	-3.387400e+00	-1.394556e-01
7.570000e-01	-1.619197e+00	1.610429e+00	-3.520497e+00	-3.379445e+00	-1.410517e-01
7.580000e-01	-1.614566e+00	1.605625e+00	-3.514275e+00	-3.371703e+00	-1.425712e-01
7.590000e-01	-1.610003e+00	1.600838e+00	-3.508350e+00	-3.364178e+00	-1.441718e-01
7.600000e-01	-1.605635e+00	1.596228e+00	-3.502648e+00	-3.356959e+00	-1.456885e-01
7.610000e-01	-1.601351e+00	1.591644e+00	-3.497307e+00	-3.350005e+00	-1.473027e-01
7.620000e-01	-1.597261e+00	1.587245e+00	-3.492235e+00	-3.343379e+00	-1.488560e-01
7.630000e-01	-1.593368e+00	1.582994e+00	-3.487725e+00	-3.337230e+00	-1.504948e-01
7.640000e-01	-1.589791e+00	1.579061e+00	-3.483658e+00	-3.331620e+00	-1.520384e-01
7.650000e-01	-1.586555e+00	1.575431e+00	-3.480373e+00	-3.326742e+00	-1.536315e-01
7.660000e-01	-1.583624e+00	1.572103e+00	-3.477551e+00	-3.322400e+00	-1.551515e-01
7.670000e-01	-1.580958e+00	1.568991e+00	-3.475429e+00	-3.318673e+00	-1.567567e-01
7.680000e-01	-1.578499e+00	1.566084e+00	-3.473613e+00	-3.315306e+00	-1.583071e-01
7.690000e-01	-1.576240e+00	1.563319e+00	-3.472415e+00	-3.312447e+00	-1.599678e-01
7.700000e-01	-1.574140e+00	1.560705e+00	-3.471457e+00	-3.309868e+00	-1.615882e-01
7.710000e-01	-1.572208e+00	1.558217e+00	-3.471034e+00	-3.307725e+00	-1.633092e-01
7.720000e-01	-1.570392e+00	1.555857e+00	-3.470757e+00	-3.305770e+00	-1.649868e-01
7.730000e-01	-1.568714e+00	1.553611e+00	-3.470947e+00	-3.304188e+00	-1.667597e-01
7.740000e-01	-1.567105e+00	1.551457e+00	-3.471174e+00	-3.302692e+00	-1.684826e-01
7.750000e-01	-1.565632e+00	1.549420e+00	-3.471837e+00	-3.301551e+00	-1.702863e-01
7.760000e-01	-1.564190e+00	1.547421e+00	-3.472531e+00	-3.300456e+00	-1.720754e-01
7.770000e-01	-1.562775e+00	1.545403e+00	-3.473510e+00	-3.299531e+00	-1.739799e-01
7.780000e-01	-1.561373e+00	1.543409e+00	-3.474420e+00	-3.298583e+00	-1.758365e-01
7.790000e-01	-1.559985e+00	1.541392e+00	-3.475558e+00	-3.297764e+00	-1.777939e-01
7.800000e-01	-1.558550e+00	1.539333e+00	-3.476571e+00	-3.296836e+00	-1.797349e-01
7.810000e-01	-1.557168e+00	1.537288e+00	-3.477869e+00	-3.296102e+00	-1.817669e-01
7.820000e-01	-1.555746e+00	1.535204e+00	-3.479028e+00	-3.295261e+00	-1.837678e-01
7.830000e-01	-1.554355e+00	1.533107e+00	-3.480426e+00	-3.294567e+00	-1.858583e-01
7.840000e-01	-1.552975e+00	1.531026e+00	-3.481731e+00	-3.293840e+00	-1.878907e-01
7.850000e-01	-1.551685e+00	1.529001e+00	-3.483343e+00	-3.293356e+00	-1.899866e-01
7.860000e-01	-1.550421e+00	1.527006e+00	-3.484865e+00	-3.292854e+00	-1.920111e-01
7.870000e-01	-1.549286e+00	1.525101e+00	-3.486750e+00	-3.292661e+00	-1.940891e-01
7.880000e-01	-1.548198e+00	1.523253e+00	-3.488581e+00	-3.292489e+00	-1.960924e-01
7.890000e-01	-1.547273e+00	1.521534e+00	-3.490851e+00	-3.292698e+00	-1.981527e-01
7.900000e-01	-1.546465e+00	1.519951e+00	-3.493174e+00	-3.293052e+00	-2.001214e-01
7.910000e-01	-1.545890e+00	1.518580e+00	-3.496003e+00	-3.293892e+00	-2.021114e-01
7.920000e-01	-1.545461e+00	1.517375e+00	-3.498923e+00	-3.294923e+00	-2.040001e-01
7.930000e-01	-1.545268e+00	1.516388e+00	-3.502365e+00	-3.296451e+00	-2.059142e-01
7.940000e-01	-1.545157e+00	1.515499e+00	-3.505821e+00	-3.298068e+00	-2.077534e-01
7.950000e-01	-1.545133e+00	1.514674e+00	-3.509584e+00	-3.299925e+00	-2.096587e-01
7.960000e-01	-1.545160e+00	1.513920e+00	-3.513303e+00	-3.301811e+00	-2.114920e-01
7.970000e-01	-1.545260e+00	1.513227e+00	-3.517276e+00	-3.303898e+00	-2.133780e-01
7.980000e-01	-1.545402e+00	1.512605e+00	-3.521191e+00	-3.305997e+00	-2.151936e-01
7.990000e-01	-1.545608e+00	1.512047e+00	-3.525311e+00	-3.308264e+00	-2.170475e-01
8.000000e-01	-1.545873e+00	1.511590e+00	-3.529388e+00	-3.310567e+00	-2.188210e-01
8.010000e-01	-1.546172e+00	1.511171e+00	-3.533602e+00	-3.312973e+00	-2.206286e-01
8.020000e-01	-1.546524e+00	1.510830e+00	-3.537764e+00	-3.315406e+00	-2.223580e-01
8.030000e-01	-1.546838e+00	1.510438e+00	-3.541965e+00	-3.317820e+00	-2.241450e-01
8.040000e-01	-1.547178e+00	1.510085e+00	-3.546100e+00	-3.320228e+00	-2.258714e-01
8.050000e-01	-1.547480e+00	1.509670e+00	-3.550271e+00	-3.322615e+00	-2.276557e-01
8.060000e-01	-1.547806e+00	1.509295e+00	-3.554379e+00	-3.324996e+00	-2.293829e-01
8.070000e-01	-1.548117e+00	1.508887e+00	-3.558526e+00	-3.327381e+00	-2.311458e-01
8.080000e-01	-1.548506e+00	1.508573e+00	-3.562664e+00	-3.329838e+00	-2.328264e-01
8.090000e-01	-1.548881e+00	1.508231e+00	-3.566827e+00	-3.332294e+00	-2.345329e-01
8.100000e-01	-1.549362e+00	1.508011e+00	-3.571021e+00	-3.334872e+00	-2.361484e-01
8.110000e-01	-1.549912e+00	1.507845e+00	-3.575371e+00	-3.337598e+00	-2.377733e-01
8.120000e-01	-1.550622e+00	1.507858e+00	-3.579830e+00	-3.340537e+00	-2.392937e-01
8.130000e-01	-1.551440e+00	1.507970e+00	-3.584502e+00	-3.343691e+00	-2.408112e-01
8.140000e-01	-1.552454e+00	1.508299e+00	-3.589336e+00	-3.347122e+00	-2.422142e-01
8.150000e-01	-1.553579e+00	1.508733e+00	-3.594379e+00	-3.350769e+00	-2.436104e-01
8.160000e-01	-1.554879e+00	1.509364e+00	-3.599553e+00	-3.354656e+00	-2.448975e-01
8.170000e-01	-1.556287e+00	1.510096e+00	-3.604946e+00	-3.358760e+00	-2.461857e-01
8.180000e-01	-1.557849e+00	1.511007e+00	-3.610443e+00	-3.363070e+00	-2.473724e-01
8.190000e-01	-1.559513e+00	1.512018e+00	-3.616146e+00	-3.367586e+00	-2.485600e-01
8.200000e-01	-1.561328e+00	1.513211e+00	-3.621953e+00	-3.372305e+00	-2.496480e-01
8.210000e-01	-1.563221e+00	1.514479e+00	-3.627929e+00	-3.377186e+00	-2.507432e-01
8.220000e-01	-1.565205e+00	1.515867e+00	-3.633909e+00	-3.382160e+00	-2.517498e-01
8.230000e-01	-1.567231e+00	1.517297e+00	-3.640008e+00	-3.387235e+00	-2.527729e-01
8.240000e-01	-1.569327e+00	1.518828e+00	-3.646078e+00	-3.392366e+00	-2.537119e-01
8.250000e-01	-1.571436e+00	1.520370e+00	-3.652221e+00	-3.397546e+00	-2.546744e-01
8.260000e-01	-1.573585e+00	1.521982e+00	-3.658278e+00	-3.402724e+00	-2.555544e-01
8.270000e-01	-1.575713e+00	1.523570e+00	-3.664358e+00	-3.407892e+00	-2.564664e-01
8.280000e-01	-1.577839e+00	1.525187e+00	-3.670288e+00	-3.412983e+00	-2.573050e-01
8.290000e-01	-1.579915e+00	1.526746e+00	-3.676189e+00	-3.418009e+00	-2.581793e-01
8.300000e-01	-1.581959e+00	1.528298e+00	-3.681886e+00	-3.422902e+00	-2.589836e-01
8.310000e-01	-1.583936e+00	1.529773e+00	-3.687508e+00	-3.427690e+00	-2.598185e-01
8.320000e-01	-1.585892e+00	1.531254e+00	-3.692941e+00	-3.432362e+00	-2.605791e-01
8.330000e-01	-1.587808e+00	1.532689e+00	-3.698345e+00	-3.436981e+00	-2.613640e-01
8.340000e-01	-1.589722e+00	1.534151e+00	-3.703575e+00	-3.441510e+00	-2.620653e-01
8.350000e-01	-1.591608e+00	1.535577e+00	-3.708783e+00	-3.445999e+00	-2.627838e-01
8.360000e-01	-1.593532e+00	1.537072e+00	-3.713877e+00	-3.450470e+00	-2.634071e-01
8.370000e-01	-1.595438e+00	1.538539e+00	-3.718954e+00	-3.454915e+00	-2.640394e-01
8.380000e-01	-1.597417e+00	1.540110e+00	-3.723969e+00	-3.459402e+00	-2.645669e-01
8.390000e-01	-1.599389e+00	1.541660e+00	-3.729001e+00	-3.463889e+00	-2.651117e-01
8.400000e-01	-1.601438e+00	1.543320e+00	-3.733986e+00	-3.468431e+00	-2.655546e-01
8.410000e-01	-1.603484e+00	1.544967e+00	-3.738990e+00	-3.472979e+00	-2.660116e-01
8.420000e-01	-1.605631e+00	1.546756e+00	-3.743977e+00	-3.477620e+00	-2.663571e-01
8.430000e-01	-1.607779e+00	1.548538e+00	-3.748982e+00	-3.482270e+00	-2.667121e-01
8.440000e-01	-1.610017e+00	1.550448e+00	-3.753956e+00	-3.486995e+00	-2.669607e-01
8.450000e-01	-1.612246e+00	1.552343e+00	-3.758929e+00	-3.491710e+00	-2.672190e-01
8.460000e-01	-1.614554e+00	1.554354e+00	-3.763871e+00	-3.496489e+00	-2.673818e-01
8.470000e-01	-1.616820e+00	1.556316e+00	-3.768775e+00	-3.501208e+00	-2.675675e-01
8.480000e-01	-1.619161e+00	1.558393e+00	-3.773621e+00	-3.505972e+00	-2.676493e-01
8.490000e-01	-1.621463e+00	1.560431e+00	-3.778414e+00	-3.510670e+00	-2.677439e-01
8.500000e-01	-1.623837e+00	1.562587e+00	-3.783137e+00	-3.515406e+00	-2.677317e-01
8.510000e-01	-1.626140e+00	1.564677e+00	-3.787749e+00	-3.520015e+00	-2.677339e-01
8.520000e-01	-1.628515e+00	1.566881e+00	-3.792318e+00	-3.524674e+00	-2.676440e-01
8.530000e-01	-1.630781e+00	1.568970e+00	-3.796740e+00	-3.529151e+00	-2.675893e-01
8.540000e-01	-1.633056e+00	1.571103e+00	-3.801027e+00	-3.533570e+00	-2.674576e-01
8.550000e-01	-1.635195e+00	1.573091e+00	-3.805114e+00	-3.537752e+00	-2.673623e-01
8.560000e-01	-1.637369e+00	1.575159e+00	-3.809078e+00	-3.541908e+00	-2.671699e-01
8.570000e-01	-1.639446e+00	1.577129e+00	-3.812896e+00	-3.545894e+00	-2.670026e-01
8.580000e-01	-1.641558e+00	1.579179e+00	-3.816593e+00	-3.549855e+00	-2.667386e-01
8.590000e-01	-1.643548e+00	1.581101e+00	-3.820122e+00	-3.553610e+00	-2.665127e-01
8.600000e-01	-1.645562e+00	1.583086e+00	-3.823523e+00	-3.557324e+00	-2.661993e-01
8.610000e-01	-1.647452e+00	1.584933e+00	-3.826751e+00	-3.560828e+00	-2.659232e-01
8.620000e-01	-1.649376e+00	1.586852e+00	-3.829861e+00	-3.564306e+00	-2.655542e-01
8.630000e-01	-1.651191e+00	1.588654e+00	-3.832823e+00	-3.567603e+00	-2.652203e-01
8.640000e-01	-1.653058e+00	1.590548e+00	-3.835686e+00	-3.570900e+00	-2.647853e-01
8.650000e-01	-1.654826e+00	1.592333e+00	-3.838418e+00	-3.574035e+00	-2.643836e-01
8.660000e-01	-1.656636e+00	1.594197e+00	-3.841048e+00	-3.577160e+00	-2.638878e-01
8.670000e-01	-1.658367e+00	1.595971e+00	-3.843577e+00	-3.580156e+00	-2.634217e-01
8.680000e-01	-1.660188e+00	1.597872e+00	-3.846097e+00	-3.583236e+00	-2.628607e-01
8.690000e-01	-1.661958e+00	1.599712e+00	-3.848561e+00	-3.586239e+00	-2.623226e-01
8.700000e-01	-1.663827e+00	1.601689e+00	-3.851009e+00	-3.589332e+00	-2.616772e-01
8.710000e-01	-1.665611e+00	1.603571e+00	-3.853357e+00	-3.592289e+00	-2.610679e-01
8.720000e-01	-1.667469e+00	1.605566e+00	-3.855673e+00	-3.595306e+00	-2.603678e-01
8.730000e-01	-1.669252e+00	1.607476e+00	-3.857897e+00	-3.598200e+00	-2.596971e-01
8.740000e-01	-1.671113e+00	1.609495e+00	-3.860110e+00	-3.601168e+00	-2.589426e-01
8.750000e-01	-1.672921e+00	1.611455e+00	-3.862268e+00	-3.604055e+00	-2.582133e-01
8.760000e-01	-1.674793e+00	1.613510e+00	-3.864389e+00	-3.606987e+00	-2.574017e-01
8.770000e-01	-1.676598e+00	1.615490e+00	-3.866447e+00	-3.609822e+00	-2.566253e-01
8.780000e-01	-1.678448e+00	1.617542e+00	-3.868446e+00	-3.612670e+00	-2.557753e-01
8.790000e-01	-1.680219e+00	1.619509e+00	-3.870370e+00	-3.615404e+00	-2.549654e-01
8.800000e-01	-1.682008e+00	1.621523e+00	-3.872194e+00	-3.618105e+00	-2.540889e-01
8.810000e-01	-1.683720e+00	1.623450e+00	-3.873951e+00	-3.620695e+00	-2.532555e-01
8.820000e-01	-1.685443e+00	1.625417e+00	-3.875608e+00	-3.623247e+00	-2.523612e-01
8.830000e-01	-1.687123e+00	1.627333e+00	-3.877252e+00	-3.625749e+00	-2.515031e-01
8.840000e-01	-1.688795e+00	1.629269e+00	-3.878753e+00	-3.628172e+00	-2.505812e-01
8.850000e-01	-1.690412e+00	1.631140e+00	-3.880215e+00	-3.630519e+00	-2.496959e-01
8.860000e-01	-1.691993e+00	1.632999e+00	-3.881496e+00	-3.632741e+00	-2.487550e-01
8.870000e-01	-1.693527e+00	1.634804e+00	-3.882744e+00	-3.634899e+00	-2.478456e-01
8.880000e-01	-1.695048e+00	1.636622e+00	-3.883855e+00	-3.636975e+00	-2.468796e-01
8.890000e-01	-1.696512e+00	1.638366e+00	-3.884912e+00	-3.638968e+00	-2.459442e-01
8.900000e-01	-1.697965e+00	1.640122e+00	-3.885850e+00	-3.640890e+00	-2.449599e-01
8.910000e-01	-1.699361e+00	1.641808e+00	-3.886743e+00	-3.642733e+00	-2.440105e-01
8.920000e-01	-1.700758e+00	1.643517e+00	-3.887532e+00	-3.644523e+00	-2.430082e-01
8.930000e-01	-1.702118e+00	1.645178e+00	-3.888318e+00	-3.646277e+00	-2.420410e-01
8.940000e-01	-1.703480e+00	1.646862e+00	-3.889010e+00	-3.647984e+00	-2.410253e-01
8.950000e-01	-1.704815e+00	1.648508e+00	-3.889703e+00	-3.649666e+00	-2.400366e-01
8.960000e-01	-1.706167e+00	1.650191e+00	-3.890320e+00	-3.651327e+00	-2.389931e-01
8.970000e-01	-1.707493e+00	1.651839e+00	-3.890899e+00	-3.652942e+00	-2.379570e-01
8.980000e-01	-1.708848e+00	1.653542e+00	-3.891427e+00	-3.654562e+00	-2.368658e-01
8.990000e-01	-1.710163e+00	1.655192e+00	-3.891922e+00	-3.656124e+00	-2.357981e-01
9.000000e-01	-1.711512e+00	1.656902e+00	-3.892410e+00	-3.657717e+00	-2.346926e-01
9.010000e-01	-1.712834e+00	1.658573e+00	-3.892901e+00	-3.659285e+00	-2.336162e-01
9.020000e-01	-1.714189e+00	1.660295e+00	-3.893375e+00	-3.660876e+00	-2.324987e-01
9.030000e-01	-1.715520e+00	1.661979e+00	-3.893876e+00	-3.662458e+00	-2.314186e-01
9.040000e-01	-1.716878e+00	1.663711e+00	-3.894326e+00	-3.664041e+00	-2.302854e-01
9.050000e-01	-1.718186e+00	1.665381e+00	-3.894758e+00	-3.665565e+00	-2.291927e-01
9.060000e-01	-1.719515e+00	1.667094e+00	-3.895120e+00	-3.667075e+00	-2.280451e-01
9.070000e-01	-1.720815e+00	1.668765e+00	-3.895492e+00	-3.668561e+00	-2.269308e-01
9.080000e-01	-1.722143e+00	1.670486e+00	-3.895802e+00	-3.670044e+00	-2.257585e-01
9.090000e-01	-1.723468e+00	1.672194e+00	-3.896147e+00	-3.671542e+00	-2.246056e-01
9.100000e-01	-1.724801e+00	1.673935e+00	-3.896397e+00	-3.673000e+00	-2.233969e-01
9.110000e-01	-1.726119e+00	1.675648e+00	-3.896668e+00	-3.674453e+00	-2.222146e-01
9.120000e-01	-1.727448e+00	1.677397e+00	-3.896853e+00	-3.675874e+00	-2.209789e-01
9.130000e-01	-1.728742e+00	1.679104e+00	-3.897017e+00	-3.677251e+00	-2.197666e-01
9.140000e-01	-1.730047e+00	1.680847e+00	-3.897099e+00	-3.678596e+00	-2.185029e-01
9.150000e-01	-1.731327e+00	1.682556e+00	-3.897191e+00	-3.679922e+00	-2.172688e-01
9.160000e-01	-1.732594e+00	1.684280e+00	-3.897181e+00	-3.681184e+00	-2.159963e-01
9.170000e-01	-1.733816e+00	1.685948e+00	-3.897142e+00	-3.682387e+00	-2.147545e-01
9.180000e-01	-1.734998e+00	1.687597e+00	-3.896947e+00	-3.683472e+00	-2.134752e-01
9.190000e-01	-1.736132e+00	1.689186e+00	-3.896731e+00	-3.684497e+00	-2.122331e-01
9.200000e-01	-1.737242e+00	1.690779e+00	-3.896350e+00	-3.685417e+00	-2.109335e-01
9.210000e-01	-1.738297e+00	1.692310e+00	-3.895910e+00	-3.686252e+00	-2.096576e-01
9.220000e-01	-1.739322e+00	1.693834e+00	-3.895330e+00	-3.686987e+00	-2.083433e-01
9.230000e-01	-1.740280e+00	1.695278e+00	-3.894700e+00	-3.687630e+00	-2.070699e-01
9.240000e-01	-1.741187e+00	1.696696e+00	-3.893894e+00	-3.688134e+00	-2.057596e-01
9.250000e-01	-1.742015e+00	1.698023e+00	-3.892984e+00	-3.688507e+00	-2.044770e-01
9.260000e-01	-1.742825e+00	1.699359e+00	-3.891927e+00	-3.688789e+00	-2.031388e-01
9.270000e-01	-1.743564e+00	1.700615e+00	-3.890783e+00	-3.688956e+00	-2.018274e-01
9.280000e-01	-1.744248e+00	1.701843e+00	-3.889428e+00	-3.688963e+00	-2.004657e-01
9.290000e-01	-1.744889e+00	1.703016e+00	-3.888008e+00	-3.688893e+00	-1.991145e-01
9.300000e-01	-1.745480e+00	1.704164e+00	-3.886377e+00	-3.688668e+00	-1.977081e-01
9.310000e-01	-1.745997e+00	1.705218e+00	-3.884658e+00	-3.688326e+00	-1.963324e-01
9.320000e-01	-1.746486e+00	1.706271e+00	-3.882784e+00	-3.687878e+00	-1.949062e-01
9.330000e-01	-1.746890e+00	1.707217e+00	-3.880813e+00	-3.687296e+00	-1.935166e-01
9.340000e-01	-1.747230e+00	1.708128e+00	-3.878613e+00	-3.686536e+00	-1.920768e-01
9.350000e-01	-1.747500e+00	1.708957e+00	-3.876322e+00	-3.685661e+00	-1.906607e-01
9.360000e-01	-1.747744e+00	1.709794e+00	-3.873868e+00	-3.684678e+00	-1.891905e-01
9.370000e-01	-1.747927e+00	1.710553e+00	-3.871328e+00	-3.683591e+00	-1.877369e-01
9.380000e-01	-1.748113e+00	1.711351e+00	-3.868656e+00	-3.682441e+00	-1.862148e-01
9.390000e-01	-1.748239e+00	1.712069e+00	-3.865915e+00	-3.681196e+00	-1.847187e-01
9.400000e-01	-1.748348e+00	1.712803e+00	-3.863048e+00	-3.679872e+00	-1.831755e-01
9.410000e-01	-1.748392e+00	1.713448e+00	-3.860117e+00	-3.678451e+00	-1.816659e-01
9.420000e-01	-1.748383e+00	1.714076e+00	-3.856988e+00	-3.676877e+00	-1.801112e-01
9.430000e-01	-1.748321e+00	1.714633e+00	-3.853813e+00	-3.675227e+00	-1.785855e-01
9.440000e-01	-1.748202e+00	1.715182e+00	-3.850419e+00	-3.673411e+00	-1.770079e-01
9.450000e-01	-1.747954e+00	1.715579e+00	-3.846857e+00	-3.671382e+00	-1.754749e-01
9.460000e-01	-1.747606e+00	1.715919e+00	-3.843012e+00	-3.669112e+00	-1.739001e-01
9.470000e-01	-1.747179e+00	1.716165e+00	-3.839074e+00	-3.666717e+00	-1.723577e-01
9.480000e-01	-1.746634e+00	1.716335e+00	-3.834832e+00	-3.664049e+00	-1.707822e-01
9.490000e-01	-1.745972e+00	1.716370e+00	-3.830459e+00	-3.661201e+00	-1.692577e-01
9.500000e-01	-1.745270e+00	1.716413e+00	-3.825896e+00	-3.658218e+00	-1.676783e-01
9.510000e-01	-1.744482e+00	1.716349e+00	-3.821277e+00	-3.655120e+00	-1.661567e-01
9.520000e-01	-1.743583e+00	1.716210e+00	-3.816388e+00	-3.651777e+00	-1.646111e-01
9.530000e-01	-1.742621e+00	1.715986e+00	-3.811487e+00	-3.648364e+00	-1.631228e-01
9.540000e-01	-1.741534e+00	1.715669e+00	-3.806301e+00	-3.644685e+00	-1.616161e-01
9.550000e-01	-1.740281e+00	1.715149e+00	-3.800966e+00	-3.640764e+00	-1.602013e-01
9.560000e-01	-1.738899e+00	1.714527e+00	-3.795353e+00	-3.636575e+00	-1.587782e-01
9.570000e-01	-1.737402e+00	1.713766e+00	-3.789653e+00	-3.632228e+00	-1.574247e-01
9.580000e-01	-1.735769e+00	1.712892e+00	-3.783649e+00	-3.627594e+00	-1.560551e-01
9.590000e-01	-1.734095e+00	1.711942e+00	-3.777683e+00	-3.622936e+00	-1.547462e-01
9.600000e-01	-1.732410e+00	1.710999e+00	-3.771626e+00	-3.618223e+00	-1.534028e-01
9.610000e-01	-1.730718e+00	1.710005e+00	-3.765697e+00	-3.613567e+00	-1.521302e-01
9.620000e-01	-1.729003e+00	1.708991e+00	-3.759683e+00	-3.608844e+00	-1.508386e-01
9.630000e-01	-1.727298e+00	1.707936e+00	-3.753849e+00	-3.604223e+00	-1.496260e-01
9.640000e-01	-1.725602e+00	1.706894e+00	-3.747977e+00	-3.599591e+00	-1.483860e-01
9.650000e-01	-1.723885e+00	1.705778e+00	-3.742241e+00	-3.595006e+00	-1.472356e-01
9.660000e-01	-1.722170e+00	1.704666e+00	-3.736459e+00	-3.590399e+00	-1.460598e-01
9.670000e-01	-1.720510e+00	1.703561e+00	-3.730913e+00	-3.585967e+00	-1.449465e-01
9.680000e-01	-1.718893e+00	1.702491e+00	-3.725402e+00	-3.581593e+00	-1.438084e-01
9.690000e-01	-1.717381e+00	1.701472e+00	-3.720246e+00	-3.577504e+00	-1.427421e-01
9.700000e-01	-1.716024e+00	1.700603e+00	-3.715345e+00	-3.573696e+00	-1.416482e-01
9.710000e-01	-1.714771e+00	1.699784e+00	-3.710817e+00	-3.570179e+00	-1.406374e-01
9.720000e-01	-1.713630e+00	1.699068e+00	-3.706483e+00	-3.566871e+00	-1.396114e-01
9.730000e-01	-1.712555e+00	1.698364e+00	-3.702475e+00	-3.563792e+00	-1.386829e-01
9.740000e-01	-1.711564e+00	1.697741e+00	-3.698619e+00	-3.560873e+00	-1.377458e-01
9.750000e-01	-1.710610e+00	1.697107e+00	-3.695035e+00	-3.558128e+00	-1.369074e-01
9.760000e-01	-1.709773e+00	1.696591e+00	-3.691641e+00	-3.555593e+00	-1.360472e-01
9.770000e-01	-1.708968e+00	1.696060e+00	-3.688501e+00	-3.553218e+00	-1.352826e-01
9.780000e-01	-1.708247e+00	1.695616e+00	-3.685504e+00	-3.550999e+00	-1.345050e-01
9.790000e-01	-1.707580e+00	1.695183e+00	-3.682822e+00	-3.548991e+00	-1.338304e-01
9.800000e-01	-1.706957e+00	1.694798e+00	-3.680195e+00	-3.547055e+00	-1.331400e-01
9.810000e-01	-1.706337e+00	1.694380e+00	-3.677795e+00	-3.545235e+00	-1.325599e-01
9.820000e-01	-1.705742e+00	1.693993e+00	-3.675404e+00	-3.543444e+00	-1.319607e-01
9.830000e-01	-1.705066e+00	1.693487e+00	-3.673129e+00	-3.541631e+00	-1.314982e-01
9.840000e-01	-1.704342e+00	1.692947e+00	-3.670742e+00	-3.539713e+00	-1.310289e-01
9.850000e-01	-1.703532e+00	1.692287e+00	-3.668422e+00	-3.537743e+00	-1.306789e-01
9.860000e-01	-1.702661e+00	1.691577e+00	-3.665957e+00	-3.535639e+00	-1.303176e-01
9.870000e-01	-1.701698e+00	1.690744e+00	-3.663519e+00	-3.533457e+00	-1.300611e-01
9.880000e-01	-1.700731e+00	1.689925e+00	-3.661004e+00	-3.531233e+00	-1.297706e-01
9.890000e-01	-1.699650e+00	1.688954e+00	-3.658487e+00	-3.528894e+00	-1.295935e-01
9.900000e-01	-1.698500e+00	1.687927e+00	-3.655810e+00	-3.526405e+00	-1.294047e-01
9.910000e-01	-1.697225e+00	1.686729e+00	-3.653128e+00	-3.523789e+00	-1.293393e-01
9.920000e-01	-1.695889e+00	1.685473e+00	-3.650276e+00	-3.521026e+00	-1.292494e-01
9.930000e-01	-1.694450e+00	1.684071e+00	-3.647421e+00	-3.518161e+00	-1.292603e-01
9.940000e-01	-1.692987e+00	1.682653e+00	-3.644412e+00	-3.515192e+00	-1.292193e-01
9.950000e-01	-1.691433e+00	1.681103e+00	-3.641392e+00	-3.512129e+00	-1.292635e-01
9.960000e-01	-1.689875e+00	1.679561e+00	-3.638261e+00	-3.509005e+00	-1.292556e-01
9.970000e-01	-1.688257e+00	1.677925e+00	-3.635167e+00	-3.505841e+00	-1.293269e-01
9.980000e-01	-1.686683e+00	1.676341e+00	-3.632067e+00	-3.502717e+00	-1.293503e-01
9.990000e-01	-1.685041e+00	1.674666e+00	-3.628994e+00	-3.499538e+00	-1.294561e-01
1.000000e+00	-1.683473e+00	1.673083e+00	-3.625938e+00	-3.496442e+00	-1.294962e-01
