# Force coefficients
# liftDir    : (0.000000e+00 1.000000e+00 0.000000e+00)
# dragDir    : (1.000000e+00 0.000000e+00 0.000000e+00)
# pitchAxis  : (0.000000e+00 0.000000e+00 1.000000e+00)
# magUInf    : 5.148000e+01
# lRef       : 4.530000e-01
# Aref       : 4.348800e-01
# CofR       : (0.000000e+00 0.000000e+00 0.000000e+00)
# Time       	Cm           	Cd           	Cl           	Cl(f)        	Cl(r)        	Cm	Cd	Cl	Cl(f)	Cl(r)
1.000000e-03	-1.772675e-03	1.966579e-03	-3.029803e-03	-3.287577e-03	2.577739e-04
2.000000e-03	-1.157898e-02	1.322834e-02	-2.104456e-02	-2.210126e-02	1.056702e-03
3.000000e-03	-1.987156e-02	2.268599e-02	-3.788556e-02	-3.881434e-02	9.287841e-04
4.000000e-03	-2.199719e-02	2.504228e-02	-4.387189e-02	-4.393313e-02	6.124870e-05
5.000000e-03	-2.239482e-02	2.518653e-02	-4.729495e-02	-4.604229e-02	-1.252658e-03
6.000000e-03	-2.323624e-02	2.552677e-02	-5.187558e-02	-4.917403e-02	-2.701547e-03
7.000000e-03	-2.497836e-02	2.669673e-02	-5.819135e-02	-5.407404e-02	-4.117312e-03
8.000000e-03	-2.873608e-02	3.006818e-02	-6.802281e-02	-6.274748e-02	-5.275329e-03
9.000000e-03	-3.386271e-02	3.500692e-02	-8.024130e-02	-7.398335e-02	-6.257943e-03
1.000000e-02	-3.935443e-02	4.043476e-02	-9.308737e-02	-8.589812e-02	-7.189253e-03
1.100000e-02	-4.417234e-02	4.515474e-02	-1.046633e-01	-9.650399e-02	-8.159307e-03
1.200000e-02	-4.891015e-02	4.984195e-02	-1.161583e-01	-1.069893e-01	-9.168992e-03
1.300000e-02	-5.330106e-02	5.417769e-02	-1.271410e-01	-1.168716e-01	-1.026944e-02
1.400000e-02	-5.778419e-02	5.860503e-02	-1.384623e-01	-1.270154e-01	-1.144697e-02
1.500000e-02	-6.294456e-02	6.377910e-02	-1.512553e-01	-1.385722e-01	-1.268307e-02
1.600000e-02	-6.938233e-02	7.033816e-02	-1.667192e-01	-1.527419e-01	-1.397726e-02
1.700000e-02	-7.710954e-02	7.821358e-02	-1.852053e-01	-1.697122e-01	-1.549311e-02
1.800000e-02	-8.580850e-02	8.701420e-02	-2.061905e-01	-1.889037e-01	-1.728674e-02
1.900000e-02	-9.483555e-02	9.602641e-02	-2.283983e-01	-2.090347e-01	-1.936362e-02
2.000000e-02	-1.038106e-01	1.048486e-01	-2.510450e-01	-2.293331e-01	-2.171189e-02
2.100000e-02	-1.123525e-01	1.130934e-01	-2.731860e-01	-2.489455e-01	-2.424050e-02
2.200000e-02	-1.204066e-01	1.207230e-01	-2.944859e-01	-2.676496e-01	-2.683635e-02
2.300000e-02	-1.282877e-01	1.281428e-01	-3.154419e-01	-2.860086e-01	-2.943329e-02
2.400000e-02	-1.365802e-01	1.359561e-01	-3.372225e-01	-3.051915e-01	-3.203101e-02
2.500000e-02	-1.459173e-01	1.448645e-01	-3.610667e-01	-3.264506e-01	-3.461605e-02
2.600000e-02	-1.566117e-01	1.551879e-01	-3.877354e-01	-3.504794e-01	-3.725600e-02
2.700000e-02	-1.683814e-01	1.666545e-01	-4.168421e-01	-3.768024e-01	-4.003963e-02
2.800000e-02	-1.809578e-01	1.789689e-01	-4.479132e-01	-4.049144e-01	-4.299882e-02
2.900000e-02	-1.940957e-01	1.918649e-01	-4.805556e-01	-4.343735e-01	-4.618213e-02
3.000000e-02	-2.075054e-01	2.050091e-01	-5.141339e-01	-4.645724e-01	-4.956152e-02
3.100000e-02	-2.208989e-01	2.181456e-01	-5.479675e-01	-4.948827e-01	-5.308479e-02
3.200000e-02	-2.342574e-01	2.312219e-01	-5.818234e-01	-5.251691e-01	-5.665428e-02
3.300000e-02	-2.477604e-01	2.444861e-01	-6.158669e-01	-5.556939e-01	-6.017307e-02
3.400000e-02	-2.617969e-01	2.582840e-01	-6.508230e-01	-5.872084e-01	-6.361464e-02
3.500000e-02	-2.766244e-01	2.729250e-01	-6.873082e-01	-6.202785e-01	-6.702967e-02
3.600000e-02	-2.923377e-01	2.884605e-01	-7.256681e-01	-6.551718e-01	-7.049637e-02
3.700000e-02	-3.085396e-01	3.045739e-01	-7.649778e-01	-6.910286e-01	-7.394927e-02
3.800000e-02	-3.252753e-01	3.212467e-01	-8.053626e-01	-7.279566e-01	-7.740599e-02
3.900000e-02	-3.426596e-01	3.386298e-01	-8.469864e-01	-7.661528e-01	-8.083355e-02
4.000000e-02	-3.605168e-01	3.564951e-01	-8.895422e-01	-8.052879e-01	-8.425435e-02
4.100000e-02	-3.787531e-01	3.747818e-01	-9.326620e-01	-8.450841e-01	-8.757794e-02
4.200000e-02	-3.975061e-01	3.935282e-01	-9.767792e-01	-8.858957e-01	-9.088353e-02
4.300000e-02	-4.166198e-01	4.126623e-01	-1.021380e+00	-9.273097e-01	-9.407003e-02
4.400000e-02	-4.360809e-01	4.321016e-01	-1.066435e+00	-9.692983e-01	-9.713639e-02
4.500000e-02	-4.559912e-01	4.519988e-01	-1.112004e+00	-1.011993e+00	-1.000109e-01
4.600000e-02	-4.763133e-01	4.722610e-01	-1.157986e+00	-1.055306e+00	-1.026797e-01
4.700000e-02	-4.967399e-01	4.926637e-01	-1.203705e+00	-1.098593e+00	-1.051126e-01
4.800000e-02	-5.175268e-01	5.134241e-01	-1.249581e+00	-1.142317e+00	-1.072636e-01
4.900000e-02	-5.385726e-01	5.344618e-01	-1.295476e+00	-1.186311e+00	-1.091655e-01
5.000000e-02	-5.597402e-01	5.555896e-01	-1.341325e+00	-1.230402e+00	-1.109221e-01
5.100000e-02	-5.811684e-01	5.769178e-01	-1.387550e+00	-1.274943e+00	-1.126067e-01
5.200000e-02	-6.027703e-01	5.983225e-01	-1.434051e+00	-1.319796e+00	-1.142552e-01
5.300000e-02	-6.243801e-01	6.196191e-01	-1.480628e+00	-1.364694e+00	-1.159341e-01
5.400000e-02	-6.456710e-01	6.404750e-01	-1.526579e+00	-1.408961e+00	-1.176185e-01
5.500000e-02	-6.663766e-01	6.606375e-01	-1.571296e+00	-1.452025e+00	-1.192715e-01
5.600000e-02	-6.864423e-01	6.800568e-01	-1.614551e+00	-1.493718e+00	-1.208334e-01
5.700000e-02	-7.056969e-01	6.985797e-01	-1.655892e+00	-1.533643e+00	-1.222493e-01
5.800000e-02	-7.242877e-01	7.163609e-01	-1.695622e+00	-1.572099e+00	-1.235231e-01
5.900000e-02	-7.426438e-01	7.338236e-01	-1.734710e+00	-1.609999e+00	-1.247113e-01
6.000000e-02	-7.609830e-01	7.511805e-01	-1.773599e+00	-1.647783e+00	-1.258165e-01
6.100000e-02	-7.792079e-01	7.683078e-01	-1.812309e+00	-1.685363e+00	-1.269467e-01
6.200000e-02	-7.972528e-01	7.851367e-01	-1.850750e+00	-1.722628e+00	-1.281223e-01
6.300000e-02	-8.150777e-01	8.016268e-01	-1.888883e+00	-1.759519e+00	-1.293638e-01
6.400000e-02	-8.327106e-01	8.178207e-01	-1.926764e+00	-1.796093e+00	-1.306715e-01
6.500000e-02	-8.499907e-01	8.335653e-01	-1.964163e+00	-1.832072e+00	-1.320907e-01
6.600000e-02	-8.667692e-01	8.487392e-01	-2.000788e+00	-1.867163e+00	-1.336248e-01
6.700000e-02	-8.829451e-01	8.632649e-01	-2.036439e+00	-1.901165e+00	-1.352744e-01
6.800000e-02	-8.982823e-01	8.769392e-01	-2.070591e+00	-1.933578e+00	-1.370131e-01
6.900000e-02	-9.127243e-01	8.897337e-01	-2.103063e+00	-1.964256e+00	-1.388071e-01
7.000000e-02	-9.262253e-01	9.016421e-01	-2.133641e+00	-1.993046e+00	-1.405950e-01
7.100000e-02	-9.389698e-01	9.128845e-01	-2.162553e+00	-2.020246e+00	-1.423067e-01
7.200000e-02	-9.511461e-01	9.236600e-01	-2.190170e+00	-2.046231e+00	-1.439392e-01
7.300000e-02	-9.629458e-01	9.341490e-01	-2.216924e+00	-2.071408e+00	-1.455164e-01
7.400000e-02	-9.744114e-01	9.443953e-01	-2.242948e+00	-2.095885e+00	-1.470623e-01
7.500000e-02	-9.854317e-01	9.543112e-01	-2.268031e+00	-2.119447e+00	-1.485836e-01
7.600000e-02	-9.960380e-01	9.639185e-01	-2.292275e+00	-2.142175e+00	-1.500993e-01
7.700000e-02	-1.005918e+00	9.729126e-01	-2.315014e+00	-2.163424e+00	-1.515893e-01
7.800000e-02	-1.015339e+00	9.815885e-01	-2.336605e+00	-2.183641e+00	-1.529640e-01
7.900000e-02	-1.024437e+00	9.900918e-01	-2.357189e+00	-2.203031e+00	-1.541578e-01
8.000000e-02	-1.033494e+00	9.987227e-01	-2.377205e+00	-2.222097e+00	-1.551086e-01
8.100000e-02	-1.042579e+00	1.007544e+00	-2.396731e+00	-2.240945e+00	-1.557865e-01
8.200000e-02	-1.051807e+00	1.016660e+00	-2.416019e+00	-2.259817e+00	-1.562021e-01
8.300000e-02	-1.061136e+00	1.026031e+00	-2.435010e+00	-2.278641e+00	-1.563686e-01
8.400000e-02	-1.070747e+00	1.035852e+00	-2.454050e+00	-2.297772e+00	-1.562780e-01
8.500000e-02	-1.080552e+00	1.046018e+00	-2.472970e+00	-2.317037e+00	-1.559328e-01
8.600000e-02	-1.090484e+00	1.056451e+00	-2.491627e+00	-2.336297e+00	-1.553299e-01
8.700000e-02	-1.100302e+00	1.066857e+00	-2.509705e+00	-2.355154e+00	-1.545508e-01
8.800000e-02	-1.109954e+00	1.077192e+00	-2.527067e+00	-2.373487e+00	-1.535800e-01
8.900000e-02	-1.119229e+00	1.087261e+00	-2.543253e+00	-2.390856e+00	-1.523976e-01
9.000000e-02	-1.128159e+00	1.097134e+00	-2.558203e+00	-2.407261e+00	-1.509420e-01
9.100000e-02	-1.136897e+00	1.106968e+00	-2.572160e+00	-2.422977e+00	-1.491831e-01
9.200000e-02	-1.145147e+00	1.116462e+00	-2.584604e+00	-2.437449e+00	-1.471549e-01
9.300000e-02	-1.152722e+00	1.125407e+00	-2.595142e+00	-2.450293e+00	-1.448487e-01
9.400000e-02	-1.159664e+00	1.133884e+00	-2.603650e+00	-2.461490e+00	-1.421608e-01
9.500000e-02	-1.166229e+00	1.142146e+00	-2.610539e+00	-2.471498e+00	-1.390410e-01
9.600000e-02	-1.172717e+00	1.150459e+00	-2.616493e+00	-2.480964e+00	-1.355293e-01
9.700000e-02	-1.179260e+00	1.158877e+00	-2.622016e+00	-2.490268e+00	-1.317477e-01
9.800000e-02	-1.185843e+00	1.167325e+00	-2.627376e+00	-2.499531e+00	-1.278455e-01
9.900000e-02	-1.192452e+00	1.175759e+00	-2.632749e+00	-2.508827e+00	-1.239223e-01
1.000000e-01	-1.198886e+00	1.183957e+00	-2.638071e+00	-2.517921e+00	-1.201500e-01
1.010000e-01	-1.204759e+00	1.191534e+00	-2.642748e+00	-2.526133e+00	-1.166145e-01
1.020000e-01	-1.209860e+00	1.198301e+00	-2.646312e+00	-2.533016e+00	-1.132957e-01
1.030000e-01	-1.214349e+00	1.204420e+00	-2.649073e+00	-2.538886e+00	-1.101878e-01
1.040000e-01	-1.218279e+00	1.209924e+00	-2.651153e+00	-2.543855e+00	-1.072979e-01
1.050000e-01	-1.221760e+00	1.214939e+00	-2.652730e+00	-2.548124e+00	-1.046055e-01
1.060000e-01	-1.224957e+00	1.219640e+00	-2.654097e+00	-2.552006e+00	-1.020912e-01
1.070000e-01	-1.228024e+00	1.224177e+00	-2.655585e+00	-2.555817e+00	-9.976792e-02
1.080000e-01	-1.231128e+00	1.228684e+00	-2.657530e+00	-2.559893e+00	-9.763666e-02
1.090000e-01	-1.234123e+00	1.232993e+00	-2.659690e+00	-2.563967e+00	-9.572216e-02
1.100000e-01	-1.237001e+00	1.237093e+00	-2.662036e+00	-2.568019e+00	-9.401768e-02
1.110000e-01	-1.239876e+00	1.241103e+00	-2.664841e+00	-2.572296e+00	-9.254483e-02
1.120000e-01	-1.242766e+00	1.245040e+00	-2.668048e+00	-2.576790e+00	-9.125786e-02
1.130000e-01	-1.245813e+00	1.249031e+00	-2.671893e+00	-2.581760e+00	-9.013328e-02
1.140000e-01	-1.249087e+00	1.253149e+00	-2.676609e+00	-2.587392e+00	-8.921683e-02
1.150000e-01	-1.252872e+00	1.257688e+00	-2.682668e+00	-2.594206e+00	-8.846199e-02
1.160000e-01	-1.257100e+00	1.262541e+00	-2.689970e+00	-2.602085e+00	-8.788545e-02
1.170000e-01	-1.261933e+00	1.267885e+00	-2.698710e+00	-2.611287e+00	-8.742226e-02
1.180000e-01	-1.267442e+00	1.273763e+00	-2.709268e+00	-2.622076e+00	-8.719174e-02
1.190000e-01	-1.273527e+00	1.280050e+00	-2.721489e+00	-2.634271e+00	-8.721804e-02
1.200000e-01	-1.280086e+00	1.286576e+00	-2.735302e+00	-2.647737e+00	-8.756494e-02
1.210000e-01	-1.286796e+00	1.292972e+00	-2.750281e+00	-2.661937e+00	-8.834446e-02
1.220000e-01	-1.293737e+00	1.299327e+00	-2.766587e+00	-2.677031e+00	-8.955599e-02
1.230000e-01	-1.300743e+00	1.305486e+00	-2.783822e+00	-2.692654e+00	-9.116827e-02
1.240000e-01	-1.307778e+00	1.311418e+00	-2.801822e+00	-2.708689e+00	-9.313305e-02
1.250000e-01	-1.314998e+00	1.317296e+00	-2.820836e+00	-2.725416e+00	-9.541979e-02
1.260000e-01	-1.322368e+00	1.323127e+00	-2.840603e+00	-2.742669e+00	-9.793386e-02
1.270000e-01	-1.330089e+00	1.329140e+00	-2.861345e+00	-2.760761e+00	-1.005838e-01
1.280000e-01	-1.338418e+00	1.335614e+00	-2.883450e+00	-2.780143e+00	-1.033070e-01
1.290000e-01	-1.347442e+00	1.342624e+00	-2.907067e+00	-2.800975e+00	-1.060918e-01
1.300000e-01	-1.356945e+00	1.349943e+00	-2.931888e+00	-2.822889e+00	-1.089986e-01
1.310000e-01	-1.366731e+00	1.357396e+00	-2.957445e+00	-2.845453e+00	-1.119920e-01
1.320000e-01	-1.376879e+00	1.365137e+00	-2.983785e+00	-2.868771e+00	-1.150137e-01
1.330000e-01	-1.387001e+00	1.372844e+00	-3.009924e+00	-2.891963e+00	-1.179615e-01
1.340000e-01	-1.396677e+00	1.380218e+00	-3.034799e+00	-2.914077e+00	-1.207222e-01
1.350000e-01	-1.405860e+00	1.387296e+00	-3.058173e+00	-2.934947e+00	-1.232258e-01
1.360000e-01	-1.415043e+00	1.394669e+00	-3.080621e+00	-2.955354e+00	-1.252678e-01
1.370000e-01	-1.424418e+00	1.402531e+00	-3.102442e+00	-2.975639e+00	-1.268029e-01
1.380000e-01	-1.434300e+00	1.411211e+00	-3.124198e+00	-2.996399e+00	-1.277993e-01
1.390000e-01	-1.443880e+00	1.419752e+00	-3.144780e+00	-3.016270e+00	-1.285105e-01
1.400000e-01	-1.452710e+00	1.427681e+00	-3.163419e+00	-3.034420e+00	-1.289993e-01
1.410000e-01	-1.459703e+00	1.434015e+00	-3.177862e+00	-3.048633e+00	-1.292281e-01
1.420000e-01	-1.462556e+00	1.436458e+00	-3.183823e+00	-3.054468e+00	-1.293551e-01
1.430000e-01	-1.461575e+00	1.435276e+00	-3.182154e+00	-3.052652e+00	-1.295021e-01
1.440000e-01	-1.458469e+00	1.432251e+00	-3.175788e+00	-3.046364e+00	-1.294248e-01
1.450000e-01	-1.454569e+00	1.428684e+00	-3.167538e+00	-3.038338e+00	-1.291998e-01
1.460000e-01	-1.450946e+00	1.425696e+00	-3.159234e+00	-3.030563e+00	-1.286714e-01
1.470000e-01	-1.447945e+00	1.423509e+00	-3.152208e+00	-3.024049e+00	-1.281594e-01
1.480000e-01	-1.444800e+00	1.421281e+00	-3.145404e+00	-3.017502e+00	-1.279019e-01
1.490000e-01	-1.440911e+00	1.418413e+00	-3.137940e+00	-3.009881e+00	-1.280585e-01
1.500000e-01	-1.435719e+00	1.414316e+00	-3.128598e+00	-3.000018e+00	-1.285795e-01
1.510000e-01	-1.428164e+00	1.407747e+00	-3.115843e+00	-2.986085e+00	-1.297580e-01
1.520000e-01	-1.418244e+00	1.398648e+00	-3.099392e+00	-2.967940e+00	-1.314525e-01
1.530000e-01	-1.406533e+00	1.387503e+00	-3.080322e+00	-2.946694e+00	-1.336277e-01
1.540000e-01	-1.394769e+00	1.376128e+00	-3.061036e+00	-2.925287e+00	-1.357484e-01
1.550000e-01	-1.384759e+00	1.366358e+00	-3.044746e+00	-2.907132e+00	-1.376140e-01
1.560000e-01	-1.377841e+00	1.359610e+00	-3.033274e+00	-2.894478e+00	-1.387959e-01
1.570000e-01	-1.374847e+00	1.356653e+00	-3.028412e+00	-2.889052e+00	-1.393592e-01
1.580000e-01	-1.375516e+00	1.357199e+00	-3.029344e+00	-2.890188e+00	-1.391558e-01
1.590000e-01	-1.379405e+00	1.360699e+00	-3.036198e+00	-2.897504e+00	-1.386945e-01
1.600000e-01	-1.385363e+00	1.366027e+00	-3.046507e+00	-2.908617e+00	-1.378902e-01
1.610000e-01	-1.392151e+00	1.371990e+00	-3.058446e+00	-2.921373e+00	-1.370722e-01
1.620000e-01	-1.399141e+00	1.378226e+00	-3.070113e+00	-2.934198e+00	-1.359158e-01
1.630000e-01	-1.405705e+00	1.384249e+00	-3.080370e+00	-2.945891e+00	-1.344799e-01
1.640000e-01	-1.411861e+00	1.390234e+00	-3.088874e+00	-2.956297e+00	-1.325763e-01
1.650000e-01	-1.417701e+00	1.396280e+00	-3.095874e+00	-2.965638e+00	-1.302358e-01
1.660000e-01	-1.423286e+00	1.402408e+00	-3.101675e+00	-2.974124e+00	-1.275509e-01
1.670000e-01	-1.428235e+00	1.408051e+00	-3.105912e+00	-2.981191e+00	-1.247206e-01
1.680000e-01	-1.433100e+00	1.413793e+00	-3.109489e+00	-2.987844e+00	-1.216448e-01
1.690000e-01	-1.437509e+00	1.419289e+00	-3.111773e+00	-2.993395e+00	-1.183775e-01
1.700000e-01	-1.441244e+00	1.424389e+00	-3.112424e+00	-2.997456e+00	-1.149676e-01
1.710000e-01	-1.443871e+00	1.428625e+00	-3.110820e+00	-2.999281e+00	-1.115389e-01
1.720000e-01	-1.445220e+00	1.431804e+00	-3.106719e+00	-2.998579e+00	-1.081394e-01
1.730000e-01	-1.445188e+00	1.433717e+00	-3.100110e+00	-2.995243e+00	-1.048668e-01
1.740000e-01	-1.444220e+00	1.434755e+00	-3.091970e+00	-2.990205e+00	-1.017649e-01
1.750000e-01	-1.442405e+00	1.434927e+00	-3.082553e+00	-2.983681e+00	-9.887157e-02
1.760000e-01	-1.440168e+00	1.434633e+00	-3.072625e+00	-2.976480e+00	-9.614507e-02
1.770000e-01	-1.437803e+00	1.434124e+00	-3.062721e+00	-2.969164e+00	-9.355712e-02
1.780000e-01	-1.436122e+00	1.434278e+00	-3.054271e+00	-2.963257e+00	-9.101382e-02
1.790000e-01	-1.435161e+00	1.435175e+00	-3.047322e+00	-2.958822e+00	-8.850029e-02
1.800000e-01	-1.435039e+00	1.436952e+00	-3.042270e+00	-2.956174e+00	-8.609590e-02
1.810000e-01	-1.435151e+00	1.438896e+00	-3.038440e+00	-2.954371e+00	-8.406927e-02
1.820000e-01	-1.435035e+00	1.440427e+00	-3.035449e+00	-2.952760e+00	-8.268974e-02
1.830000e-01	-1.434128e+00	1.440815e+00	-3.032529e+00	-2.950392e+00	-8.213620e-02
1.840000e-01	-1.432357e+00	1.439918e+00	-3.029572e+00	-2.947143e+00	-8.242893e-02
1.850000e-01	-1.429786e+00	1.437849e+00	-3.026346e+00	-2.942959e+00	-8.338656e-02
1.860000e-01	-1.427088e+00	1.435415e+00	-3.023524e+00	-2.938850e+00	-8.467352e-02
1.870000e-01	-1.425061e+00	1.433525e+00	-3.022110e+00	-2.936116e+00	-8.599409e-02
1.880000e-01	-1.424280e+00	1.432782e+00	-3.022980e+00	-2.935770e+00	-8.720988e-02
1.890000e-01	-1.424582e+00	1.432960e+00	-3.025980e+00	-2.937572e+00	-8.840792e-02
1.900000e-01	-1.425839e+00	1.433869e+00	-3.031065e+00	-2.941371e+00	-8.969386e-02
1.910000e-01	-1.428126e+00	1.435551e+00	-3.038493e+00	-2.947372e+00	-9.112096e-02
1.920000e-01	-1.431915e+00	1.438500e+00	-3.049145e+00	-2.956488e+00	-9.265758e-02
1.930000e-01	-1.437355e+00	1.442848e+00	-3.063368e+00	-2.969039e+00	-9.432947e-02
1.940000e-01	-1.444404e+00	1.448544e+00	-3.081195e+00	-2.985001e+00	-9.619399e-02
1.950000e-01	-1.452892e+00	1.455398e+00	-3.102405e+00	-3.004095e+00	-9.831023e-02
1.960000e-01	-1.462706e+00	1.463267e+00	-3.126975e+00	-3.026194e+00	-1.007815e-01
1.970000e-01	-1.473667e+00	1.471924e+00	-3.154726e+00	-3.051030e+00	-1.036963e-01
1.980000e-01	-1.485736e+00	1.481305e+00	-3.185690e+00	-3.078581e+00	-1.071095e-01
1.990000e-01	-1.498866e+00	1.491362e+00	-3.219752e+00	-3.108742e+00	-1.110102e-01
2.000000e-01	-1.513009e+00	1.502098e+00	-3.256724e+00	-3.141371e+00	-1.153530e-01
2.010000e-01	-1.528069e+00	1.513485e+00	-3.296171e+00	-3.176154e+00	-1.200167e-01
2.020000e-01	-1.543726e+00	1.525282e+00	-3.337249e+00	-3.212351e+00	-1.248985e-01
2.030000e-01	-1.559749e+00	1.537348e+00	-3.379157e+00	-3.249327e+00	-1.298292e-01
2.040000e-01	-1.576100e+00	1.549745e+00	-3.421469e+00	-3.286834e+00	-1.346341e-01
2.050000e-01	-1.592681e+00	1.562496e+00	-3.463633e+00	-3.324497e+00	-1.391362e-01
2.060000e-01	-1.609356e+00	1.575635e+00	-3.504997e+00	-3.361854e+00	-1.431432e-01
2.070000e-01	-1.625770e+00	1.588918e+00	-3.544754e+00	-3.398147e+00	-1.466064e-01
2.080000e-01	-1.640684e+00	1.601205e+00	-3.580655e+00	-3.431012e+00	-1.496435e-01
2.090000e-01	-1.651927e+00	1.610377e+00	-3.608847e+00	-3.456351e+00	-1.524966e-01
2.100000e-01	-1.658086e+00	1.615018e+00	-3.626761e+00	-3.471467e+00	-1.552944e-01
2.110000e-01	-1.659741e+00	1.615688e+00	-3.635228e+00	-3.477356e+00	-1.578728e-01
2.120000e-01	-1.658156e+00	1.613618e+00	-3.636476e+00	-3.476394e+00	-1.600816e-01
2.130000e-01	-1.654228e+00	1.609534e+00	-3.632494e+00	-3.470475e+00	-1.620185e-01
2.140000e-01	-1.648349e+00	1.603591e+00	-3.624761e+00	-3.460729e+00	-1.640315e-01
2.150000e-01	-1.640660e+00	1.595713e+00	-3.614191e+00	-3.447756e+00	-1.664353e-01
2.160000e-01	-1.631714e+00	1.586342e+00	-3.601993e+00	-3.432710e+00	-1.692825e-01
2.170000e-01	-1.622652e+00	1.576634e+00	-3.589942e+00	-3.417623e+00	-1.723189e-01
2.180000e-01	-1.614788e+00	1.568002e+00	-3.579904e+00	-3.404740e+00	-1.751643e-01
2.190000e-01	-1.609289e+00	1.561733e+00	-3.573531e+00	-3.396054e+00	-1.774770e-01
2.200000e-01	-1.606682e+00	1.558454e+00	-3.571580e+00	-3.392473e+00	-1.791080e-01
2.210000e-01	-1.606716e+00	1.557911e+00	-3.573730e+00	-3.393581e+00	-1.801490e-01
2.220000e-01	-1.608931e+00	1.559615e+00	-3.579450e+00	-3.398657e+00	-1.807937e-01
2.230000e-01	-1.612591e+00	1.562753e+00	-3.587667e+00	-3.406424e+00	-1.812426e-01
2.240000e-01	-1.617231e+00	1.566858e+00	-3.597616e+00	-3.416039e+00	-1.815774e-01
2.250000e-01	-1.622426e+00	1.571526e+00	-3.608415e+00	-3.426633e+00	-1.817818e-01
2.260000e-01	-1.628229e+00	1.576881e+00	-3.619937e+00	-3.438198e+00	-1.817394e-01
2.270000e-01	-1.634517e+00	1.582846e+00	-3.631789e+00	-3.450412e+00	-1.813775e-01
2.280000e-01	-1.641295e+00	1.589455e+00	-3.643976e+00	-3.463283e+00	-1.806926e-01
2.290000e-01	-1.648286e+00	1.596418e+00	-3.656004e+00	-3.476288e+00	-1.797163e-01
2.300000e-01	-1.655264e+00	1.603527e+00	-3.667596e+00	-3.489062e+00	-1.785338e-01
2.310000e-01	-1.661925e+00	1.610449e+00	-3.678318e+00	-3.501084e+00	-1.772341e-01
2.320000e-01	-1.667958e+00	1.616869e+00	-3.687582e+00	-3.511749e+00	-1.758326e-01
2.330000e-01	-1.673246e+00	1.622665e+00	-3.695168e+00	-3.520830e+00	-1.743378e-01
2.340000e-01	-1.677739e+00	1.627820e+00	-3.700896e+00	-3.528188e+00	-1.727087e-01
2.350000e-01	-1.681416e+00	1.632281e+00	-3.704794e+00	-3.533813e+00	-1.709809e-01
2.360000e-01	-1.684372e+00	1.636140e+00	-3.706973e+00	-3.537858e+00	-1.691142e-01
2.370000e-01	-1.686527e+00	1.639274e+00	-3.707377e+00	-3.540216e+00	-1.671609e-01
2.380000e-01	-1.687968e+00	1.641779e+00	-3.706260e+00	-3.541098e+00	-1.651617e-01
2.390000e-01	-1.688702e+00	1.643634e+00	-3.703702e+00	-3.540553e+00	-1.631489e-01
2.400000e-01	-1.688760e+00	1.644888e+00	-3.699633e+00	-3.538577e+00	-1.610564e-01
2.410000e-01	-1.688114e+00	1.645481e+00	-3.694215e+00	-3.535221e+00	-1.589935e-01
2.420000e-01	-1.686906e+00	1.645569e+00	-3.687626e+00	-3.530719e+00	-1.569071e-01
2.430000e-01	-1.685117e+00	1.645103e+00	-3.679909e+00	-3.525072e+00	-1.548370e-01
2.440000e-01	-1.682928e+00	1.644274e+00	-3.671379e+00	-3.518617e+00	-1.527617e-01
2.450000e-01	-1.680392e+00	1.643114e+00	-3.662212e+00	-3.511498e+00	-1.507144e-01
2.460000e-01	-1.677706e+00	1.641822e+00	-3.652776e+00	-3.504093e+00	-1.486821e-01
2.470000e-01	-1.674887e+00	1.640396e+00	-3.643145e+00	-3.496460e+00	-1.466857e-01
2.480000e-01	-1.672025e+00	1.638915e+00	-3.633522e+00	-3.488786e+00	-1.447356e-01
2.490000e-01	-1.669049e+00	1.637290e+00	-3.623816e+00	-3.480957e+00	-1.428585e-01
2.500000e-01	-1.666053e+00	1.635620e+00	-3.614131e+00	-3.473119e+00	-1.410119e-01
2.510000e-01	-1.662988e+00	1.633853e+00	-3.604365e+00	-3.465171e+00	-1.391941e-01
2.520000e-01	-1.660012e+00	1.632142e+00	-3.594843e+00	-3.457433e+00	-1.374098e-01
2.530000e-01	-1.657123e+00	1.630488e+00	-3.585582e+00	-3.449914e+00	-1.356680e-01
2.540000e-01	-1.654367e+00	1.628933e+00	-3.576607e+00	-3.442671e+00	-1.339365e-01
2.550000e-01	-1.651671e+00	1.627386e+00	-3.567857e+00	-3.435600e+00	-1.322576e-01
2.560000e-01	-1.649062e+00	1.625855e+00	-3.559487e+00	-3.428805e+00	-1.306822e-01
2.570000e-01	-1.646537e+00	1.624327e+00	-3.551519e+00	-3.422296e+00	-1.292231e-01
2.580000e-01	-1.644169e+00	1.622889e+00	-3.543964e+00	-3.416151e+00	-1.278130e-01
2.590000e-01	-1.641967e+00	1.621546e+00	-3.536906e+00	-3.410420e+00	-1.264862e-01
2.600000e-01	-1.639948e+00	1.620317e+00	-3.530434e+00	-3.405164e+00	-1.252694e-01
2.610000e-01	-1.638042e+00	1.619123e+00	-3.524452e+00	-3.400268e+00	-1.241837e-01
2.620000e-01	-1.636266e+00	1.617982e+00	-3.518888e+00	-3.395710e+00	-1.231785e-01
2.630000e-01	-1.634601e+00	1.616872e+00	-3.513767e+00	-3.391485e+00	-1.222823e-01
2.640000e-01	-1.633100e+00	1.615845e+00	-3.509213e+00	-3.387706e+00	-1.215066e-01
2.650000e-01	-1.631744e+00	1.614865e+00	-3.505278e+00	-3.384383e+00	-1.208947e-01
2.660000e-01	-1.630504e+00	1.613904e+00	-3.501800e+00	-3.381405e+00	-1.203957e-01
2.670000e-01	-1.629299e+00	1.612875e+00	-3.498708e+00	-3.378653e+00	-1.200548e-01
2.680000e-01	-1.628144e+00	1.611801e+00	-3.496021e+00	-3.376154e+00	-1.198663e-01
2.690000e-01	-1.627032e+00	1.610677e+00	-3.493743e+00	-3.373904e+00	-1.198391e-01
2.700000e-01	-1.626057e+00	1.609618e+00	-3.491928e+00	-3.372021e+00	-1.199067e-01
2.710000e-01	-1.625230e+00	1.608637e+00	-3.490572e+00	-3.370516e+00	-1.200559e-01
2.720000e-01	-1.624647e+00	1.607841e+00	-3.489849e+00	-3.369572e+00	-1.202773e-01
2.730000e-01	-1.624243e+00	1.607148e+00	-3.489753e+00	-3.369120e+00	-1.206335e-01
2.740000e-01	-1.624017e+00	1.606578e+00	-3.490188e+00	-3.369112e+00	-1.210768e-01
2.750000e-01	-1.623903e+00	1.606056e+00	-3.491017e+00	-3.369411e+00	-1.216059e-01
2.760000e-01	-1.623919e+00	1.605615e+00	-3.492305e+00	-3.370072e+00	-1.222332e-01
2.770000e-01	-1.624041e+00	1.605227e+00	-3.494012e+00	-3.371047e+00	-1.229653e-01
2.780000e-01	-1.624327e+00	1.604987e+00	-3.496125e+00	-3.372389e+00	-1.237354e-01
2.790000e-01	-1.624732e+00	1.604828e+00	-3.498587e+00	-3.374026e+00	-1.245611e-01
2.800000e-01	-1.625260e+00	1.604777e+00	-3.501365e+00	-3.375942e+00	-1.254222e-01
2.810000e-01	-1.625856e+00	1.604765e+00	-3.504457e+00	-3.378084e+00	-1.263728e-01
2.820000e-01	-1.626537e+00	1.604823e+00	-3.507830e+00	-3.380452e+00	-1.273783e-01
2.830000e-01	-1.627264e+00	1.604905e+00	-3.511346e+00	-3.382937e+00	-1.284087e-01
2.840000e-01	-1.628071e+00	1.605072e+00	-3.515056e+00	-3.385599e+00	-1.294571e-01
2.850000e-01	-1.628920e+00	1.605270e+00	-3.518982e+00	-3.388411e+00	-1.305709e-01
2.860000e-01	-1.629841e+00	1.605546e+00	-3.523026e+00	-3.391354e+00	-1.316721e-01
2.870000e-01	-1.630758e+00	1.605811e+00	-3.527076e+00	-3.394296e+00	-1.327799e-01
2.880000e-01	-1.631727e+00	1.606135e+00	-3.531232e+00	-3.397343e+00	-1.338893e-01
2.890000e-01	-1.632657e+00	1.606414e+00	-3.535355e+00	-3.400335e+00	-1.350202e-01
2.900000e-01	-1.633639e+00	1.606753e+00	-3.539516e+00	-3.403397e+00	-1.361186e-01
2.910000e-01	-1.634601e+00	1.607070e+00	-3.543672e+00	-3.406437e+00	-1.372355e-01
2.920000e-01	-1.635655e+00	1.607488e+00	-3.547911e+00	-3.409610e+00	-1.383007e-01
2.930000e-01	-1.636682e+00	1.607879e+00	-3.552047e+00	-3.412706e+00	-1.393409e-01
2.940000e-01	-1.637802e+00	1.608381e+00	-3.556299e+00	-3.415952e+00	-1.403471e-01
2.950000e-01	-1.638909e+00	1.608879e+00	-3.560548e+00	-3.419183e+00	-1.413647e-01
2.960000e-01	-1.640090e+00	1.609468e+00	-3.564731e+00	-3.422456e+00	-1.422758e-01
2.970000e-01	-1.641229e+00	1.610025e+00	-3.568747e+00	-3.425603e+00	-1.431443e-01
2.980000e-01	-1.642468e+00	1.610717e+00	-3.572877e+00	-3.428906e+00	-1.439706e-01
2.990000e-01	-1.643696e+00	1.611424e+00	-3.576969e+00	-3.432180e+00	-1.447883e-01
3.000000e-01	-1.644984e+00	1.612210e+00	-3.580960e+00	-3.435464e+00	-1.454963e-01
3.010000e-01	-1.646213e+00	1.612959e+00	-3.584763e+00	-3.438594e+00	-1.461688e-01
3.020000e-01	-1.647502e+00	1.613819e+00	-3.588601e+00	-3.441803e+00	-1.467985e-01
3.030000e-01	-1.648735e+00	1.614649e+00	-3.592294e+00	-3.444882e+00	-1.474119e-01
3.040000e-01	-1.649990e+00	1.615542e+00	-3.595813e+00	-3.447897e+00	-1.479164e-01
3.050000e-01	-1.651136e+00	1.616363e+00	-3.599024e+00	-3.450648e+00	-1.483759e-01
3.060000e-01	-1.652297e+00	1.617252e+00	-3.602174e+00	-3.453384e+00	-1.487903e-01
3.070000e-01	-1.653317e+00	1.618037e+00	-3.605005e+00	-3.455819e+00	-1.491862e-01
3.080000e-01	-1.654306e+00	1.618844e+00	-3.607576e+00	-3.458095e+00	-1.494818e-01
3.090000e-01	-1.655117e+00	1.619506e+00	-3.609701e+00	-3.459967e+00	-1.497340e-01
3.100000e-01	-1.655901e+00	1.620191e+00	-3.611676e+00	-3.461739e+00	-1.499370e-01
3.110000e-01	-1.656539e+00	1.620771e+00	-3.613296e+00	-3.463187e+00	-1.501086e-01
3.120000e-01	-1.657148e+00	1.621367e+00	-3.614692e+00	-3.464494e+00	-1.501974e-01
3.130000e-01	-1.657577e+00	1.621808e+00	-3.615619e+00	-3.465386e+00	-1.502328e-01
3.140000e-01	-1.657962e+00	1.622250e+00	-3.616345e+00	-3.466135e+00	-1.502106e-01
3.150000e-01	-1.658197e+00	1.622572e+00	-3.616733e+00	-3.466563e+00	-1.501697e-01
3.160000e-01	-1.658407e+00	1.622902e+00	-3.616922e+00	-3.466868e+00	-1.500539e-01
3.170000e-01	-1.658446e+00	1.623085e+00	-3.616616e+00	-3.466754e+00	-1.498624e-01
3.180000e-01	-1.658502e+00	1.623316e+00	-3.616247e+00	-3.466626e+00	-1.496216e-01
3.190000e-01	-1.658472e+00	1.623482e+00	-3.615687e+00	-3.466315e+00	-1.493717e-01
3.200000e-01	-1.658474e+00	1.623709e+00	-3.615000e+00	-3.465974e+00	-1.490262e-01
3.210000e-01	-1.658363e+00	1.623836e+00	-3.613932e+00	-3.465329e+00	-1.486029e-01
3.220000e-01	-1.658319e+00	1.624047e+00	-3.612986e+00	-3.464812e+00	-1.481737e-01
3.230000e-01	-1.658211e+00	1.624213e+00	-3.611889e+00	-3.464156e+00	-1.477331e-01
3.240000e-01	-1.658147e+00	1.624440e+00	-3.610688e+00	-3.463491e+00	-1.471972e-01
3.250000e-01	-1.657985e+00	1.624573e+00	-3.609236e+00	-3.462603e+00	-1.466335e-01
3.260000e-01	-1.657882e+00	1.624783e+00	-3.607918e+00	-3.461841e+00	-1.460772e-01
3.270000e-01	-1.657721e+00	1.624955e+00	-3.606450e+00	-3.460946e+00	-1.455037e-01
3.280000e-01	-1.657565e+00	1.625132e+00	-3.604805e+00	-3.459968e+00	-1.448371e-01
3.290000e-01	-1.657331e+00	1.625234e+00	-3.603029e+00	-3.458846e+00	-1.441838e-01
3.300000e-01	-1.657150e+00	1.625411e+00	-3.601417e+00	-3.457858e+00	-1.435583e-01
3.310000e-01	-1.656885e+00	1.625504e+00	-3.599636e+00	-3.456703e+00	-1.429331e-01
3.320000e-01	-1.656580e+00	1.625555e+00	-3.597610e+00	-3.455385e+00	-1.422255e-01
3.330000e-01	-1.656178e+00	1.625515e+00	-3.595516e+00	-3.453936e+00	-1.415796e-01
3.340000e-01	-1.655796e+00	1.625506e+00	-3.593529e+00	-3.452561e+00	-1.409679e-01
3.350000e-01	-1.655311e+00	1.625385e+00	-3.591318e+00	-3.450970e+00	-1.403480e-01
3.360000e-01	-1.654780e+00	1.625221e+00	-3.588903e+00	-3.449231e+00	-1.396717e-01
3.370000e-01	-1.654148e+00	1.624955e+00	-3.586492e+00	-3.447395e+00	-1.390978e-01
3.380000e-01	-1.653519e+00	1.624698e+00	-3.584145e+00	-3.445592e+00	-1.385533e-01
3.390000e-01	-1.652773e+00	1.624311e+00	-3.581525e+00	-3.443536e+00	-1.379893e-01
3.400000e-01	-1.652011e+00	1.623901e+00	-3.578846e+00	-3.441434e+00	-1.374123e-01
3.410000e-01	-1.651159e+00	1.623388e+00	-3.576182e+00	-3.439250e+00	-1.369318e-01
3.420000e-01	-1.650345e+00	1.622916e+00	-3.573645e+00	-3.437167e+00	-1.364777e-01
3.430000e-01	-1.649432e+00	1.622320e+00	-3.570914e+00	-3.434889e+00	-1.360245e-01
3.440000e-01	-1.648537e+00	1.621725e+00	-3.568219e+00	-3.432647e+00	-1.355723e-01
3.450000e-01	-1.647594e+00	1.621069e+00	-3.565626e+00	-3.430407e+00	-1.352191e-01
3.460000e-01	-1.646716e+00	1.620473e+00	-3.563228e+00	-3.428330e+00	-1.348983e-01
3.470000e-01	-1.645799e+00	1.619804e+00	-3.560742e+00	-3.426170e+00	-1.345720e-01
3.480000e-01	-1.644945e+00	1.619181e+00	-3.558386e+00	-3.424138e+00	-1.342483e-01
3.490000e-01	-1.644102e+00	1.618544e+00	-3.556258e+00	-3.422231e+00	-1.340277e-01
3.500000e-01	-1.643341e+00	1.617972e+00	-3.554360e+00	-3.420521e+00	-1.338388e-01
3.510000e-01	-1.642598e+00	1.617385e+00	-3.552540e+00	-3.418869e+00	-1.336719e-01
3.520000e-01	-1.641919e+00	1.616837e+00	-3.550841e+00	-3.417339e+00	-1.335021e-01
3.530000e-01	-1.641282e+00	1.616304e+00	-3.549401e+00	-3.415982e+00	-1.334187e-01
3.540000e-01	-1.640746e+00	1.615853e+00	-3.548217e+00	-3.414855e+00	-1.333627e-01
3.550000e-01	-1.640258e+00	1.615415e+00	-3.547198e+00	-3.413857e+00	-1.333409e-01
3.560000e-01	-1.639856e+00	1.615038e+00	-3.546333e+00	-3.413023e+00	-1.333106e-01
3.570000e-01	-1.639524e+00	1.614709e+00	-3.545767e+00	-3.412408e+00	-1.333590e-01
3.580000e-01	-1.639301e+00	1.614468e+00	-3.545473e+00	-3.412038e+00	-1.334358e-01
3.590000e-01	-1.639138e+00	1.614252e+00	-3.545351e+00	-3.411813e+00	-1.335381e-01
3.600000e-01	-1.639061e+00	1.614103e+00	-3.545373e+00	-3.411747e+00	-1.336258e-01
3.610000e-01	-1.639050e+00	1.614000e+00	-3.545697e+00	-3.411899e+00	-1.337983e-01
3.620000e-01	-1.639128e+00	1.613970e+00	-3.546228e+00	-3.412242e+00	-1.339866e-01
3.630000e-01	-1.639245e+00	1.613951e+00	-3.546889e+00	-3.412690e+00	-1.341990e-01
3.640000e-01	-1.639426e+00	1.613980e+00	-3.547650e+00	-3.413251e+00	-1.343987e-01
3.650000e-01	-1.639647e+00	1.614040e+00	-3.548622e+00	-3.413958e+00	-1.346640e-01
3.660000e-01	-1.639936e+00	1.614160e+00	-3.549751e+00	-3.414812e+00	-1.349390e-01
3.670000e-01	-1.640250e+00	1.614282e+00	-3.550951e+00	-3.415725e+00	-1.352257e-01
3.680000e-01	-1.640604e+00	1.614443e+00	-3.552186e+00	-3.416697e+00	-1.354885e-01
3.690000e-01	-1.640975e+00	1.614612e+00	-3.553577e+00	-3.417764e+00	-1.358131e-01
3.700000e-01	-1.641385e+00	1.614816e+00	-3.555055e+00	-3.418913e+00	-1.361427e-01
3.710000e-01	-1.641783e+00	1.614995e+00	-3.556509e+00	-3.420037e+00	-1.364720e-01
3.720000e-01	-1.642194e+00	1.615194e+00	-3.557934e+00	-3.421162e+00	-1.367728e-01
3.730000e-01	-1.642603e+00	1.615388e+00	-3.559457e+00	-3.422332e+00	-1.371255e-01
3.740000e-01	-1.643030e+00	1.615607e+00	-3.560986e+00	-3.423523e+00	-1.374634e-01
3.750000e-01	-1.643432e+00	1.615798e+00	-3.562461e+00	-3.424662e+00	-1.377985e-01
3.760000e-01	-1.643829e+00	1.615993e+00	-3.563874e+00	-3.425767e+00	-1.381077e-01
3.770000e-01	-1.644198e+00	1.616162e+00	-3.565290e+00	-3.426843e+00	-1.384474e-01
3.780000e-01	-1.644556e+00	1.616333e+00	-3.566645e+00	-3.427879e+00	-1.387661e-01
3.790000e-01	-1.644881e+00	1.616468e+00	-3.567939e+00	-3.428851e+00	-1.390879e-01
3.800000e-01	-1.645195e+00	1.616606e+00	-3.569114e+00	-3.429752e+00	-1.393625e-01
3.810000e-01	-1.645476e+00	1.616718e+00	-3.570266e+00	-3.430609e+00	-1.396574e-01
3.820000e-01	-1.645758e+00	1.616841e+00	-3.571392e+00	-3.431454e+00	-1.399378e-01
3.830000e-01	-1.646014e+00	1.616945e+00	-3.572450e+00	-3.432239e+00	-1.402110e-01
3.840000e-01	-1.646263e+00	1.617056e+00	-3.573387e+00	-3.432956e+00	-1.404304e-01
3.850000e-01	-1.646483e+00	1.617140e+00	-3.574299e+00	-3.433633e+00	-1.406665e-01
3.860000e-01	-1.646721e+00	1.617260e+00	-3.575210e+00	-3.434326e+00	-1.408839e-01
3.870000e-01	-1.646942e+00	1.617370e+00	-3.576067e+00	-3.434976e+00	-1.410912e-01
3.880000e-01	-1.647167e+00	1.617493e+00	-3.576817e+00	-3.435575e+00	-1.412411e-01
3.890000e-01	-1.647366e+00	1.617597e+00	-3.577532e+00	-3.436132e+00	-1.414005e-01
3.900000e-01	-1.647589e+00	1.617744e+00	-3.578273e+00	-3.436725e+00	-1.415481e-01
3.910000e-01	-1.647793e+00	1.617875e+00	-3.578958e+00	-3.437272e+00	-1.416862e-01
3.920000e-01	-1.647998e+00	1.618021e+00	-3.579504e+00	-3.437750e+00	-1.417535e-01
3.930000e-01	-1.648180e+00	1.618151e+00	-3.580026e+00	-3.438193e+00	-1.418332e-01
3.940000e-01	-1.648391e+00	1.618327e+00	-3.580589e+00	-3.438685e+00	-1.419038e-01
3.950000e-01	-1.648580e+00	1.618486e+00	-3.581071e+00	-3.439116e+00	-1.419558e-01
3.960000e-01	-1.648772e+00	1.618662e+00	-3.581429e+00	-3.439486e+00	-1.419428e-01
3.970000e-01	-1.648935e+00	1.618814e+00	-3.581771e+00	-3.439820e+00	-1.419509e-01
3.980000e-01	-1.649119e+00	1.619006e+00	-3.582122e+00	-3.440180e+00	-1.419422e-01
3.990000e-01	-1.649270e+00	1.619172e+00	-3.582378e+00	-3.440459e+00	-1.419196e-01
4.000000e-01	-1.649411e+00	1.619337e+00	-3.582501e+00	-3.440662e+00	-1.418393e-01
4.010000e-01	-1.649513e+00	1.619468e+00	-3.582583e+00	-3.440804e+00	-1.417789e-01
4.020000e-01	-1.649628e+00	1.619635e+00	-3.582673e+00	-3.440965e+00	-1.417084e-01
4.030000e-01	-1.649696e+00	1.619757e+00	-3.582654e+00	-3.441023e+00	-1.416306e-01
4.040000e-01	-1.649748e+00	1.619867e+00	-3.582479e+00	-3.440987e+00	-1.414920e-01
4.050000e-01	-1.649753e+00	1.619940e+00	-3.582271e+00	-3.440889e+00	-1.413823e-01
4.060000e-01	-1.649770e+00	1.620038e+00	-3.582077e+00	-3.440808e+00	-1.412689e-01
4.070000e-01	-1.649738e+00	1.620089e+00	-3.581765e+00	-3.440621e+00	-1.411449e-01
4.080000e-01	-1.649687e+00	1.620129e+00	-3.581303e+00	-3.440339e+00	-1.409646e-01
4.090000e-01	-1.649589e+00	1.620125e+00	-3.580826e+00	-3.440002e+00	-1.408236e-01
4.100000e-01	-1.649505e+00	1.620147e+00	-3.580363e+00	-3.439687e+00	-1.406765e-01
4.110000e-01	-1.649376e+00	1.620127e+00	-3.579801e+00	-3.439277e+00	-1.405240e-01
4.120000e-01	-1.649235e+00	1.620096e+00	-3.579129e+00	-3.438799e+00	-1.403294e-01
4.130000e-01	-1.649049e+00	1.620020e+00	-3.578429e+00	-3.438263e+00	-1.401654e-01
4.140000e-01	-1.648873e+00	1.619967e+00	-3.577756e+00	-3.437751e+00	-1.400050e-01
4.150000e-01	-1.648663e+00	1.619873e+00	-3.577039e+00	-3.437182e+00	-1.398567e-01
4.160000e-01	-1.648449e+00	1.619774e+00	-3.576209e+00	-3.436554e+00	-1.396553e-01
4.170000e-01	-1.648203e+00	1.619642e+00	-3.575391e+00	-3.435899e+00	-1.394926e-01
4.180000e-01	-1.647987e+00	1.619546e+00	-3.574666e+00	-3.435320e+00	-1.393457e-01
4.190000e-01	-1.647748e+00	1.619417e+00	-3.573894e+00	-3.434695e+00	-1.391991e-01
4.200000e-01	-1.647517e+00	1.619296e+00	-3.573045e+00	-3.434039e+00	-1.390052e-01
4.210000e-01	-1.647273e+00	1.619154e+00	-3.572269e+00	-3.433407e+00	-1.388618e-01
4.220000e-01	-1.647071e+00	1.619061e+00	-3.571600e+00	-3.432871e+00	-1.387285e-01
4.230000e-01	-1.646847e+00	1.618935e+00	-3.570879e+00	-3.432286e+00	-1.385926e-01
4.240000e-01	-1.646637e+00	1.618818e+00	-3.570121e+00	-3.431698e+00	-1.384234e-01
4.250000e-01	-1.646425e+00	1.618688e+00	-3.569457e+00	-3.431154e+00	-1.383029e-01
4.260000e-01	-1.646256e+00	1.618609e+00	-3.568901e+00	-3.430707e+00	-1.381944e-01
4.270000e-01	-1.646070e+00	1.618496e+00	-3.568333e+00	-3.430237e+00	-1.380960e-01
4.280000e-01	-1.645903e+00	1.618397e+00	-3.567718e+00	-3.429762e+00	-1.379555e-01
4.290000e-01	-1.645731e+00	1.618286e+00	-3.567191e+00	-3.429327e+00	-1.378639e-01
4.300000e-01	-1.645609e+00	1.618227e+00	-3.566806e+00	-3.429012e+00	-1.377945e-01
4.310000e-01	-1.645477e+00	1.618142e+00	-3.566407e+00	-3.428681e+00	-1.377263e-01
4.320000e-01	-1.645369e+00	1.618078e+00	-3.565977e+00	-3.428358e+00	-1.376194e-01
4.330000e-01	-1.645257e+00	1.618000e+00	-3.565662e+00	-3.428088e+00	-1.375740e-01
4.340000e-01	-1.645184e+00	1.617961e+00	-3.565436e+00	-3.427902e+00	-1.375336e-01
4.350000e-01	-1.645101e+00	1.617898e+00	-3.565205e+00	-3.427703e+00	-1.375018e-01
4.360000e-01	-1.645039e+00	1.617851e+00	-3.564955e+00	-3.427516e+00	-1.374390e-01
4.370000e-01	-1.644970e+00	1.617789e+00	-3.564805e+00	-3.427372e+00	-1.374323e-01
4.380000e-01	-1.644939e+00	1.617769e+00	-3.564739e+00	-3.427308e+00	-1.374311e-01
4.390000e-01	-1.644893e+00	1.617718e+00	-3.564658e+00	-3.427222e+00	-1.374357e-01
4.400000e-01	-1.644869e+00	1.617688e+00	-3.564540e+00	-3.427139e+00	-1.374008e-01
4.410000e-01	-1.644836e+00	1.617640e+00	-3.564518e+00	-3.427094e+00	-1.374233e-01
4.420000e-01	-1.644837e+00	1.617629e+00	-3.564583e+00	-3.427129e+00	-1.374541e-01
4.430000e-01	-1.644822e+00	1.617588e+00	-3.564632e+00	-3.427138e+00	-1.374946e-01
4.440000e-01	-1.644818e+00	1.617562e+00	-3.564632e+00	-3.427134e+00	-1.374979e-01
4.450000e-01	-1.644798e+00	1.617505e+00	-3.564705e+00	-3.427150e+00	-1.375550e-01
4.460000e-01	-1.644814e+00	1.617490e+00	-3.564853e+00	-3.427241e+00	-1.376122e-01
4.470000e-01	-1.644817e+00	1.617455e+00	-3.564994e+00	-3.427314e+00	-1.376803e-01
4.480000e-01	-1.644833e+00	1.617433e+00	-3.565103e+00	-3.427384e+00	-1.377187e-01
4.490000e-01	-1.644831e+00	1.617381e+00	-3.565247e+00	-3.427454e+00	-1.377930e-01
4.500000e-01	-1.644863e+00	1.617373e+00	-3.565455e+00	-3.427591e+00	-1.378640e-01
4.510000e-01	-1.644884e+00	1.617346e+00	-3.565681e+00	-3.427725e+00	-1.379566e-01
4.520000e-01	-1.644923e+00	1.617336e+00	-3.565852e+00	-3.427849e+00	-1.380034e-01
4.530000e-01	-1.644942e+00	1.617302e+00	-3.566049e+00	-3.427967e+00	-1.380828e-01
4.540000e-01	-1.644995e+00	1.617305e+00	-3.566321e+00	-3.428155e+00	-1.381660e-01
4.550000e-01	-1.645038e+00	1.617295e+00	-3.566614e+00	-3.428345e+00	-1.382686e-01
4.560000e-01	-1.645090e+00	1.617296e+00	-3.566814e+00	-3.428497e+00	-1.383171e-01
4.570000e-01	-1.645119e+00	1.617266e+00	-3.567043e+00	-3.428641e+00	-1.384021e-01
4.580000e-01	-1.645182e+00	1.617275e+00	-3.567330e+00	-3.428847e+00	-1.384827e-01
4.590000e-01	-1.645234e+00	1.617273e+00	-3.567640e+00	-3.429054e+00	-1.385857e-01
4.600000e-01	-1.645295e+00	1.617285e+00	-3.567857e+00	-3.429224e+00	-1.386335e-01
4.610000e-01	-1.645338e+00	1.617265e+00	-3.568080e+00	-3.429378e+00	-1.387022e-01
4.620000e-01	-1.645415e+00	1.617296e+00	-3.568369e+00	-3.429600e+00	-1.387690e-01
4.630000e-01	-1.645487e+00	1.617319e+00	-3.568717e+00	-3.429845e+00	-1.388720e-01
4.640000e-01	-1.645559e+00	1.617343e+00	-3.568925e+00	-3.430022e+00	-1.389030e-01
4.650000e-01	-1.645605e+00	1.617331e+00	-3.569102e+00	-3.430156e+00	-1.389454e-01
4.660000e-01	-1.645692e+00	1.617379e+00	-3.569409e+00	-3.430397e+00	-1.390123e-01
4.670000e-01	-1.645770e+00	1.617417e+00	-3.569755e+00	-3.430648e+00	-1.391070e-01
4.680000e-01	-1.645843e+00	1.617451e+00	-3.569921e+00	-3.430803e+00	-1.391173e-01
4.690000e-01	-1.645883e+00	1.617442e+00	-3.570050e+00	-3.430908e+00	-1.391417e-01
4.700000e-01	-1.645971e+00	1.617500e+00	-3.570350e+00	-3.431146e+00	-1.392043e-01
4.710000e-01	-1.646044e+00	1.617545e+00	-3.570647e+00	-3.431368e+00	-1.392795e-01
4.720000e-01	-1.646104e+00	1.617576e+00	-3.570750e+00	-3.431479e+00	-1.392708e-01
4.730000e-01	-1.646136e+00	1.617570e+00	-3.570844e+00	-3.431558e+00	-1.392862e-01
4.740000e-01	-1.646207e+00	1.617626e+00	-3.571090e+00	-3.431752e+00	-1.393383e-01
4.750000e-01	-1.646255e+00	1.617657e+00	-3.571309e+00	-3.431910e+00	-1.393990e-01
4.760000e-01	-1.646292e+00	1.617673e+00	-3.571322e+00	-3.431953e+00	-1.393692e-01
4.770000e-01	-1.646306e+00	1.617665e+00	-3.571378e+00	-3.431995e+00	-1.393831e-01
4.780000e-01	-1.646349e+00	1.617707e+00	-3.571543e+00	-3.432120e+00	-1.394230e-01
4.790000e-01	-1.646365e+00	1.617715e+00	-3.571638e+00	-3.432184e+00	-1.394545e-01
4.800000e-01	-1.646373e+00	1.617717e+00	-3.571577e+00	-3.432162e+00	-1.394151e-01
4.810000e-01	-1.646363e+00	1.617697e+00	-3.571582e+00	-3.432154e+00	-1.394284e-01
4.820000e-01	-1.646384e+00	1.617726e+00	-3.571685e+00	-3.432226e+00	-1.394583e-01
4.830000e-01	-1.646374e+00	1.617717e+00	-3.571699e+00	-3.432223e+00	-1.394754e-01
4.840000e-01	-1.646357e+00	1.617703e+00	-3.571592e+00	-3.432153e+00	-1.394392e-01
4.850000e-01	-1.646321e+00	1.617665e+00	-3.571526e+00	-3.432084e+00	-1.394418e-01
4.860000e-01	-1.646319e+00	1.617681e+00	-3.571560e+00	-3.432100e+00	-1.394608e-01
4.870000e-01	-1.646295e+00	1.617664e+00	-3.571542e+00	-3.432067e+00	-1.394756e-01
4.880000e-01	-1.646269e+00	1.617649e+00	-3.571397e+00	-3.431968e+00	-1.394298e-01
4.890000e-01	-1.646226e+00	1.617612e+00	-3.571294e+00	-3.431873e+00	-1.394211e-01
4.900000e-01	-1.646218e+00	1.617623e+00	-3.571297e+00	-3.431866e+00	-1.394309e-01
4.910000e-01	-1.646196e+00	1.617612e+00	-3.571266e+00	-3.431829e+00	-1.394376e-01
4.920000e-01	-1.646173e+00	1.617607e+00	-3.571113e+00	-3.431729e+00	-1.393835e-01
4.930000e-01	-1.646134e+00	1.617575e+00	-3.571020e+00	-3.431643e+00	-1.393763e-01
4.940000e-01	-1.646131e+00	1.617592e+00	-3.571025e+00	-3.431644e+00	-1.393813e-01
4.950000e-01	-1.646116e+00	1.617594e+00	-3.570994e+00	-3.431613e+00	-1.393813e-01
4.960000e-01	-1.646102e+00	1.617598e+00	-3.570864e+00	-3.431534e+00	-1.393296e-01
4.970000e-01	-1.646077e+00	1.617578e+00	-3.570779e+00	-3.431466e+00	-1.393123e-01
4.980000e-01	-1.646091e+00	1.617614e+00	-3.570796e+00	-3.431489e+00	-1.393073e-01
4.990000e-01	-1.646089e+00	1.617631e+00	-3.570797e+00	-3.431488e+00	-1.393093e-01
5.000000e-01	-1.646088e+00	1.617644e+00	-3.570690e+00	-3.431433e+00	-1.392571e-01
5.010000e-01	-1.646071e+00	1.617633e+00	-3.570613e+00	-3.431377e+00	-1.392358e-01
5.020000e-01	-1.646092e+00	1.617675e+00	-3.570649e+00	-3.431417e+00	-1.392321e-01
5.030000e-01	-1.646099e+00	1.617697e+00	-3.570662e+00	-3.431430e+00	-1.392325e-01
5.040000e-01	-1.646104e+00	1.617718e+00	-3.570565e+00	-3.431386e+00	-1.391787e-01
5.050000e-01	-1.646097e+00	1.617716e+00	-3.570512e+00	-3.431353e+00	-1.391595e-01
5.060000e-01	-1.646124e+00	1.617760e+00	-3.570547e+00	-3.431397e+00	-1.391500e-01
5.070000e-01	-1.646133e+00	1.617787e+00	-3.570572e+00	-3.431419e+00	-1.391530e-01
5.080000e-01	-1.646137e+00	1.617806e+00	-3.570482e+00	-3.431378e+00	-1.391043e-01
5.090000e-01	-1.646123e+00	1.617794e+00	-3.570407e+00	-3.431326e+00	-1.390805e-01
5.100000e-01	-1.646144e+00	1.617835e+00	-3.570439e+00	-3.431364e+00	-1.390751e-01
5.110000e-01	-1.646154e+00	1.617864e+00	-3.570484e+00	-3.431396e+00	-1.390882e-01
5.120000e-01	-1.646153e+00	1.617874e+00	-3.570374e+00	-3.431340e+00	-1.390341e-01
5.130000e-01	-1.646138e+00	1.617864e+00	-3.570319e+00	-3.431297e+00	-1.390219e-01
5.140000e-01	-1.646152e+00	1.617898e+00	-3.570367e+00	-3.431335e+00	-1.390317e-01
5.150000e-01	-1.646146e+00	1.617906e+00	-3.570375e+00	-3.431334e+00	-1.390417e-01
5.160000e-01	-1.646132e+00	1.617902e+00	-3.570246e+00	-3.431255e+00	-1.389916e-01
5.170000e-01	-1.646112e+00	1.617885e+00	-3.570217e+00	-3.431220e+00	-1.389970e-01
5.180000e-01	-1.646116e+00	1.617907e+00	-3.570230e+00	-3.431231e+00	-1.389989e-01
5.190000e-01	-1.646100e+00	1.617905e+00	-3.570205e+00	-3.431202e+00	-1.390029e-01
5.200000e-01	-1.646085e+00	1.617900e+00	-3.570099e+00	-3.431135e+00	-1.389640e-01
5.210000e-01	-1.646061e+00	1.617876e+00	-3.570047e+00	-3.431085e+00	-1.389624e-01
5.220000e-01	-1.646066e+00	1.617902e+00	-3.570069e+00	-3.431101e+00	-1.389684e-01
5.230000e-01	-1.646052e+00	1.617893e+00	-3.570074e+00	-3.431088e+00	-1.389851e-01
5.240000e-01	-1.646041e+00	1.617887e+00	-3.569995e+00	-3.431039e+00	-1.389563e-01
5.250000e-01	-1.646020e+00	1.617868e+00	-3.569964e+00	-3.431001e+00	-1.389623e-01
5.260000e-01	-1.646027e+00	1.617889e+00	-3.569998e+00	-3.431026e+00	-1.389720e-01
5.270000e-01	-1.646020e+00	1.617883e+00	-3.570010e+00	-3.431025e+00	-1.389851e-01
5.280000e-01	-1.646020e+00	1.617888e+00	-3.569958e+00	-3.430999e+00	-1.389594e-01
5.290000e-01	-1.646008e+00	1.617875e+00	-3.569954e+00	-3.430985e+00	-1.389690e-01
5.300000e-01	-1.646029e+00	1.617904e+00	-3.570009e+00	-3.431034e+00	-1.389755e-01
5.310000e-01	-1.646028e+00	1.617905e+00	-3.570029e+00	-3.431042e+00	-1.389865e-01
5.320000e-01	-1.646040e+00	1.617918e+00	-3.570003e+00	-3.431042e+00	-1.389612e-01
5.330000e-01	-1.646040e+00	1.617914e+00	-3.570016e+00	-3.431048e+00	-1.389682e-01
5.340000e-01	-1.646074e+00	1.617955e+00	-3.570090e+00	-3.431119e+00	-1.389704e-01
5.350000e-01	-1.646096e+00	1.617980e+00	-3.570164e+00	-3.431177e+00	-1.389865e-01
5.360000e-01	-1.646117e+00	1.617999e+00	-3.570145e+00	-3.431190e+00	-1.389551e-01
5.370000e-01	-1.646122e+00	1.618000e+00	-3.570155e+00	-3.431199e+00	-1.389551e-01
5.380000e-01	-1.646167e+00	1.618050e+00	-3.570267e+00	-3.431300e+00	-1.389668e-01
5.390000e-01	-1.646190e+00	1.618069e+00	-3.570340e+00	-3.431360e+00	-1.389798e-01
5.400000e-01	-1.646219e+00	1.618096e+00	-3.570344e+00	-3.431391e+00	-1.389524e-01
5.410000e-01	-1.646231e+00	1.618103e+00	-3.570387e+00	-3.431424e+00	-1.389623e-01
5.420000e-01	-1.646278e+00	1.618151e+00	-3.570488e+00	-3.431522e+00	-1.389658e-01
5.430000e-01	-1.646306e+00	1.618177e+00	-3.570565e+00	-3.431588e+00	-1.389768e-01
5.440000e-01	-1.646333e+00	1.618205e+00	-3.570582e+00	-3.431624e+00	-1.389577e-01
5.450000e-01	-1.646343e+00	1.618207e+00	-3.570613e+00	-3.431649e+00	-1.389639e-01
5.460000e-01	-1.646367e+00	1.618234e+00	-3.570652e+00	-3.431694e+00	-1.389587e-01
5.470000e-01	-1.646375e+00	1.618242e+00	-3.570707e+00	-3.431728e+00	-1.389787e-01
5.480000e-01	-1.646397e+00	1.618266e+00	-3.570719e+00	-3.431757e+00	-1.389622e-01
5.490000e-01	-1.646393e+00	1.618259e+00	-3.570702e+00	-3.431744e+00	-1.389580e-01
5.500000e-01	-1.646405e+00	1.618277e+00	-3.570728e+00	-3.431769e+00	-1.389590e-01
5.510000e-01	-1.646403e+00	1.618276e+00	-3.570765e+00	-3.431785e+00	-1.389801e-01
5.520000e-01	-1.646406e+00	1.618283e+00	-3.570731e+00	-3.431771e+00	-1.389599e-01
5.530000e-01	-1.646385e+00	1.618261e+00	-3.570702e+00	-3.431736e+00	-1.389657e-01
5.540000e-01	-1.646385e+00	1.618269e+00	-3.570716e+00	-3.431743e+00	-1.389731e-01
5.550000e-01	-1.646365e+00	1.618254e+00	-3.570727e+00	-3.431729e+00	-1.389980e-01
5.560000e-01	-1.646349e+00	1.618241e+00	-3.570655e+00	-3.431676e+00	-1.389790e-01
5.570000e-01	-1.646315e+00	1.618206e+00	-3.570592e+00	-3.431611e+00	-1.389816e-01
5.580000e-01	-1.646304e+00	1.618211e+00	-3.570593e+00	-3.431600e+00	-1.389927e-01
5.590000e-01	-1.646275e+00	1.618191e+00	-3.570599e+00	-3.431575e+00	-1.390240e-01
5.600000e-01	-1.646253e+00	1.618174e+00	-3.570498e+00	-3.431502e+00	-1.389956e-01
5.610000e-01	-1.646211e+00	1.618135e+00	-3.570407e+00	-3.431414e+00	-1.389925e-01
5.620000e-01	-1.646204e+00	1.618144e+00	-3.570424e+00	-3.431416e+00	-1.390083e-01
5.630000e-01	-1.646184e+00	1.618131e+00	-3.570421e+00	-3.431395e+00	-1.390269e-01
5.640000e-01	-1.646166e+00	1.618119e+00	-3.570315e+00	-3.431324e+00	-1.389917e-01
5.650000e-01	-1.646139e+00	1.618095e+00	-3.570278e+00	-3.431279e+00	-1.389998e-01
5.660000e-01	-1.646150e+00	1.618118e+00	-3.570343e+00	-3.431321e+00	-1.390214e-01
5.670000e-01	-1.646138e+00	1.618112e+00	-3.570336e+00	-3.431306e+00	-1.390297e-01
5.680000e-01	-1.646135e+00	1.618109e+00	-3.570257e+00	-3.431263e+00	-1.389937e-01
5.690000e-01	-1.646124e+00	1.618098e+00	-3.570244e+00	-3.431246e+00	-1.389984e-01
5.700000e-01	-1.646148e+00	1.618135e+00	-3.570314e+00	-3.431305e+00	-1.390090e-01
5.710000e-01	-1.646154e+00	1.618143e+00	-3.570339e+00	-3.431324e+00	-1.390152e-01
5.720000e-01	-1.646170e+00	1.618157e+00	-3.570281e+00	-3.431310e+00	-1.389705e-01
5.730000e-01	-1.646178e+00	1.618165e+00	-3.570310e+00	-3.431333e+00	-1.389767e-01
5.740000e-01	-1.646216e+00	1.618214e+00	-3.570414e+00	-3.431423e+00	-1.389910e-01
5.750000e-01	-1.646232e+00	1.618226e+00	-3.570438e+00	-3.431451e+00	-1.389872e-01
5.760000e-01	-1.646256e+00	1.618249e+00	-3.570394e+00	-3.431452e+00	-1.389411e-01
5.770000e-01	-1.646274e+00	1.618269e+00	-3.570446e+00	-3.431497e+00	-1.389490e-01
5.780000e-01	-1.646325e+00	1.618329e+00	-3.570554e+00	-3.431602e+00	-1.389521e-01
5.790000e-01	-1.646333e+00	1.618334e+00	-3.570555e+00	-3.431610e+00	-1.389449e-01
5.800000e-01	-1.646348e+00	1.618350e+00	-3.570499e+00	-3.431597e+00	-1.389017e-01
5.810000e-01	-1.646358e+00	1.618361e+00	-3.570532e+00	-3.431624e+00	-1.389081e-01
5.820000e-01	-1.646387e+00	1.618402e+00	-3.570589e+00	-3.431681e+00	-1.389080e-01
5.830000e-01	-1.646383e+00	1.618397e+00	-3.570576e+00	-3.431671e+00	-1.389049e-01
5.840000e-01	-1.646388e+00	1.618403e+00	-3.570511e+00	-3.431643e+00	-1.388678e-01
5.850000e-01	-1.646375e+00	1.618394e+00	-3.570497e+00	-3.431623e+00	-1.388736e-01
5.860000e-01	-1.646383e+00	1.618413e+00	-3.570509e+00	-3.431638e+00	-1.388714e-01
5.870000e-01	-1.646368e+00	1.618398e+00	-3.570475e+00	-3.431605e+00	-1.388696e-01
5.880000e-01	-1.646357e+00	1.618393e+00	-3.570380e+00	-3.431547e+00	-1.388334e-01
5.890000e-01	-1.646322e+00	1.618362e+00	-3.570319e+00	-3.431481e+00	-1.388378e-01
5.900000e-01	-1.646312e+00	1.618364e+00	-3.570292e+00	-3.431458e+00	-1.388342e-01
5.910000e-01	-1.646284e+00	1.618338e+00	-3.570232e+00	-3.431399e+00	-1.388321e-01
5.920000e-01	-1.646263e+00	1.618324e+00	-3.570140e+00	-3.431333e+00	-1.388071e-01
5.930000e-01	-1.646220e+00	1.618285e+00	-3.570067e+00	-3.431253e+00	-1.388137e-01
5.940000e-01	-1.646204e+00	1.618281e+00	-3.570025e+00	-3.431216e+00	-1.388090e-01
5.950000e-01	-1.646157e+00	1.618239e+00	-3.569937e+00	-3.431125e+00	-1.388115e-01
5.960000e-01	-1.646134e+00	1.618221e+00	-3.569847e+00	-3.431057e+00	-1.387899e-01
5.970000e-01	-1.646097e+00	1.618188e+00	-3.569781e+00	-3.430987e+00	-1.387937e-01
5.980000e-01	-1.646079e+00	1.618179e+00	-3.569741e+00	-3.430950e+00	-1.387913e-01
5.990000e-01	-1.646042e+00	1.618143e+00	-3.569678e+00	-3.430881e+00	-1.387968e-01
6.000000e-01	-1.646017e+00	1.618122e+00	-3.569582e+00	-3.430808e+00	-1.387742e-01
6.010000e-01	-1.645978e+00	1.618083e+00	-3.569518e+00	-3.430737e+00	-1.387812e-01
6.020000e-01	-1.645970e+00	1.618084e+00	-3.569498e+00	-3.430719e+00	-1.387790e-01
6.030000e-01	-1.645951e+00	1.618066e+00	-3.569482e+00	-3.430692e+00	-1.387903e-01
6.040000e-01	-1.645939e+00	1.618056e+00	-3.569407e+00	-3.430642e+00	-1.387646e-01
6.050000e-01	-1.645915e+00	1.618029e+00	-3.569369e+00	-3.430600e+00	-1.387696e-01
6.060000e-01	-1.645917e+00	1.618039e+00	-3.569389e+00	-3.430611e+00	-1.387774e-01
6.070000e-01	-1.645904e+00	1.618025e+00	-3.569408e+00	-3.430608e+00	-1.387994e-01
6.080000e-01	-1.645901e+00	1.618020e+00	-3.569346e+00	-3.430574e+00	-1.387724e-01
6.090000e-01	-1.645885e+00	1.617997e+00	-3.569336e+00	-3.430553e+00	-1.387833e-01
6.100000e-01	-1.645895e+00	1.618012e+00	-3.569394e+00	-3.430592e+00	-1.388020e-01
6.110000e-01	-1.645887e+00	1.617998e+00	-3.569408e+00	-3.430591e+00	-1.388166e-01
6.120000e-01	-1.645893e+00	1.617999e+00	-3.569366e+00	-3.430576e+00	-1.387905e-01
6.130000e-01	-1.645887e+00	1.617983e+00	-3.569394e+00	-3.430584e+00	-1.388104e-01
6.140000e-01	-1.645905e+00	1.618002e+00	-3.569467e+00	-3.430638e+00	-1.388287e-01
6.150000e-01	-1.645903e+00	1.617992e+00	-3.569482e+00	-3.430644e+00	-1.388384e-01
6.160000e-01	-1.645916e+00	1.617999e+00	-3.569472e+00	-3.430652e+00	-1.388199e-01
6.170000e-01	-1.645926e+00	1.617998e+00	-3.569541e+00	-3.430696e+00	-1.388450e-01
6.180000e-01	-1.645955e+00	1.618029e+00	-3.569634e+00	-3.430772e+00	-1.388620e-01
6.190000e-01	-1.645956e+00	1.618021e+00	-3.569663e+00	-3.430787e+00	-1.388755e-01
6.200000e-01	-1.645975e+00	1.618032e+00	-3.569661e+00	-3.430806e+00	-1.388552e-01
6.210000e-01	-1.645982e+00	1.618029e+00	-3.569715e+00	-3.430839e+00	-1.388758e-01
6.220000e-01	-1.646008e+00	1.618057e+00	-3.569807e+00	-3.430911e+00	-1.388961e-01
6.230000e-01	-1.646015e+00	1.618052e+00	-3.569838e+00	-3.430934e+00	-1.389043e-01
6.240000e-01	-1.646028e+00	1.618061e+00	-3.569811e+00	-3.430934e+00	-1.388773e-01
6.250000e-01	-1.646034e+00	1.618056e+00	-3.569879e+00	-3.430973e+00	-1.389059e-01
6.260000e-01	-1.646062e+00	1.618081e+00	-3.569962e+00	-3.431043e+00	-1.389188e-01
6.270000e-01	-1.646065e+00	1.618072e+00	-3.569965e+00	-3.431048e+00	-1.389172e-01
6.280000e-01	-1.646080e+00	1.618081e+00	-3.569971e+00	-3.431065e+00	-1.389056e-01
6.290000e-01	-1.646084e+00	1.618073e+00	-3.570031e+00	-3.431099e+00	-1.389316e-01
6.300000e-01	-1.646098e+00	1.618091e+00	-3.570050e+00	-3.431124e+00	-1.389269e-01
6.310000e-01	-1.646094e+00	1.618078e+00	-3.570033e+00	-3.431110e+00	-1.389229e-01
6.320000e-01	-1.646106e+00	1.618085e+00	-3.570037e+00	-3.431125e+00	-1.389125e-01
6.330000e-01	-1.646107e+00	1.618078e+00	-3.570093e+00	-3.431153e+00	-1.389394e-01
6.340000e-01	-1.646116e+00	1.618089e+00	-3.570105e+00	-3.431169e+00	-1.389367e-01
6.350000e-01	-1.646104e+00	1.618065e+00	-3.570090e+00	-3.431149e+00	-1.389411e-01
6.360000e-01	-1.646107e+00	1.618066e+00	-3.570084e+00	-3.431149e+00	-1.389345e-01
6.370000e-01	-1.646096e+00	1.618050e+00	-3.570116e+00	-3.431155e+00	-1.389618e-01
6.380000e-01	-1.646096e+00	1.618050e+00	-3.570101e+00	-3.431147e+00	-1.389542e-01
6.390000e-01	-1.646078e+00	1.618024e+00	-3.570074e+00	-3.431115e+00	-1.389590e-01
6.400000e-01	-1.646079e+00	1.618023e+00	-3.570065e+00	-3.431111e+00	-1.389539e-01
6.410000e-01	-1.646066e+00	1.618005e+00	-3.570077e+00	-3.431105e+00	-1.389723e-01
6.420000e-01	-1.646067e+00	1.618007e+00	-3.570044e+00	-3.431089e+00	-1.389554e-01
6.430000e-01	-1.646049e+00	1.617982e+00	-3.570025e+00	-3.431062e+00	-1.389635e-01
6.440000e-01	-1.646051e+00	1.617981e+00	-3.570013e+00	-3.431058e+00	-1.389554e-01
6.450000e-01	-1.646036e+00	1.617958e+00	-3.570004e+00	-3.431038e+00	-1.389656e-01
6.460000e-01	-1.646035e+00	1.617959e+00	-3.569975e+00	-3.431022e+00	-1.389530e-01
6.470000e-01	-1.646022e+00	1.617939e+00	-3.569956e+00	-3.431000e+00	-1.389560e-01
6.480000e-01	-1.646027e+00	1.617943e+00	-3.569933e+00	-3.430993e+00	-1.389396e-01
6.490000e-01	-1.646013e+00	1.617922e+00	-3.569912e+00	-3.430970e+00	-1.389426e-01
6.500000e-01	-1.646020e+00	1.617931e+00	-3.569890e+00	-3.430965e+00	-1.389254e-01
6.510000e-01	-1.646010e+00	1.617916e+00	-3.569863e+00	-3.430942e+00	-1.389213e-01
6.520000e-01	-1.646016e+00	1.617920e+00	-3.569837e+00	-3.430935e+00	-1.389021e-01
6.530000e-01	-1.646003e+00	1.617899e+00	-3.569805e+00	-3.430905e+00	-1.388994e-01
6.540000e-01	-1.646003e+00	1.617905e+00	-3.569772e+00	-3.430889e+00	-1.388830e-01
6.550000e-01	-1.645991e+00	1.617886e+00	-3.569750e+00	-3.430866e+00	-1.388838e-01
6.560000e-01	-1.645995e+00	1.617887e+00	-3.569708e+00	-3.430849e+00	-1.388597e-01
6.570000e-01	-1.645979e+00	1.617868e+00	-3.569668e+00	-3.430813e+00	-1.388553e-01
6.580000e-01	-1.645976e+00	1.617869e+00	-3.569632e+00	-3.430792e+00	-1.388401e-01
6.590000e-01	-1.645957e+00	1.617844e+00	-3.569590e+00	-3.430752e+00	-1.388378e-01
6.600000e-01	-1.645949e+00	1.617840e+00	-3.569519e+00	-3.430709e+00	-1.388103e-01
6.610000e-01	-1.645925e+00	1.617811e+00	-3.569481e+00	-3.430666e+00	-1.388157e-01
6.620000e-01	-1.645913e+00	1.617805e+00	-3.569419e+00	-3.430623e+00	-1.387963e-01
6.630000e-01	-1.645881e+00	1.617771e+00	-3.569347e+00	-3.430555e+00	-1.387925e-01
6.640000e-01	-1.645862e+00	1.617754e+00	-3.569274e+00	-3.430499e+00	-1.387746e-01
6.650000e-01	-1.645828e+00	1.617714e+00	-3.569214e+00	-3.430435e+00	-1.387785e-01
6.660000e-01	-1.645807e+00	1.617702e+00	-3.569133e+00	-3.430374e+00	-1.387591e-01
6.670000e-01	-1.645762e+00	1.617655e+00	-3.569058e+00	-3.430291e+00	-1.387669e-01
6.680000e-01	-1.645737e+00	1.617631e+00	-3.568972e+00	-3.430222e+00	-1.387492e-01
6.690000e-01	-1.645688e+00	1.617578e+00	-3.568861e+00	-3.430118e+00	-1.387428e-01
6.700000e-01	-1.645654e+00	1.617552e+00	-3.568761e+00	-3.430035e+00	-1.387260e-01
6.710000e-01	-1.645607e+00	1.617503e+00	-3.568699e+00	-3.429957e+00	-1.387421e-01
6.720000e-01	-1.645571e+00	1.617473e+00	-3.568575e+00	-3.429858e+00	-1.387170e-01
6.730000e-01	-1.645525e+00	1.617421e+00	-3.568462e+00	-3.429756e+00	-1.387063e-01
6.740000e-01	-1.645503e+00	1.617402e+00	-3.568393e+00	-3.429699e+00	-1.386939e-01
6.750000e-01	-1.645459e+00	1.617359e+00	-3.568349e+00	-3.429634e+00	-1.387149e-01
6.760000e-01	-1.645421e+00	1.617324e+00	-3.568232e+00	-3.429537e+00	-1.386946e-01
6.770000e-01	-1.645380e+00	1.617273e+00	-3.568143e+00	-3.429452e+00	-1.386915e-01
6.780000e-01	-1.645362e+00	1.617260e+00	-3.568099e+00	-3.429412e+00	-1.386876e-01
6.790000e-01	-1.645330e+00	1.617224e+00	-3.568090e+00	-3.429374e+00	-1.387153e-01
6.800000e-01	-1.645308e+00	1.617201e+00	-3.568008e+00	-3.429312e+00	-1.386967e-01
6.810000e-01	-1.645274e+00	1.617158e+00	-3.567954e+00	-3.429251e+00	-1.387035e-01
6.820000e-01	-1.645267e+00	1.617157e+00	-3.567962e+00	-3.429248e+00	-1.387136e-01
6.830000e-01	-1.645245e+00	1.617128e+00	-3.567960e+00	-3.429225e+00	-1.387353e-01
6.840000e-01	-1.645234e+00	1.617114e+00	-3.567893e+00	-3.429180e+00	-1.387131e-01
6.850000e-01	-1.645215e+00	1.617086e+00	-3.567898e+00	-3.429164e+00	-1.387334e-01
6.860000e-01	-1.645230e+00	1.617103e+00	-3.567969e+00	-3.429215e+00	-1.387541e-01
6.870000e-01	-1.645225e+00	1.617091e+00	-3.568004e+00	-3.429227e+00	-1.387769e-01
6.880000e-01	-1.645228e+00	1.617088e+00	-3.567977e+00	-3.429216e+00	-1.387606e-01
6.890000e-01	-1.645220e+00	1.617069e+00	-3.568021e+00	-3.429230e+00	-1.387900e-01
6.900000e-01	-1.645243e+00	1.617093e+00	-3.568118e+00	-3.429302e+00	-1.388165e-01
6.910000e-01	-1.645243e+00	1.617083e+00	-3.568164e+00	-3.429325e+00	-1.388392e-01
6.920000e-01	-1.645257e+00	1.617090e+00	-3.568168e+00	-3.429341e+00	-1.388272e-01
6.930000e-01	-1.645264e+00	1.617086e+00	-3.568264e+00	-3.429396e+00	-1.388683e-01
6.940000e-01	-1.645290e+00	1.617112e+00	-3.568352e+00	-3.429466e+00	-1.388864e-01
6.950000e-01	-1.645294e+00	1.617102e+00	-3.568387e+00	-3.429487e+00	-1.389000e-01
6.960000e-01	-1.645318e+00	1.617123e+00	-3.568439e+00	-3.429538e+00	-1.389015e-01
6.970000e-01	-1.645335e+00	1.617128e+00	-3.568585e+00	-3.429628e+00	-1.389574e-01
6.980000e-01	-1.645371e+00	1.617160e+00	-3.568680e+00	-3.429711e+00	-1.389684e-01
6.990000e-01	-1.645385e+00	1.617158e+00	-3.568746e+00	-3.429758e+00	-1.389883e-01
7.000000e-01	-1.645418e+00	1.617183e+00	-3.568852e+00	-3.429844e+00	-1.390085e-01
7.010000e-01	-1.645447e+00	1.617197e+00	-3.569023e+00	-3.429958e+00	-1.390646e-01
7.020000e-01	-1.645480e+00	1.617229e+00	-3.569095e+00	-3.430028e+00	-1.390672e-01
7.030000e-01	-1.645495e+00	1.617228e+00	-3.569167e+00	-3.430079e+00	-1.390880e-01
7.040000e-01	-1.645548e+00	1.617272e+00	-3.569321e+00	-3.430209e+00	-1.391120e-01
7.050000e-01	-1.645591e+00	1.617302e+00	-3.569510e+00	-3.430346e+00	-1.391638e-01
7.060000e-01	-1.645637e+00	1.617343e+00	-3.569595e+00	-3.430434e+00	-1.391606e-01
7.070000e-01	-1.645670e+00	1.617357e+00	-3.569691e+00	-3.430516e+00	-1.391750e-01
7.080000e-01	-1.645729e+00	1.617410e+00	-3.569840e+00	-3.430649e+00	-1.391909e-01
7.090000e-01	-1.645780e+00	1.617446e+00	-3.570049e+00	-3.430804e+00	-1.392448e-01
7.100000e-01	-1.645842e+00	1.617499e+00	-3.570148e+00	-3.430916e+00	-1.392324e-01
7.110000e-01	-1.645884e+00	1.617528e+00	-3.570257e+00	-3.431012e+00	-1.392450e-01
7.120000e-01	-1.645953e+00	1.617594e+00	-3.570442e+00	-3.431174e+00	-1.392678e-01
7.130000e-01	-1.646009e+00	1.617635e+00	-3.570621e+00	-3.431319e+00	-1.393017e-01
7.140000e-01	-1.646062e+00	1.617682e+00	-3.570668e+00	-3.431396e+00	-1.392724e-01
7.150000e-01	-1.646117e+00	1.617724e+00	-3.570808e+00	-3.431521e+00	-1.392872e-01
7.160000e-01	-1.646202e+00	1.617807e+00	-3.571012e+00	-3.431708e+00	-1.393043e-01
7.170000e-01	-1.646261e+00	1.617857e+00	-3.571185e+00	-3.431853e+00	-1.393322e-01
7.180000e-01	-1.646312e+00	1.617904e+00	-3.571228e+00	-3.431926e+00	-1.393019e-01
7.190000e-01	-1.646347e+00	1.617928e+00	-3.571320e+00	-3.432006e+00	-1.393133e-01
7.200000e-01	-1.646409e+00	1.617994e+00	-3.571469e+00	-3.432144e+00	-1.393253e-01
7.210000e-01	-1.646451e+00	1.618032e+00	-3.571602e+00	-3.432252e+00	-1.393504e-01
7.220000e-01	-1.646490e+00	1.618070e+00	-3.571596e+00	-3.432288e+00	-1.393079e-01
7.230000e-01	-1.646509e+00	1.618086e+00	-3.571643e+00	-3.432331e+00	-1.393126e-01
7.240000e-01	-1.646554e+00	1.618143e+00	-3.571767e+00	-3.432438e+00	-1.393299e-01
7.250000e-01	-1.646567e+00	1.618155e+00	-3.571807e+00	-3.432470e+00	-1.393365e-01
7.260000e-01	-1.646575e+00	1.618168e+00	-3.571718e+00	-3.432433e+00	-1.392843e-01
7.270000e-01	-1.646578e+00	1.618177e+00	-3.571767e+00	-3.432462e+00	-1.393053e-01
7.280000e-01	-1.646606e+00	1.618222e+00	-3.571837e+00	-3.432524e+00	-1.393126e-01
7.290000e-01	-1.646583e+00	1.618201e+00	-3.571739e+00	-3.432452e+00	-1.392869e-01
7.300000e-01	-1.646568e+00	1.618198e+00	-3.571620e+00	-3.432378e+00	-1.392415e-01
7.310000e-01	-1.646555e+00	1.618194e+00	-3.571647e+00	-3.432379e+00	-1.392681e-01
7.320000e-01	-1.646558e+00	1.618220e+00	-3.571643e+00	-3.432379e+00	-1.392634e-01
7.330000e-01	-1.646517e+00	1.618180e+00	-3.571506e+00	-3.432269e+00	-1.392363e-01
7.340000e-01	-1.646495e+00	1.618172e+00	-3.571381e+00	-3.432185e+00	-1.391955e-01
7.350000e-01	-1.646477e+00	1.618168e+00	-3.571385e+00	-3.432169e+00	-1.392160e-01
7.360000e-01	-1.646467e+00	1.618179e+00	-3.571325e+00	-3.432129e+00	-1.391955e-01
7.370000e-01	-1.646426e+00	1.618140e+00	-3.571178e+00	-3.432015e+00	-1.391630e-01
7.380000e-01	-1.646410e+00	1.618144e+00	-3.571075e+00	-3.431947e+00	-1.391277e-01
7.390000e-01	-1.646389e+00	1.618136e+00	-3.571062e+00	-3.431919e+00	-1.391422e-01
7.400000e-01	-1.646378e+00	1.618141e+00	-3.570968e+00	-3.431862e+00	-1.391066e-01
7.410000e-01	-1.646344e+00	1.618112e+00	-3.570848e+00	-3.431768e+00	-1.390803e-01
7.420000e-01	-1.646335e+00	1.618121e+00	-3.570773e+00	-3.431721e+00	-1.390516e-01
7.430000e-01	-1.646318e+00	1.618115e+00	-3.570751e+00	-3.431694e+00	-1.390572e-01
7.440000e-01	-1.646313e+00	1.618127e+00	-3.570664e+00	-3.431645e+00	-1.390188e-01
7.450000e-01	-1.646289e+00	1.618108e+00	-3.570582e+00	-3.431580e+00	-1.390025e-01
7.460000e-01	-1.646285e+00	1.618120e+00	-3.570497e+00	-3.431534e+00	-1.389636e-01
7.470000e-01	-1.646270e+00	1.618115e+00	-3.570461e+00	-3.431500e+00	-1.389604e-01
7.480000e-01	-1.646268e+00	1.618129e+00	-3.570397e+00	-3.431466e+00	-1.389304e-01
7.490000e-01	-1.646243e+00	1.618107e+00	-3.570305e+00	-3.431395e+00	-1.389096e-01
7.500000e-01	-1.646238e+00	1.618119e+00	-3.570212e+00	-3.431344e+00	-1.388674e-01
7.510000e-01	-1.646227e+00	1.618115e+00	-3.570207e+00	-3.431331e+00	-1.388765e-01
7.520000e-01	-1.646226e+00	1.618128e+00	-3.570150e+00	-3.431301e+00	-1.388489e-01
7.530000e-01	-1.646197e+00	1.618103e+00	-3.570053e+00	-3.431223e+00	-1.388299e-01
7.540000e-01	-1.646181e+00	1.618105e+00	-3.569956e+00	-3.431159e+00	-1.387969e-01
7.550000e-01	-1.646157e+00	1.618085e+00	-3.569930e+00	-3.431122e+00	-1.388078e-01
7.560000e-01	-1.646143e+00	1.618086e+00	-3.569851e+00	-3.431068e+00	-1.387825e-01
7.570000e-01	-1.646099e+00	1.618045e+00	-3.569728e+00	-3.430963e+00	-1.387654e-01
7.580000e-01	-1.646079e+00	1.618041e+00	-3.569636e+00	-3.430897e+00	-1.387392e-01
7.590000e-01	-1.646051e+00	1.618019e+00	-3.569606e+00	-3.430854e+00	-1.387522e-01
7.600000e-01	-1.646027e+00	1.618009e+00	-3.569527e+00	-3.430791e+00	-1.387362e-01
7.610000e-01	-1.645977e+00	1.617959e+00	-3.569403e+00	-3.430678e+00	-1.387246e-01
7.620000e-01	-1.645947e+00	1.617947e+00	-3.569291e+00	-3.430592e+00	-1.386991e-01
7.630000e-01	-1.645905e+00	1.617910e+00	-3.569263e+00	-3.430536e+00	-1.387263e-01
7.640000e-01	-1.645881e+00	1.617894e+00	-3.569186e+00	-3.430474e+00	-1.387120e-01
7.650000e-01	-1.645833e+00	1.617846e+00	-3.569070e+00	-3.430368e+00	-1.387023e-01
7.660000e-01	-1.645808e+00	1.617837e+00	-3.569007e+00	-3.430311e+00	-1.386955e-01
7.670000e-01	-1.645775e+00	1.617805e+00	-3.568999e+00	-3.430274e+00	-1.387247e-01
7.680000e-01	-1.645752e+00	1.617790e+00	-3.568914e+00	-3.430209e+00	-1.387045e-01
7.690000e-01	-1.645706e+00	1.617740e+00	-3.568816e+00	-3.430114e+00	-1.387019e-01
7.700000e-01	-1.645694e+00	1.617738e+00	-3.568795e+00	-3.430092e+00	-1.387033e-01
7.710000e-01	-1.645674e+00	1.617715e+00	-3.568818e+00	-3.430083e+00	-1.387354e-01
7.720000e-01	-1.645665e+00	1.617709e+00	-3.568778e+00	-3.430055e+00	-1.387238e-01
7.730000e-01	-1.645639e+00	1.617675e+00	-3.568736e+00	-3.430007e+00	-1.387288e-01
7.740000e-01	-1.645645e+00	1.617689e+00	-3.568752e+00	-3.430020e+00	-1.387312e-01
7.750000e-01	-1.645638e+00	1.617674e+00	-3.568792e+00	-3.430034e+00	-1.387578e-01
7.760000e-01	-1.645651e+00	1.617685e+00	-3.568799e+00	-3.430051e+00	-1.387486e-01
7.770000e-01	-1.645653e+00	1.617678e+00	-3.568844e+00	-3.430074e+00	-1.387693e-01
7.780000e-01	-1.645675e+00	1.617700e+00	-3.568891e+00	-3.430120e+00	-1.387710e-01
7.790000e-01	-1.645682e+00	1.617696e+00	-3.568959e+00	-3.430162e+00	-1.387971e-01
7.800000e-01	-1.645713e+00	1.617726e+00	-3.569018e+00	-3.430222e+00	-1.387961e-01
7.810000e-01	-1.645728e+00	1.617732e+00	-3.569101e+00	-3.430279e+00	-1.388222e-01
7.820000e-01	-1.645756e+00	1.617757e+00	-3.569132e+00	-3.430322e+00	-1.388100e-01
7.830000e-01	-1.645770e+00	1.617758e+00	-3.569212e+00	-3.430376e+00	-1.388359e-01
7.840000e-01	-1.645813e+00	1.617800e+00	-3.569331e+00	-3.430479e+00	-1.388522e-01
7.850000e-01	-1.645832e+00	1.617803e+00	-3.569393e+00	-3.430528e+00	-1.388648e-01
7.860000e-01	-1.645864e+00	1.617834e+00	-3.569430e+00	-3.430580e+00	-1.388508e-01
7.870000e-01	-1.645887e+00	1.617842e+00	-3.569554e+00	-3.430664e+00	-1.388900e-01
7.880000e-01	-1.645937e+00	1.617893e+00	-3.569698e+00	-3.430786e+00	-1.389125e-01
7.890000e-01	-1.645950e+00	1.617893e+00	-3.569735e+00	-3.430818e+00	-1.389175e-01
7.900000e-01	-1.645974e+00	1.617917e+00	-3.569761e+00	-3.430854e+00	-1.389069e-01
7.910000e-01	-1.645995e+00	1.617927e+00	-3.569883e+00	-3.430936e+00	-1.389471e-01
7.920000e-01	-1.646032e+00	1.617969e+00	-3.569976e+00	-3.431020e+00	-1.389558e-01
7.930000e-01	-1.646038e+00	1.617962e+00	-3.570009e+00	-3.431042e+00	-1.389671e-01
7.940000e-01	-1.646056e+00	1.617983e+00	-3.570033e+00	-3.431073e+00	-1.389605e-01
7.950000e-01	-1.646066e+00	1.617988e+00	-3.570149e+00	-3.431141e+00	-1.390081e-01
7.960000e-01	-1.646087e+00	1.618013e+00	-3.570207e+00	-3.431191e+00	-1.390162e-01
7.970000e-01	-1.646082e+00	1.617997e+00	-3.570207e+00	-3.431186e+00	-1.390209e-01
7.980000e-01	-1.646094e+00	1.618016e+00	-3.570217e+00	-3.431202e+00	-1.390151e-01
7.990000e-01	-1.646099e+00	1.618019e+00	-3.570334e+00	-3.431266e+00	-1.390682e-01
8.000000e-01	-1.646115e+00	1.618037e+00	-3.570353e+00	-3.431292e+00	-1.390612e-01
8.010000e-01	-1.646104e+00	1.618021e+00	-3.570332e+00	-3.431270e+00	-1.390620e-01
8.020000e-01	-1.646113e+00	1.618039e+00	-3.570367e+00	-3.431297e+00	-1.390707e-01
8.030000e-01	-1.646113e+00	1.618033e+00	-3.570460e+00	-3.431343e+00	-1.391167e-01
8.040000e-01	-1.646124e+00	1.618048e+00	-3.570452e+00	-3.431350e+00	-1.391021e-01
8.050000e-01	-1.646111e+00	1.618032e+00	-3.570441e+00	-3.431331e+00	-1.391091e-01
8.060000e-01	-1.646126e+00	1.618052e+00	-3.570481e+00	-3.431366e+00	-1.391150e-01
8.070000e-01	-1.646130e+00	1.618054e+00	-3.570551e+00	-3.431406e+00	-1.391456e-01
8.080000e-01	-1.646150e+00	1.618079e+00	-3.570567e+00	-3.431433e+00	-1.391337e-01
8.090000e-01	-1.646153e+00	1.618078e+00	-3.570585e+00	-3.431446e+00	-1.391398e-01
8.100000e-01	-1.646181e+00	1.618115e+00	-3.570631e+00	-3.431497e+00	-1.391348e-01
8.110000e-01	-1.646198e+00	1.618130e+00	-3.570734e+00	-3.431565e+00	-1.391694e-01
8.120000e-01	-1.646232e+00	1.618168e+00	-3.570767e+00	-3.431616e+00	-1.391514e-01
8.130000e-01	-1.646245e+00	1.618178e+00	-3.570786e+00	-3.431638e+00	-1.391481e-01
8.140000e-01	-1.646280e+00	1.618221e+00	-3.570845e+00	-3.431702e+00	-1.391428e-01
8.150000e-01	-1.646305e+00	1.618245e+00	-3.570942e+00	-3.431776e+00	-1.391661e-01
8.160000e-01	-1.646346e+00	1.618290e+00	-3.570971e+00	-3.431831e+00	-1.391397e-01
8.170000e-01	-1.646376e+00	1.618315e+00	-3.571019e+00	-3.431885e+00	-1.391338e-01
8.180000e-01	-1.646425e+00	1.618369e+00	-3.571096e+00	-3.431973e+00	-1.391231e-01
8.190000e-01	-1.646455e+00	1.618396e+00	-3.571191e+00	-3.432050e+00	-1.391410e-01
8.200000e-01	-1.646489e+00	1.618433e+00	-3.571194e+00	-3.432085e+00	-1.391083e-01
8.210000e-01	-1.646505e+00	1.618444e+00	-3.571197e+00	-3.432104e+00	-1.390935e-01
8.220000e-01	-1.646537e+00	1.618484e+00	-3.571237e+00	-3.432156e+00	-1.390813e-01
8.230000e-01	-1.646560e+00	1.618508e+00	-3.571316e+00	-3.432218e+00	-1.390983e-01
8.240000e-01	-1.646593e+00	1.618544e+00	-3.571293e+00	-3.432240e+00	-1.390538e-01
8.250000e-01	-1.646611e+00	1.618562e+00	-3.571290e+00	-3.432256e+00	-1.390339e-01
8.260000e-01	-1.646641e+00	1.618604e+00	-3.571334e+00	-3.432308e+00	-1.390264e-01
8.270000e-01	-1.646650e+00	1.618614e+00	-3.571373e+00	-3.432336e+00	-1.390369e-01
8.280000e-01	-1.646658e+00	1.618630e+00	-3.571305e+00	-3.432310e+00	-1.389949e-01
8.290000e-01	-1.646641e+00	1.618616e+00	-3.571261e+00	-3.432271e+00	-1.389893e-01
8.300000e-01	-1.646644e+00	1.618633e+00	-3.571235e+00	-3.432262e+00	-1.389737e-01
8.310000e-01	-1.646626e+00	1.618620e+00	-3.571200e+00	-3.432226e+00	-1.389741e-01
8.320000e-01	-1.646611e+00	1.618614e+00	-3.571089e+00	-3.432155e+00	-1.389337e-01
8.330000e-01	-1.646574e+00	1.618579e+00	-3.571000e+00	-3.432074e+00	-1.389260e-01
8.340000e-01	-1.646556e+00	1.618580e+00	-3.570929e+00	-3.432020e+00	-1.389088e-01
8.350000e-01	-1.646513e+00	1.618542e+00	-3.570851e+00	-3.431939e+00	-1.389126e-01
8.360000e-01	-1.646480e+00	1.618517e+00	-3.570702e+00	-3.431831e+00	-1.388707e-01
8.370000e-01	-1.646429e+00	1.618471e+00	-3.570572e+00	-3.431715e+00	-1.388576e-01
8.380000e-01	-1.646394e+00	1.618453e+00	-3.570483e+00	-3.431635e+00	-1.388478e-01
8.390000e-01	-1.646343e+00	1.618404e+00	-3.570388e+00	-3.431537e+00	-1.388512e-01
8.400000e-01	-1.646302e+00	1.618371e+00	-3.570219e+00	-3.431412e+00	-1.388073e-01
8.410000e-01	-1.646249e+00	1.618323e+00	-3.570122e+00	-3.431310e+00	-1.388117e-01
8.420000e-01	-1.646217e+00	1.618305e+00	-3.570042e+00	-3.431238e+00	-1.388045e-01
8.430000e-01	-1.646162e+00	1.618253e+00	-3.569927e+00	-3.431126e+00	-1.388011e-01
8.440000e-01	-1.646122e+00	1.618221e+00	-3.569780e+00	-3.431012e+00	-1.387682e-01
8.450000e-01	-1.646074e+00	1.618175e+00	-3.569692e+00	-3.430920e+00	-1.387718e-01
8.460000e-01	-1.646050e+00	1.618164e+00	-3.569621e+00	-3.430860e+00	-1.387608e-01
8.470000e-01	-1.646009e+00	1.618123e+00	-3.569547e+00	-3.430783e+00	-1.387643e-01
8.480000e-01	-1.645990e+00	1.618105e+00	-3.569453e+00	-3.430717e+00	-1.387362e-01
8.490000e-01	-1.645958e+00	1.618071e+00	-3.569392e+00	-3.430654e+00	-1.387383e-01
8.500000e-01	-1.645941e+00	1.618061e+00	-3.569325e+00	-3.430603e+00	-1.387214e-01
8.510000e-01	-1.645912e+00	1.618026e+00	-3.569279e+00	-3.430552e+00	-1.387273e-01
8.520000e-01	-1.645907e+00	1.618021e+00	-3.569228e+00	-3.430521e+00	-1.387065e-01
8.530000e-01	-1.645883e+00	1.617990e+00	-3.569176e+00	-3.430471e+00	-1.387054e-01
8.540000e-01	-1.645878e+00	1.617987e+00	-3.569123e+00	-3.430439e+00	-1.386839e-01
8.550000e-01	-1.645862e+00	1.617965e+00	-3.569106e+00	-3.430415e+00	-1.386908e-01
8.560000e-01	-1.645867e+00	1.617967e+00	-3.569075e+00	-3.430404e+00	-1.386707e-01
8.570000e-01	-1.645856e+00	1.617949e+00	-3.569043e+00	-3.430377e+00	-1.386656e-01
8.580000e-01	-1.645862e+00	1.617957e+00	-3.569020e+00	-3.430372e+00	-1.386483e-01
8.590000e-01	-1.645852e+00	1.617936e+00	-3.569037e+00	-3.430370e+00	-1.386669e-01
8.600000e-01	-1.645863e+00	1.617942e+00	-3.569043e+00	-3.430385e+00	-1.386580e-01
8.610000e-01	-1.645851e+00	1.617922e+00	-3.569030e+00	-3.430366e+00	-1.386642e-01
8.620000e-01	-1.645846e+00	1.617912e+00	-3.568986e+00	-3.430339e+00	-1.386472e-01
8.630000e-01	-1.645827e+00	1.617880e+00	-3.568985e+00	-3.430319e+00	-1.386654e-01
8.640000e-01	-1.645833e+00	1.617884e+00	-3.568995e+00	-3.430330e+00	-1.386649e-01
8.650000e-01	-1.645813e+00	1.617854e+00	-3.568979e+00	-3.430303e+00	-1.386759e-01
8.660000e-01	-1.645805e+00	1.617838e+00	-3.568929e+00	-3.430270e+00	-1.386596e-01
8.670000e-01	-1.645789e+00	1.617808e+00	-3.568949e+00	-3.430263e+00	-1.386854e-01
8.680000e-01	-1.645786e+00	1.617800e+00	-3.568960e+00	-3.430266e+00	-1.386935e-01
8.690000e-01	-1.645759e+00	1.617759e+00	-3.568933e+00	-3.430226e+00	-1.387079e-01
8.700000e-01	-1.645748e+00	1.617742e+00	-3.568887e+00	-3.430191e+00	-1.386957e-01
8.710000e-01	-1.645716e+00	1.617694e+00	-3.568879e+00	-3.430155e+00	-1.387241e-01
8.720000e-01	-1.645707e+00	1.617678e+00	-3.568878e+00	-3.430146e+00	-1.387317e-01
8.730000e-01	-1.645678e+00	1.617638e+00	-3.568837e+00	-3.430097e+00	-1.387405e-01
8.740000e-01	-1.645657e+00	1.617609e+00	-3.568791e+00	-3.430052e+00	-1.387384e-01
8.750000e-01	-1.645632e+00	1.617566e+00	-3.568799e+00	-3.430031e+00	-1.387676e-01
8.760000e-01	-1.645627e+00	1.617558e+00	-3.568800e+00	-3.430028e+00	-1.387728e-01
8.770000e-01	-1.645603e+00	1.617522e+00	-3.568788e+00	-3.429997e+00	-1.387907e-01
8.780000e-01	-1.645591e+00	1.617500e+00	-3.568760e+00	-3.429971e+00	-1.387887e-01
8.790000e-01	-1.645573e+00	1.617469e+00	-3.568781e+00	-3.429963e+00	-1.388174e-01
8.800000e-01	-1.645572e+00	1.617464e+00	-3.568810e+00	-3.429978e+00	-1.388328e-01
8.810000e-01	-1.645553e+00	1.617429e+00	-3.568796e+00	-3.429950e+00	-1.388452e-01
8.820000e-01	-1.645550e+00	1.617419e+00	-3.568774e+00	-3.429937e+00	-1.388369e-01
8.830000e-01	-1.645537e+00	1.617394e+00	-3.568827e+00	-3.429951e+00	-1.388761e-01
8.840000e-01	-1.645549e+00	1.617397e+00	-3.568868e+00	-3.429982e+00	-1.388851e-01
8.850000e-01	-1.645538e+00	1.617369e+00	-3.568867e+00	-3.429971e+00	-1.388952e-01
8.860000e-01	-1.645547e+00	1.617368e+00	-3.568883e+00	-3.429988e+00	-1.388944e-01
8.870000e-01	-1.645558e+00	1.617366e+00	-3.568990e+00	-3.430053e+00	-1.389370e-01
8.880000e-01	-1.645586e+00	1.617387e+00	-3.569031e+00	-3.430102e+00	-1.389290e-01
8.890000e-01	-1.645583e+00	1.617366e+00	-3.569035e+00	-3.430100e+00	-1.389346e-01
8.900000e-01	-1.645603e+00	1.617376e+00	-3.569076e+00	-3.430141e+00	-1.389350e-01
8.910000e-01	-1.645620e+00	1.617383e+00	-3.569192e+00	-3.430216e+00	-1.389753e-01
8.920000e-01	-1.645651e+00	1.617405e+00	-3.569232e+00	-3.430267e+00	-1.389652e-01
8.930000e-01	-1.645650e+00	1.617384e+00	-3.569234e+00	-3.430267e+00	-1.389672e-01
8.940000e-01	-1.645672e+00	1.617401e+00	-3.569277e+00	-3.430311e+00	-1.389663e-01
8.950000e-01	-1.645698e+00	1.617416e+00	-3.569410e+00	-3.430403e+00	-1.390071e-01
8.960000e-01	-1.645724e+00	1.617435e+00	-3.569430e+00	-3.430439e+00	-1.389910e-01
8.970000e-01	-1.645723e+00	1.617419e+00	-3.569422e+00	-3.430434e+00	-1.389880e-01
8.980000e-01	-1.645746e+00	1.617437e+00	-3.569476e+00	-3.430484e+00	-1.389925e-01
8.990000e-01	-1.645763e+00	1.617447e+00	-3.569579e+00	-3.430552e+00	-1.390266e-01
9.000000e-01	-1.645780e+00	1.617464e+00	-3.569569e+00	-3.430564e+00	-1.390049e-01
9.010000e-01	-1.645770e+00	1.617441e+00	-3.569556e+00	-3.430548e+00	-1.390084e-01
9.020000e-01	-1.645783e+00	1.617451e+00	-3.569589e+00	-3.430578e+00	-1.390112e-01
9.030000e-01	-1.645784e+00	1.617451e+00	-3.569648e+00	-3.430608e+00	-1.390394e-01
9.040000e-01	-1.645791e+00	1.617459e+00	-3.569630e+00	-3.430606e+00	-1.390240e-01
9.050000e-01	-1.645771e+00	1.617427e+00	-3.569593e+00	-3.430568e+00	-1.390254e-01
9.060000e-01	-1.645774e+00	1.617431e+00	-3.569599e+00	-3.430573e+00	-1.390256e-01
9.070000e-01	-1.645763e+00	1.617419e+00	-3.569639e+00	-3.430582e+00	-1.390565e-01
9.080000e-01	-1.645759e+00	1.617418e+00	-3.569586e+00	-3.430552e+00	-1.390347e-01
9.090000e-01	-1.645727e+00	1.617380e+00	-3.569514e+00	-3.430485e+00	-1.390297e-01
9.100000e-01	-1.645722e+00	1.617379e+00	-3.569511e+00	-3.430477e+00	-1.390337e-01
9.110000e-01	-1.645706e+00	1.617363e+00	-3.569534e+00	-3.430473e+00	-1.390609e-01
9.120000e-01	-1.645692e+00	1.617358e+00	-3.569454e+00	-3.430420e+00	-1.390347e-01
9.130000e-01	-1.645657e+00	1.617317e+00	-3.569383e+00	-3.430348e+00	-1.390350e-01
9.140000e-01	-1.645650e+00	1.617316e+00	-3.569376e+00	-3.430338e+00	-1.390374e-01
9.150000e-01	-1.645634e+00	1.617302e+00	-3.569393e+00	-3.430330e+00	-1.390622e-01
9.160000e-01	-1.645623e+00	1.617301e+00	-3.569324e+00	-3.430285e+00	-1.390389e-01
9.170000e-01	-1.645597e+00	1.617268e+00	-3.569271e+00	-3.430233e+00	-1.390383e-01
9.180000e-01	-1.645596e+00	1.617276e+00	-3.569266e+00	-3.430228e+00	-1.390372e-01
9.190000e-01	-1.645583e+00	1.617265e+00	-3.569300e+00	-3.430233e+00	-1.390671e-01
9.200000e-01	-1.645580e+00	1.617269e+00	-3.569239e+00	-3.430200e+00	-1.390393e-01
9.210000e-01	-1.645557e+00	1.617240e+00	-3.569186e+00	-3.430150e+00	-1.390365e-01
9.220000e-01	-1.645561e+00	1.617252e+00	-3.569200e+00	-3.430161e+00	-1.390388e-01
9.230000e-01	-1.645559e+00	1.617250e+00	-3.569255e+00	-3.430186e+00	-1.390688e-01
9.240000e-01	-1.645562e+00	1.617260e+00	-3.569183e+00	-3.430154e+00	-1.390291e-01
9.250000e-01	-1.645552e+00	1.617243e+00	-3.569177e+00	-3.430140e+00	-1.390365e-01
9.260000e-01	-1.645575e+00	1.617272e+00	-3.569234e+00	-3.430192e+00	-1.390419e-01
9.270000e-01	-1.645584e+00	1.617277e+00	-3.569279e+00	-3.430223e+00	-1.390560e-01
9.280000e-01	-1.645602e+00	1.617296e+00	-3.569247e+00	-3.430225e+00	-1.390221e-01
9.290000e-01	-1.645611e+00	1.617298e+00	-3.569306e+00	-3.430264e+00	-1.390423e-01
9.300000e-01	-1.645649e+00	1.617342e+00	-3.569389e+00	-3.430344e+00	-1.390451e-01
9.310000e-01	-1.645665e+00	1.617350e+00	-3.569437e+00	-3.430383e+00	-1.390541e-01
9.320000e-01	-1.645695e+00	1.617378e+00	-3.569444e+00	-3.430417e+00	-1.390265e-01
9.330000e-01	-1.645714e+00	1.617391e+00	-3.569526e+00	-3.430477e+00	-1.390493e-01
9.340000e-01	-1.645754e+00	1.617431e+00	-3.569609e+00	-3.430558e+00	-1.390511e-01
9.350000e-01	-1.645773e+00	1.617438e+00	-3.569653e+00	-3.430599e+00	-1.390535e-01
9.360000e-01	-1.645815e+00	1.617484e+00	-3.569706e+00	-3.430668e+00	-1.390385e-01
9.370000e-01	-1.645843e+00	1.617506e+00	-3.569817e+00	-3.430752e+00	-1.390654e-01
9.380000e-01	-1.645881e+00	1.617541e+00	-3.569850e+00	-3.430807e+00	-1.390437e-01
9.390000e-01	-1.645902e+00	1.617551e+00	-3.569902e+00	-3.430853e+00	-1.390495e-01
9.400000e-01	-1.645942e+00	1.617596e+00	-3.569991e+00	-3.430938e+00	-1.390531e-01
9.410000e-01	-1.645961e+00	1.617603e+00	-3.570053e+00	-3.430987e+00	-1.390655e-01
9.420000e-01	-1.645987e+00	1.617627e+00	-3.570047e+00	-3.431011e+00	-1.390367e-01
9.430000e-01	-1.646007e+00	1.617639e+00	-3.570140e+00	-3.431077e+00	-1.390630e-01
9.440000e-01	-1.646045e+00	1.617681e+00	-3.570215e+00	-3.431153e+00	-1.390628e-01
9.450000e-01	-1.646049e+00	1.617676e+00	-3.570222e+00	-3.431160e+00	-1.390614e-01
9.460000e-01	-1.646067e+00	1.617692e+00	-3.570219e+00	-3.431177e+00	-1.390419e-01
9.470000e-01	-1.646082e+00	1.617699e+00	-3.570307e+00	-3.431236e+00	-1.390709e-01
9.480000e-01	-1.646105e+00	1.617725e+00	-3.570340e+00	-3.431275e+00	-1.390651e-01
9.490000e-01	-1.646098e+00	1.617708e+00	-3.570347e+00	-3.431271e+00	-1.390756e-01
9.500000e-01	-1.646109e+00	1.617720e+00	-3.570335e+00	-3.431277e+00	-1.390586e-01
9.510000e-01	-1.646111e+00	1.617718e+00	-3.570391e+00	-3.431306e+00	-1.390851e-01
9.520000e-01	-1.646122e+00	1.617733e+00	-3.570411e+00	-3.431328e+00	-1.390833e-01
9.530000e-01	-1.646110e+00	1.617711e+00	-3.570413e+00	-3.431316e+00	-1.390967e-01
9.540000e-01	-1.646115e+00	1.617721e+00	-3.570395e+00	-3.431312e+00	-1.390829e-01
9.550000e-01	-1.646105e+00	1.617706e+00	-3.570433e+00	-3.431321e+00	-1.391112e-01
9.560000e-01	-1.646114e+00	1.617719e+00	-3.570441e+00	-3.431334e+00	-1.391068e-01
9.570000e-01	-1.646099e+00	1.617698e+00	-3.570431e+00	-3.431315e+00	-1.391162e-01
9.580000e-01	-1.646103e+00	1.617706e+00	-3.570418e+00	-3.431312e+00	-1.391063e-01
9.590000e-01	-1.646092e+00	1.617692e+00	-3.570431e+00	-3.431308e+00	-1.391232e-01
9.600000e-01	-1.646106e+00	1.617714e+00	-3.570446e+00	-3.431329e+00	-1.391174e-01
9.610000e-01	-1.646094e+00	1.617698e+00	-3.570441e+00	-3.431315e+00	-1.391260e-01
9.620000e-01	-1.646100e+00	1.617707e+00	-3.570421e+00	-3.431310e+00	-1.391110e-01
9.630000e-01	-1.646093e+00	1.617699e+00	-3.570458e+00	-3.431322e+00	-1.391356e-01
9.640000e-01	-1.646109e+00	1.617723e+00	-3.570487e+00	-3.431353e+00	-1.391349e-01
9.650000e-01	-1.646098e+00	1.617709e+00	-3.570473e+00	-3.431335e+00	-1.391382e-01
9.660000e-01	-1.646106e+00	1.617720e+00	-3.570443e+00	-3.431327e+00	-1.391162e-01
9.670000e-01	-1.646110e+00	1.617726e+00	-3.570523e+00	-3.431372e+00	-1.391511e-01
9.680000e-01	-1.646130e+00	1.617751e+00	-3.570532e+00	-3.431396e+00	-1.391362e-01
9.690000e-01	-1.646125e+00	1.617747e+00	-3.570530e+00	-3.431390e+00	-1.391398e-01
9.700000e-01	-1.646138e+00	1.617768e+00	-3.570534e+00	-3.431405e+00	-1.391289e-01
9.710000e-01	-1.646143e+00	1.617774e+00	-3.570598e+00	-3.431442e+00	-1.391556e-01
9.720000e-01	-1.646158e+00	1.617800e+00	-3.570581e+00	-3.431449e+00	-1.391322e-01
9.730000e-01	-1.646150e+00	1.617791e+00	-3.570578e+00	-3.431439e+00	-1.391389e-01
9.740000e-01	-1.646163e+00	1.617811e+00	-3.570582e+00	-3.431454e+00	-1.391279e-01
9.750000e-01	-1.646165e+00	1.617812e+00	-3.570613e+00	-3.431471e+00	-1.391416e-01
9.760000e-01	-1.646183e+00	1.617842e+00	-3.570617e+00	-3.431492e+00	-1.391255e-01
9.770000e-01	-1.646181e+00	1.617839e+00	-3.570626e+00	-3.431494e+00	-1.391316e-01
9.780000e-01	-1.646199e+00	1.617869e+00	-3.570634e+00	-3.431516e+00	-1.391179e-01
9.790000e-01	-1.646195e+00	1.617861e+00	-3.570632e+00	-3.431511e+00	-1.391208e-01
9.800000e-01	-1.646219e+00	1.617895e+00	-3.570656e+00	-3.431547e+00	-1.391094e-01
9.810000e-01	-1.646221e+00	1.617898e+00	-3.570683e+00	-3.431562e+00	-1.391209e-01
9.820000e-01	-1.646235e+00	1.617920e+00	-3.570669e+00	-3.431569e+00	-1.391001e-01
9.830000e-01	-1.646235e+00	1.617916e+00	-3.570673e+00	-3.431572e+00	-1.391016e-01
9.840000e-01	-1.646260e+00	1.617954e+00	-3.570702e+00	-3.431611e+00	-1.390911e-01
9.850000e-01	-1.646258e+00	1.617949e+00	-3.570706e+00	-3.431611e+00	-1.390950e-01
9.860000e-01	-1.646274e+00	1.617972e+00	-3.570692e+00	-3.431620e+00	-1.390719e-01
9.870000e-01	-1.646278e+00	1.617977e+00	-3.570707e+00	-3.431631e+00	-1.390756e-01
9.880000e-01	-1.646299e+00	1.618010e+00	-3.570711e+00	-3.431655e+00	-1.390568e-01
9.890000e-01	-1.646292e+00	1.617997e+00	-3.570686e+00	-3.431635e+00	-1.390510e-01
9.900000e-01	-1.646303e+00	1.618015e+00	-3.570642e+00	-3.431624e+00	-1.390184e-01
9.910000e-01	-1.646305e+00	1.618022e+00	-3.570666e+00	-3.431639e+00	-1.390276e-01
9.920000e-01	-1.646324e+00	1.618051e+00	-3.570654e+00	-3.431651e+00	-1.390032e-01
9.930000e-01	-1.646311e+00	1.618036e+00	-3.570609e+00	-3.431616e+00	-1.389935e-01
9.940000e-01	-1.646317e+00	1.618052e+00	-3.570579e+00	-3.431606e+00	-1.389729e-01
9.950000e-01	-1.646309e+00	1.618049e+00	-3.570583e+00	-3.431600e+00	-1.389831e-01
9.960000e-01	-1.646311e+00	1.618065e+00	-3.570532e+00	-3.431577e+00	-1.389551e-01
9.970000e-01	-1.646287e+00	1.618040e+00	-3.570474e+00	-3.431524e+00	-1.389497e-01
9.980000e-01	-1.646279e+00	1.618046e+00	-3.570405e+00	-3.431481e+00	-1.389240e-01
9.990000e-01	-1.646258e+00	1.618035e+00	-3.570390e+00	-3.431454e+00	-1.389366e-01
1.000000e+00	-1.646246e+00	1.618038e+00	-3.570333e+00	-3.431412e+00	-1.389207e-01
