# Force coefficients
# liftDir    : (0.000000e+00 1.000000e+00 0.000000e+00)
# dragDir    : (1.000000e+00 0.000000e+00 0.000000e+00)
# pitchAxis  : (0.000000e+00 0.000000e+00 1.000000e+00)
# magUInf    : 5.148000e+01
# lRef       : 4.530000e-01
# Aref       : 4.348800e-01
# CofR       : (0.000000e+00 0.000000e+00 0.000000e+00)
# Time       	Cm           	Cd           	Cl           	Cl(f)        	Cl(r)        	Cm	Cd	Cl	Cl(f)	Cl(r)
1.000000e-03	-1.408221e-03	1.538618e-03	-2.373161e-03	-2.594801e-03	2.216404e-04
2.000000e-03	-5.367793e-03	6.045186e-03	-9.587891e-03	-1.016174e-02	5.738473e-04
3.000000e-03	-7.929332e-03	8.969031e-03	-1.490656e-02	-1.538261e-02	4.760510e-04
4.000000e-03	-8.392403e-03	9.492501e-03	-1.665460e-02	-1.671970e-02	6.510385e-05
5.000000e-03	-8.029007e-03	9.016110e-03	-1.705921e-02	-1.655861e-02	-5.006002e-04
6.000000e-03	-7.930966e-03	8.725914e-03	-1.799440e-02	-1.692816e-02	-1.066232e-03
7.000000e-03	-8.325780e-03	8.893547e-03	-1.972218e-02	-1.818687e-02	-1.535312e-03
8.000000e-03	-9.623200e-03	1.003315e-02	-2.302773e-02	-2.113706e-02	-1.890662e-03
9.000000e-03	-1.151898e-02	1.184645e-02	-2.740877e-02	-2.522337e-02	-2.185402e-03
1.000000e-02	-1.356132e-02	1.385621e-02	-3.204399e-02	-2.958332e-02	-2.460674e-03
1.100000e-02	-1.536181e-02	1.562619e-02	-3.628356e-02	-3.350358e-02	-2.779975e-03
1.200000e-02	-1.703397e-02	1.728466e-02	-4.030896e-02	-3.718845e-02	-3.120510e-03
1.300000e-02	-1.856133e-02	1.878634e-02	-4.414031e-02	-4.063148e-02	-3.508825e-03
1.400000e-02	-2.007409e-02	2.026666e-02	-4.798255e-02	-4.406536e-02	-3.917189e-03
1.500000e-02	-2.184574e-02	2.201810e-02	-5.237405e-02	-4.803277e-02	-4.341281e-03
1.600000e-02	-2.409502e-02	2.427409e-02	-5.779061e-02	-5.299032e-02	-4.800287e-03
1.700000e-02	-2.678744e-02	2.696943e-02	-6.422094e-02	-5.889791e-02	-5.323026e-03
1.800000e-02	-2.980926e-02	2.998352e-02	-7.145101e-02	-6.553476e-02	-5.916242e-03
1.900000e-02	-3.289188e-02	3.302209e-02	-7.898517e-02	-7.238446e-02	-6.600707e-03
2.000000e-02	-3.592199e-02	3.596693e-02	-8.653821e-02	-7.919110e-02	-7.347112e-03
2.100000e-02	-3.881856e-02	3.873735e-02	-9.393279e-02	-8.578495e-02	-8.147831e-03
2.200000e-02	-4.157855e-02	4.133707e-02	-1.011369e-01	-9.214702e-02	-8.989916e-03
2.300000e-02	-4.433855e-02	4.391251e-02	-1.083751e-01	-9.852609e-02	-9.848993e-03
2.400000e-02	-4.730524e-02	4.669191e-02	-1.160050e-01	-1.053077e-01	-1.069724e-02
2.500000e-02	-5.060742e-02	4.982309e-02	-1.243199e-01	-1.127674e-01	-1.155255e-02
2.600000e-02	-5.432547e-02	5.339248e-02	-1.334877e-01	-1.210693e-01	-1.241838e-02
2.700000e-02	-5.842088e-02	5.735961e-02	-1.435022e-01	-1.301720e-01	-1.333022e-02
2.800000e-02	-6.278404e-02	6.161226e-02	-1.541516e-01	-1.398598e-01	-1.429177e-02
2.900000e-02	-6.725835e-02	6.598811e-02	-1.651463e-01	-1.498315e-01	-1.531482e-02
3.000000e-02	-7.180157e-02	7.043475e-02	-1.763918e-01	-1.599975e-01	-1.639431e-02
3.100000e-02	-7.631518e-02	7.486265e-02	-1.876399e-01	-1.701351e-01	-1.750477e-02
3.200000e-02	-8.084552e-02	7.931110e-02	-1.989221e-01	-1.803066e-01	-1.861555e-02
3.300000e-02	-8.540292e-02	8.380137e-02	-2.102655e-01	-1.905357e-01	-1.972985e-02
3.400000e-02	-9.011246e-02	8.846114e-02	-2.218807e-01	-2.010528e-01	-2.082787e-02
3.500000e-02	-9.506406e-02	9.338351e-02	-2.339488e-01	-2.120385e-01	-2.191034e-02
3.600000e-02	-1.002733e-01	9.859381e-02	-2.464909e-01	-2.235188e-01	-2.297214e-02
3.700000e-02	-1.057081e-01	1.040496e-01	-2.594978e-01	-2.354570e-01	-2.404084e-02
3.800000e-02	-1.113242e-01	1.097048e-01	-2.728743e-01	-2.477614e-01	-2.511297e-02
3.900000e-02	-1.170668e-01	1.154980e-01	-2.865505e-01	-2.603421e-01	-2.620841e-02
4.000000e-02	-1.230168e-01	1.214900e-01	-3.007260e-01	-2.733798e-01	-2.734626e-02
4.100000e-02	-1.290330e-01	1.275504e-01	-3.150843e-01	-2.865752e-01	-2.850912e-02
4.200000e-02	-1.351544e-01	1.337115e-01	-3.296015e-01	-2.999551e-01	-2.964637e-02
4.300000e-02	-1.413046e-01	1.399184e-01	-3.440438e-01	-3.133265e-01	-3.071734e-02
4.400000e-02	-1.475847e-01	1.462516e-01	-3.585695e-01	-3.268694e-01	-3.170011e-02
4.500000e-02	-1.539141e-01	1.526587e-01	-3.729773e-01	-3.404027e-01	-3.257458e-02
4.600000e-02	-1.603108e-01	1.591424e-01	-3.872425e-01	-3.539321e-01	-3.331047e-02
4.700000e-02	-1.667184e-01	1.656576e-01	-4.013242e-01	-3.673805e-01	-3.394365e-02
4.800000e-02	-1.730890e-01	1.721393e-01	-4.151320e-01	-3.806550e-01	-3.447699e-02
4.900000e-02	-1.793019e-01	1.784840e-01	-4.284219e-01	-3.935128e-01	-3.490907e-02
5.000000e-02	-1.854713e-01	1.847884e-01	-4.414391e-01	-4.061909e-01	-3.524823e-02
5.100000e-02	-1.915267e-01	1.910018e-01	-4.540562e-01	-4.185548e-01	-3.550139e-02
5.200000e-02	-1.973300e-01	1.969853e-01	-4.659239e-01	-4.302920e-01	-3.563193e-02
5.300000e-02	-2.027690e-01	2.026521e-01	-4.767825e-01	-4.411603e-01	-3.562220e-02
5.400000e-02	-2.077345e-01	2.078840e-01	-4.863629e-01	-4.509160e-01	-3.544692e-02
5.500000e-02	-2.121434e-01	2.126177e-01	-4.944647e-01	-4.593757e-01	-3.508897e-02
5.600000e-02	-2.160998e-01	2.169426e-01	-5.013097e-01	-4.667546e-01	-3.455509e-02
5.700000e-02	-2.196270e-01	2.208913e-01	-5.069749e-01	-4.731145e-01	-3.386046e-02
5.800000e-02	-2.229183e-01	2.246447e-01	-5.118442e-01	-4.788403e-01	-3.300385e-02
5.900000e-02	-2.260117e-01	2.282306e-01	-5.160951e-01	-4.840592e-01	-3.203585e-02
6.000000e-02	-2.289424e-01	2.316611e-01	-5.198678e-01	-4.888763e-01	-3.099153e-02
6.100000e-02	-2.317448e-01	2.349549e-01	-5.233252e-01	-4.934074e-01	-2.991784e-02
6.200000e-02	-2.344126e-01	2.380867e-01	-5.265126e-01	-4.976689e-01	-2.884368e-02
6.300000e-02	-2.369235e-01	2.410268e-01	-5.294574e-01	-5.016522e-01	-2.780522e-02
6.400000e-02	-2.393395e-01	2.438388e-01	-5.322889e-01	-5.054840e-01	-2.680495e-02
6.500000e-02	-2.417164e-01	2.465737e-01	-5.351915e-01	-5.093122e-01	-2.587936e-02
6.600000e-02	-2.440326e-01	2.492031e-01	-5.381869e-01	-5.131260e-01	-2.506089e-02
6.700000e-02	-2.463333e-01	2.517637e-01	-5.414556e-01	-5.170611e-01	-2.439451e-02
6.800000e-02	-2.486469e-01	2.542785e-01	-5.450716e-01	-5.211827e-01	-2.388894e-02
6.900000e-02	-2.509659e-01	2.567467e-01	-5.490388e-01	-5.254853e-01	-2.355355e-02
7.000000e-02	-2.532561e-01	2.591284e-01	-5.532479e-01	-5.298801e-01	-2.336780e-02
7.100000e-02	-2.554896e-01	2.614042e-01	-5.576420e-01	-5.343106e-01	-2.333144e-02
7.200000e-02	-2.576942e-01	2.635999e-01	-5.621735e-01	-5.387809e-01	-2.339258e-02
7.300000e-02	-2.599864e-01	2.658404e-01	-5.671266e-01	-5.435497e-01	-2.357687e-02
7.400000e-02	-2.624942e-01	2.682138e-01	-5.728182e-01	-5.489033e-01	-2.391493e-02
7.500000e-02	-2.652671e-01	2.707966e-01	-5.793638e-01	-5.549490e-01	-2.441483e-02
7.600000e-02	-2.683107e-01	2.735667e-01	-5.867904e-01	-5.617059e-01	-2.508451e-02
7.700000e-02	-2.714901e-01	2.764382e-01	-5.947549e-01	-5.688675e-01	-2.588741e-02
7.800000e-02	-2.749129e-01	2.794993e-01	-6.034094e-01	-5.766176e-01	-2.679185e-02
7.900000e-02	-2.786985e-01	2.829142e-01	-6.128956e-01	-5.851463e-01	-2.774923e-02
8.000000e-02	-2.826928e-01	2.865350e-01	-6.228453e-01	-5.941154e-01	-2.872992e-02
8.100000e-02	-2.866197e-01	2.901076e-01	-6.327333e-01	-6.029863e-01	-2.974700e-02
8.200000e-02	-2.903241e-01	2.934723e-01	-6.422871e-01	-6.114677e-01	-3.081943e-02
8.300000e-02	-2.939761e-01	2.968256e-01	-6.518161e-01	-6.198842e-01	-3.193196e-02
8.400000e-02	-2.972496e-01	2.998095e-01	-6.608702e-01	-6.276847e-01	-3.318553e-02
8.500000e-02	-2.999793e-01	3.022508e-01	-6.692592e-01	-6.346088e-01	-3.465033e-02
8.600000e-02	-3.020201e-01	3.039544e-01	-6.768251e-01	-6.404327e-01	-3.639248e-02
8.700000e-02	-3.032145e-01	3.047540e-01	-6.832562e-01	-6.448426e-01	-3.841355e-02
8.800000e-02	-3.037354e-01	3.048443e-01	-6.886945e-01	-6.480827e-01	-4.061182e-02
8.900000e-02	-3.036028e-01	3.042553e-01	-6.930310e-01	-6.501183e-01	-4.291274e-02
9.000000e-02	-3.033699e-01	3.035437e-01	-6.971653e-01	-6.519526e-01	-4.521271e-02
9.100000e-02	-3.035072e-01	3.032398e-01	-7.016278e-01	-6.543211e-01	-4.730675e-02
9.200000e-02	-3.044549e-01	3.038004e-01	-7.071750e-01	-6.580424e-01	-4.913259e-02
9.300000e-02	-3.061769e-01	3.051868e-01	-7.138540e-01	-6.631039e-01	-5.075008e-02
9.400000e-02	-3.085173e-01	3.071833e-01	-7.216038e-01	-6.693192e-01	-5.228465e-02
9.500000e-02	-3.111459e-01	3.094071e-01	-7.299743e-01	-6.761331e-01	-5.384127e-02
9.600000e-02	-3.138699e-01	3.116442e-01	-7.386001e-01	-6.831700e-01	-5.543010e-02
9.700000e-02	-3.166062e-01	3.138433e-01	-7.472607e-01	-6.902365e-01	-5.702412e-02
9.800000e-02	-3.194280e-01	3.161199e-01	-7.559386e-01	-6.973973e-01	-5.854125e-02
9.900000e-02	-3.224423e-01	3.186315e-01	-7.647840e-01	-7.048343e-01	-5.994969e-02
1.000000e-01	-3.258799e-01	3.216634e-01	-7.741281e-01	-7.129440e-01	-6.118413e-02
1.010000e-01	-3.297219e-01	3.252040e-01	-7.840164e-01	-7.217301e-01	-6.228632e-02
1.020000e-01	-3.338218e-01	3.290873e-01	-7.942231e-01	-7.309334e-01	-6.328974e-02
1.030000e-01	-3.380431e-01	3.331321e-01	-8.046302e-01	-7.403582e-01	-6.427201e-02
1.040000e-01	-3.422575e-01	3.371778e-01	-8.151048e-01	-7.498099e-01	-6.529488e-02
1.050000e-01	-3.463787e-01	3.410939e-01	-8.255520e-01	-7.591547e-01	-6.639728e-02
1.060000e-01	-3.503560e-01	3.448273e-01	-8.358955e-01	-7.683038e-01	-6.759168e-02
1.070000e-01	-3.540700e-01	3.482474e-01	-8.459414e-01	-7.770407e-01	-6.890074e-02
1.080000e-01	-3.574036e-01	3.512517e-01	-8.554518e-01	-7.851295e-01	-7.032227e-02
1.090000e-01	-3.603406e-01	3.538274e-01	-8.643524e-01	-7.925168e-01	-7.183561e-02
1.100000e-01	-3.627967e-01	3.558924e-01	-8.724995e-01	-7.990464e-01	-7.345310e-02
1.110000e-01	-3.650038e-01	3.576836e-01	-8.802076e-01	-8.051076e-01	-7.509996e-02
1.120000e-01	-3.670052e-01	3.592509e-01	-8.875553e-01	-8.107829e-01	-7.677242e-02
1.130000e-01	-3.690217e-01	3.608142e-01	-8.948582e-01	-8.164508e-01	-7.840738e-02
1.140000e-01	-3.710445e-01	3.623650e-01	-9.021177e-01	-8.221033e-01	-8.001435e-02
1.150000e-01	-3.732287e-01	3.640637e-01	-9.095640e-01	-8.280107e-01	-8.155330e-02
1.160000e-01	-3.755778e-01	3.659164e-01	-9.172203e-01	-8.341879e-01	-8.303236e-02
1.170000e-01	-3.781844e-01	3.680224e-01	-9.252194e-01	-8.407941e-01	-8.442525e-02
1.180000e-01	-3.810037e-01	3.703342e-01	-9.334970e-01	-8.477522e-01	-8.574480e-02
1.190000e-01	-3.840244e-01	3.728423e-01	-9.420191e-01	-8.550339e-01	-8.698516e-02
1.200000e-01	-3.871921e-01	3.754920e-01	-9.507250e-01	-8.625546e-01	-8.817040e-02
1.210000e-01	-3.905445e-01	3.783202e-01	-9.596713e-01	-8.703801e-01	-8.929117e-02
1.220000e-01	-3.940403e-01	3.812773e-01	-9.688287e-01	-8.784547e-01	-9.037402e-02
1.230000e-01	-3.977371e-01	3.844267e-01	-9.782739e-01	-8.868741e-01	-9.139989e-02
1.240000e-01	-4.015799e-01	3.877192e-01	-9.879167e-01	-8.955383e-01	-9.237844e-02
1.250000e-01	-4.056242e-01	3.912265e-01	-9.977921e-01	-9.045203e-01	-9.327186e-02
1.260000e-01	-4.098686e-01	3.949556e-01	-1.007919e+00	-9.138281e-01	-9.409083e-02
1.270000e-01	-4.143979e-01	3.990011e-01	-1.018411e+00	-9.236033e-01	-9.480750e-02
1.280000e-01	-4.192576e-01	4.034134e-01	-1.029355e+00	-9.339349e-01	-9.541978e-02
1.290000e-01	-4.243968e-01	4.081384e-01	-1.040677e+00	-9.447355e-01	-9.594188e-02
1.300000e-01	-4.298233e-01	4.131925e-01	-1.052389e+00	-9.560179e-01	-9.637125e-02
1.310000e-01	-4.352089e-01	4.182216e-01	-1.064018e+00	-9.672178e-01	-9.680001e-02
1.320000e-01	-4.400857e-01	4.227169e-01	-1.074895e+00	-9.775334e-01	-9.736196e-02
1.330000e-01	-4.441549e-01	4.263527e-01	-1.084570e+00	-9.864397e-01	-9.812982e-02
1.340000e-01	-4.476677e-01	4.294177e-01	-1.093375e+00	-9.943553e-01	-9.901993e-02
1.350000e-01	-4.508505e-01	4.321783e-01	-1.101564e+00	-1.001632e+00	-9.993153e-02
1.360000e-01	-4.540133e-01	4.349779e-01	-1.109551e+00	-1.008789e+00	-1.007620e-01
1.370000e-01	-4.573719e-01	4.380405e-01	-1.117649e+00	-1.016196e+00	-1.014524e-01
1.380000e-01	-4.609828e-01	4.414058e-01	-1.125983e+00	-1.023974e+00	-1.020087e-01
1.390000e-01	-4.647821e-01	4.449686e-01	-1.134520e+00	-1.032042e+00	-1.024778e-01
1.400000e-01	-4.686296e-01	4.485517e-01	-1.143121e+00	-1.040190e+00	-1.029307e-01
1.410000e-01	-4.724042e-01	4.520126e-01	-1.151632e+00	-1.048220e+00	-1.034119e-01
1.420000e-01	-4.760378e-01	4.552839e-01	-1.159978e+00	-1.056027e+00	-1.039511e-01
1.430000e-01	-4.795717e-01	4.584177e-01	-1.168185e+00	-1.063664e+00	-1.045209e-01
1.440000e-01	-4.830210e-01	4.614464e-01	-1.176256e+00	-1.071149e+00	-1.051072e-01
1.450000e-01	-4.864196e-01	4.644129e-01	-1.184207e+00	-1.078523e+00	-1.056839e-01
1.460000e-01	-4.898063e-01	4.673747e-01	-1.192099e+00	-1.085856e+00	-1.062432e-01
1.470000e-01	-4.932037e-01	4.703616e-01	-1.199941e+00	-1.093174e+00	-1.067669e-01
1.480000e-01	-4.965959e-01	4.733555e-01	-1.207724e+00	-1.100458e+00	-1.072663e-01
1.490000e-01	-4.999743e-01	4.763444e-01	-1.215431e+00	-1.107690e+00	-1.077410e-01
1.500000e-01	-5.033267e-01	4.793154e-01	-1.223072e+00	-1.114863e+00	-1.082093e-01
1.510000e-01	-5.066817e-01	4.822996e-01	-1.230671e+00	-1.122017e+00	-1.086536e-01
1.520000e-01	-5.100035e-01	4.852525e-01	-1.238193e+00	-1.129100e+00	-1.090929e-01
1.530000e-01	-5.132889e-01	4.881663e-01	-1.245615e+00	-1.136096e+00	-1.095184e-01
1.540000e-01	-5.165633e-01	4.910657e-01	-1.252998e+00	-1.143062e+00	-1.099358e-01
1.550000e-01	-5.198277e-01	4.939552e-01	-1.260327e+00	-1.149991e+00	-1.103358e-01
1.560000e-01	-5.230980e-01	4.968517e-01	-1.267644e+00	-1.156920e+00	-1.107240e-01
1.570000e-01	-5.264091e-01	4.997980e-01	-1.274968e+00	-1.163893e+00	-1.110748e-01
1.580000e-01	-5.297675e-01	5.027992e-01	-1.282334e+00	-1.170934e+00	-1.113994e-01
1.590000e-01	-5.331664e-01	5.058501e-01	-1.289712e+00	-1.178023e+00	-1.116896e-01
1.600000e-01	-5.365857e-01	5.089246e-01	-1.297104e+00	-1.185137e+00	-1.119661e-01
1.610000e-01	-5.400052e-01	5.120014e-01	-1.304465e+00	-1.192238e+00	-1.122275e-01
1.620000e-01	-5.433945e-01	5.150364e-01	-1.311790e+00	-1.199289e+00	-1.125004e-01
1.630000e-01	-5.467441e-01	5.180252e-01	-1.319031e+00	-1.206260e+00	-1.127714e-01
1.640000e-01	-5.500444e-01	5.209486e-01	-1.326200e+00	-1.213144e+00	-1.130555e-01
1.650000e-01	-5.533165e-01	5.238375e-01	-1.333303e+00	-1.219968e+00	-1.133348e-01
1.660000e-01	-5.565548e-01	5.266846e-01	-1.340347e+00	-1.226728e+00	-1.136189e-01
1.670000e-01	-5.597506e-01	5.294867e-01	-1.347305e+00	-1.233403e+00	-1.139020e-01
1.680000e-01	-5.628588e-01	5.321933e-01	-1.354130e+00	-1.239924e+00	-1.142064e-01
1.690000e-01	-5.659087e-01	5.348490e-01	-1.360828e+00	-1.246323e+00	-1.145051e-01
1.700000e-01	-5.688888e-01	5.374368e-01	-1.367406e+00	-1.252592e+00	-1.148141e-01
1.710000e-01	-5.718142e-01	5.399756e-01	-1.373858e+00	-1.258743e+00	-1.151147e-01
1.720000e-01	-5.746764e-01	5.424499e-01	-1.380199e+00	-1.264776e+00	-1.154230e-01
1.730000e-01	-5.775228e-01	5.449122e-01	-1.386472e+00	-1.270759e+00	-1.157131e-01
1.740000e-01	-5.803252e-01	5.473297e-01	-1.392661e+00	-1.276656e+00	-1.160052e-01
1.750000e-01	-5.831271e-01	5.497547e-01	-1.398796e+00	-1.282525e+00	-1.162710e-01
1.760000e-01	-5.859169e-01	5.521737e-01	-1.404895e+00	-1.288364e+00	-1.165304e-01
1.770000e-01	-5.887392e-01	5.546369e-01	-1.410996e+00	-1.294237e+00	-1.167586e-01
1.780000e-01	-5.915400e-01	5.570773e-01	-1.417051e+00	-1.300066e+00	-1.169855e-01
1.790000e-01	-5.943423e-01	5.595208e-01	-1.423071e+00	-1.305878e+00	-1.171933e-01
1.800000e-01	-5.970824e-01	5.618931e-01	-1.428998e+00	-1.311582e+00	-1.174168e-01
1.810000e-01	-5.997772e-01	5.642194e-01	-1.434828e+00	-1.317191e+00	-1.176368e-01
1.820000e-01	-6.023862e-01	5.664523e-01	-1.440536e+00	-1.322654e+00	-1.178818e-01
1.830000e-01	-6.049652e-01	5.686630e-01	-1.446160e+00	-1.328045e+00	-1.181150e-01
1.840000e-01	-6.074959e-01	5.708302e-01	-1.451690e+00	-1.333341e+00	-1.183492e-01
1.850000e-01	-6.100335e-01	5.730226e-01	-1.457170e+00	-1.338619e+00	-1.185515e-01
1.860000e-01	-6.125504e-01	5.752030e-01	-1.462593e+00	-1.343847e+00	-1.187463e-01
1.870000e-01	-6.150648e-01	5.773945e-01	-1.467966e+00	-1.349048e+00	-1.189180e-01
1.880000e-01	-6.175189e-01	5.795252e-01	-1.473237e+00	-1.354137e+00	-1.190996e-01
1.890000e-01	-6.199154e-01	5.816042e-01	-1.478392e+00	-1.359111e+00	-1.192804e-01
1.900000e-01	-6.222316e-01	5.835930e-01	-1.483425e+00	-1.363944e+00	-1.194812e-01
1.910000e-01	-6.245081e-01	5.855416e-01	-1.488364e+00	-1.368690e+00	-1.196741e-01
1.920000e-01	-6.267226e-01	5.874186e-01	-1.493195e+00	-1.373320e+00	-1.198749e-01
1.930000e-01	-6.289179e-01	5.892840e-01	-1.497949e+00	-1.377893e+00	-1.200568e-01
1.940000e-01	-6.310615e-01	5.910943e-01	-1.502614e+00	-1.382369e+00	-1.202456e-01
1.950000e-01	-6.332117e-01	5.929279e-01	-1.507240e+00	-1.386832e+00	-1.204081e-01
1.960000e-01	-6.353452e-01	5.947509e-01	-1.511821e+00	-1.391256e+00	-1.205654e-01
1.970000e-01	-6.374756e-01	5.965883e-01	-1.516348e+00	-1.395649e+00	-1.206983e-01
1.980000e-01	-6.395763e-01	5.984014e-01	-1.520809e+00	-1.399981e+00	-1.208281e-01
1.990000e-01	-6.416761e-01	6.002328e-01	-1.525218e+00	-1.404285e+00	-1.209327e-01
2.000000e-01	-6.437502e-01	6.020421e-01	-1.529568e+00	-1.408534e+00	-1.210340e-01
2.010000e-01	-6.458250e-01	6.038708e-01	-1.533859e+00	-1.412755e+00	-1.211048e-01
2.020000e-01	-6.478769e-01	6.056765e-01	-1.538107e+00	-1.416931e+00	-1.211768e-01
2.030000e-01	-6.499358e-01	6.075034e-01	-1.542330e+00	-1.421101e+00	-1.212293e-01
2.040000e-01	-6.519666e-01	6.092994e-01	-1.546499e+00	-1.425216e+00	-1.212828e-01
2.050000e-01	-6.539988e-01	6.111082e-01	-1.550636e+00	-1.429317e+00	-1.213190e-01
2.060000e-01	-6.559837e-01	6.128619e-01	-1.554703e+00	-1.433335e+00	-1.213676e-01
2.070000e-01	-6.579556e-01	6.146125e-01	-1.558721e+00	-1.437316e+00	-1.214049e-01
2.080000e-01	-6.598708e-01	6.163025e-01	-1.562641e+00	-1.441191e+00	-1.214495e-01
2.090000e-01	-6.617683e-01	6.179863e-01	-1.566495e+00	-1.445016e+00	-1.214790e-01
2.100000e-01	-6.636289e-01	6.196299e-01	-1.570293e+00	-1.448775e+00	-1.215176e-01
2.110000e-01	-6.654772e-01	6.212723e-01	-1.574049e+00	-1.452502e+00	-1.215473e-01
2.120000e-01	-6.672760e-01	6.228626e-01	-1.577722e+00	-1.456137e+00	-1.215849e-01
2.130000e-01	-6.690466e-01	6.244352e-01	-1.581326e+00	-1.459710e+00	-1.216166e-01
2.140000e-01	-6.707754e-01	6.259624e-01	-1.584854e+00	-1.463202e+00	-1.216517e-01
2.150000e-01	-6.724899e-01	6.274856e-01	-1.588330e+00	-1.466655e+00	-1.216752e-01
2.160000e-01	-6.741589e-01	6.289610e-01	-1.591733e+00	-1.470026e+00	-1.217076e-01
2.170000e-01	-6.758069e-01	6.304259e-01	-1.595081e+00	-1.473347e+00	-1.217336e-01
2.180000e-01	-6.774119e-01	6.318437e-01	-1.598357e+00	-1.476591e+00	-1.217669e-01
2.190000e-01	-6.789967e-01	6.332505e-01	-1.601580e+00	-1.479787e+00	-1.217936e-01
2.200000e-01	-6.805420e-01	6.346152e-01	-1.604745e+00	-1.482914e+00	-1.218304e-01
2.210000e-01	-6.820668e-01	6.359695e-01	-1.607847e+00	-1.485990e+00	-1.218567e-01
2.220000e-01	-6.835521e-01	6.372804e-01	-1.610886e+00	-1.488995e+00	-1.218911e-01
2.230000e-01	-6.850075e-01	6.385717e-01	-1.613847e+00	-1.491931e+00	-1.219158e-01
2.240000e-01	-6.864150e-01	6.398127e-01	-1.616724e+00	-1.494777e+00	-1.219471e-01
2.250000e-01	-6.878108e-01	6.410527e-01	-1.619571e+00	-1.497596e+00	-1.219747e-01
2.260000e-01	-6.891694e-01	6.422531e-01	-1.622355e+00	-1.500347e+00	-1.220079e-01
2.270000e-01	-6.905103e-01	6.434457e-01	-1.625092e+00	-1.503056e+00	-1.220356e-01
2.280000e-01	-6.918120e-01	6.445957e-01	-1.627766e+00	-1.505695e+00	-1.220711e-01
2.290000e-01	-6.930987e-01	6.457401e-01	-1.630387e+00	-1.508292e+00	-1.220950e-01
2.300000e-01	-6.943470e-01	6.468425e-01	-1.632949e+00	-1.510821e+00	-1.221274e-01
2.310000e-01	-6.955802e-01	6.479394e-01	-1.635464e+00	-1.513312e+00	-1.221519e-01
2.320000e-01	-6.967817e-01	6.490021e-01	-1.637924e+00	-1.515744e+00	-1.221801e-01
2.330000e-01	-6.979690e-01	6.500584e-01	-1.640337e+00	-1.518137e+00	-1.221994e-01
2.340000e-01	-6.991270e-01	6.510831e-01	-1.642702e+00	-1.520478e+00	-1.222240e-01
2.350000e-01	-7.002728e-01	6.521045e-01	-1.645028e+00	-1.522787e+00	-1.222412e-01
2.360000e-01	-7.013969e-01	6.531020e-01	-1.647321e+00	-1.525057e+00	-1.222637e-01
2.370000e-01	-7.025076e-01	6.540945e-01	-1.649574e+00	-1.527295e+00	-1.222796e-01
2.380000e-01	-7.035816e-01	6.550481e-01	-1.651762e+00	-1.529463e+00	-1.222996e-01
2.390000e-01	-7.046406e-01	6.559935e-01	-1.653908e+00	-1.531595e+00	-1.223133e-01
2.400000e-01	-7.056681e-01	6.569042e-01	-1.655999e+00	-1.533667e+00	-1.223313e-01
2.410000e-01	-7.066869e-01	6.578147e-01	-1.658063e+00	-1.535719e+00	-1.223448e-01
2.420000e-01	-7.076773e-01	6.586935e-01	-1.660081e+00	-1.537718e+00	-1.223631e-01
2.430000e-01	-7.086587e-01	6.595721e-01	-1.662066e+00	-1.539692e+00	-1.223741e-01
2.440000e-01	-7.096064e-01	6.604151e-01	-1.663995e+00	-1.541604e+00	-1.223913e-01
2.450000e-01	-7.105547e-01	6.612661e-01	-1.665912e+00	-1.543511e+00	-1.224012e-01
2.460000e-01	-7.114712e-01	6.620814e-01	-1.667768e+00	-1.545355e+00	-1.224129e-01
2.470000e-01	-7.123760e-01	6.628923e-01	-1.669594e+00	-1.547173e+00	-1.224208e-01
2.480000e-01	-7.132564e-01	6.636757e-01	-1.671381e+00	-1.548947e+00	-1.224339e-01
2.490000e-01	-7.141314e-01	6.644632e-01	-1.673138e+00	-1.550700e+00	-1.224374e-01
2.500000e-01	-7.149725e-01	6.652125e-01	-1.674847e+00	-1.552396e+00	-1.224509e-01
2.510000e-01	-7.158116e-01	6.659662e-01	-1.676535e+00	-1.554079e+00	-1.224557e-01
2.520000e-01	-7.166174e-01	6.666823e-01	-1.678170e+00	-1.555703e+00	-1.224677e-01
2.530000e-01	-7.174149e-01	6.673972e-01	-1.679777e+00	-1.557304e+00	-1.224737e-01
2.540000e-01	-7.181846e-01	6.680811e-01	-1.681342e+00	-1.558855e+00	-1.224862e-01
2.550000e-01	-7.189549e-01	6.687742e-01	-1.682880e+00	-1.560395e+00	-1.224850e-01
2.560000e-01	-7.197004e-01	6.694400e-01	-1.684389e+00	-1.561895e+00	-1.224943e-01
2.570000e-01	-7.204519e-01	6.701178e-01	-1.685898e+00	-1.563401e+00	-1.224971e-01
2.580000e-01	-7.211642e-01	6.707515e-01	-1.687334e+00	-1.564831e+00	-1.225030e-01
2.590000e-01	-7.218767e-01	6.713919e-01	-1.688757e+00	-1.566255e+00	-1.225020e-01
2.600000e-01	-7.225587e-01	6.719986e-01	-1.690137e+00	-1.567627e+00	-1.225100e-01
2.610000e-01	-7.232420e-01	6.726134e-01	-1.691503e+00	-1.568994e+00	-1.225096e-01
2.620000e-01	-7.238917e-01	6.731913e-01	-1.692826e+00	-1.570304e+00	-1.225211e-01
2.630000e-01	-7.245402e-01	6.737731e-01	-1.694137e+00	-1.571609e+00	-1.225282e-01
2.640000e-01	-7.251598e-01	6.743253e-01	-1.695394e+00	-1.572857e+00	-1.225371e-01
2.650000e-01	-7.257883e-01	6.748925e-01	-1.696649e+00	-1.574113e+00	-1.225363e-01
2.660000e-01	-7.263867e-01	6.754263e-01	-1.697862e+00	-1.575318e+00	-1.225441e-01
2.670000e-01	-7.269833e-01	6.759647e-01	-1.699053e+00	-1.576510e+00	-1.225432e-01
2.680000e-01	-7.275592e-01	6.764805e-01	-1.700219e+00	-1.577669e+00	-1.225502e-01
2.690000e-01	-7.281396e-01	6.770049e-01	-1.701380e+00	-1.578830e+00	-1.225504e-01
2.700000e-01	-7.286875e-01	6.774947e-01	-1.702481e+00	-1.579928e+00	-1.225531e-01
2.710000e-01	-7.292271e-01	6.779813e-01	-1.703560e+00	-1.581007e+00	-1.225531e-01
2.720000e-01	-7.297459e-01	6.784437e-01	-1.704621e+00	-1.582056e+00	-1.225646e-01
2.730000e-01	-7.302731e-01	6.789211e-01	-1.705670e+00	-1.583108e+00	-1.225618e-01
2.740000e-01	-7.307734e-01	6.793694e-01	-1.706681e+00	-1.584114e+00	-1.225672e-01
2.750000e-01	-7.312870e-01	6.798337e-01	-1.707707e+00	-1.585140e+00	-1.225665e-01
2.760000e-01	-7.317723e-01	6.802677e-01	-1.708688e+00	-1.586116e+00	-1.225715e-01
2.770000e-01	-7.322593e-01	6.807079e-01	-1.709659e+00	-1.587089e+00	-1.225702e-01
2.780000e-01	-7.327156e-01	6.811166e-01	-1.710583e+00	-1.588007e+00	-1.225758e-01
2.790000e-01	-7.331724e-01	6.815303e-01	-1.711483e+00	-1.588914e+00	-1.225691e-01
2.800000e-01	-7.336043e-01	6.819171e-01	-1.712356e+00	-1.589782e+00	-1.225737e-01
2.810000e-01	-7.340424e-01	6.823136e-01	-1.713229e+00	-1.590657e+00	-1.225721e-01
2.820000e-01	-7.344555e-01	6.826836e-01	-1.714060e+00	-1.591485e+00	-1.225745e-01
2.830000e-01	-7.348803e-01	6.830692e-01	-1.714902e+00	-1.592331e+00	-1.225705e-01
2.840000e-01	-7.352805e-01	6.834285e-01	-1.715717e+00	-1.593139e+00	-1.225779e-01
2.850000e-01	-7.356902e-01	6.838012e-01	-1.716525e+00	-1.593953e+00	-1.225725e-01
2.860000e-01	-7.360651e-01	6.841380e-01	-1.717282e+00	-1.594706e+00	-1.225759e-01
2.870000e-01	-7.364538e-01	6.844916e-01	-1.718055e+00	-1.595481e+00	-1.225738e-01
2.880000e-01	-7.368137e-01	6.848149e-01	-1.718775e+00	-1.596201e+00	-1.225737e-01
2.890000e-01	-7.371827e-01	6.851498e-01	-1.719503e+00	-1.596934e+00	-1.225691e-01
2.900000e-01	-7.375184e-01	6.854506e-01	-1.720193e+00	-1.597615e+00	-1.225780e-01
2.910000e-01	-7.378667e-01	6.857682e-01	-1.720876e+00	-1.598305e+00	-1.225712e-01
2.920000e-01	-7.381992e-01	6.860682e-01	-1.721538e+00	-1.598968e+00	-1.225696e-01
2.930000e-01	-7.385526e-01	6.863918e-01	-1.722233e+00	-1.599669e+00	-1.225642e-01
2.940000e-01	-7.388682e-01	6.866754e-01	-1.722876e+00	-1.600306e+00	-1.225700e-01
2.950000e-01	-7.391921e-01	6.869712e-01	-1.723516e+00	-1.600950e+00	-1.225657e-01
2.960000e-01	-7.394888e-01	6.872374e-01	-1.724122e+00	-1.601550e+00	-1.225723e-01
2.970000e-01	-7.397959e-01	6.875191e-01	-1.724722e+00	-1.602157e+00	-1.225650e-01
2.980000e-01	-7.400734e-01	6.877694e-01	-1.725281e+00	-1.602714e+00	-1.225668e-01
2.990000e-01	-7.403688e-01	6.880404e-01	-1.725862e+00	-1.603300e+00	-1.225621e-01
3.000000e-01	-7.406417e-01	6.882868e-01	-1.726407e+00	-1.603845e+00	-1.225618e-01
3.010000e-01	-7.409300e-01	6.885512e-01	-1.726971e+00	-1.604415e+00	-1.225555e-01
3.020000e-01	-7.411772e-01	6.887705e-01	-1.727487e+00	-1.604921e+00	-1.225665e-01
3.030000e-01	-7.414335e-01	6.890044e-01	-1.727997e+00	-1.605432e+00	-1.225648e-01
3.040000e-01	-7.416766e-01	6.892236e-01	-1.728491e+00	-1.605922e+00	-1.225688e-01
3.050000e-01	-7.419417e-01	6.894672e-01	-1.729013e+00	-1.606448e+00	-1.225648e-01
3.060000e-01	-7.421697e-01	6.896713e-01	-1.729469e+00	-1.606904e+00	-1.225647e-01
3.070000e-01	-7.424144e-01	6.898972e-01	-1.729944e+00	-1.607386e+00	-1.225575e-01
3.080000e-01	-7.426384e-01	6.901004e-01	-1.730397e+00	-1.607837e+00	-1.225602e-01
3.090000e-01	-7.428744e-01	6.903190e-01	-1.730851e+00	-1.608300e+00	-1.225512e-01
3.100000e-01	-7.430774e-01	6.905003e-01	-1.731266e+00	-1.608710e+00	-1.225555e-01
3.110000e-01	-7.432907e-01	6.906945e-01	-1.731695e+00	-1.609138e+00	-1.225566e-01
3.120000e-01	-7.434778e-01	6.908603e-01	-1.732079e+00	-1.609517e+00	-1.225618e-01
3.130000e-01	-7.436931e-01	6.910600e-01	-1.732496e+00	-1.609941e+00	-1.225547e-01
3.140000e-01	-7.438826e-01	6.912308e-01	-1.732883e+00	-1.610324e+00	-1.225589e-01
3.150000e-01	-7.440880e-01	6.914221e-01	-1.733278e+00	-1.610727e+00	-1.225511e-01
3.160000e-01	-7.442647e-01	6.915809e-01	-1.733635e+00	-1.611082e+00	-1.225525e-01
3.170000e-01	-7.444601e-01	6.917629e-01	-1.734016e+00	-1.611468e+00	-1.225481e-01
3.180000e-01	-7.446250e-01	6.919108e-01	-1.734349e+00	-1.611799e+00	-1.225493e-01
3.190000e-01	-7.448082e-01	6.920805e-01	-1.734704e+00	-1.612160e+00	-1.225436e-01
3.200000e-01	-7.449647e-01	6.922184e-01	-1.735030e+00	-1.612480e+00	-1.225506e-01
3.210000e-01	-7.451335e-01	6.923753e-01	-1.735355e+00	-1.612811e+00	-1.225440e-01
3.220000e-01	-7.452817e-01	6.925075e-01	-1.735654e+00	-1.613109e+00	-1.225454e-01
3.230000e-01	-7.454564e-01	6.926709e-01	-1.735991e+00	-1.613452e+00	-1.225390e-01
3.240000e-01	-7.456118e-01	6.928116e-01	-1.736297e+00	-1.613760e+00	-1.225366e-01
3.250000e-01	-7.457790e-01	6.929703e-01	-1.736614e+00	-1.614086e+00	-1.225282e-01
3.260000e-01	-7.459095e-01	6.930860e-01	-1.736892e+00	-1.614355e+00	-1.225363e-01
3.270000e-01	-7.460538e-01	6.932201e-01	-1.737169e+00	-1.614638e+00	-1.225308e-01
3.280000e-01	-7.461795e-01	6.933306e-01	-1.737430e+00	-1.614895e+00	-1.225357e-01
3.290000e-01	-7.463220e-01	6.934620e-01	-1.737715e+00	-1.615179e+00	-1.225354e-01
3.300000e-01	-7.464361e-01	6.935630e-01	-1.737949e+00	-1.615411e+00	-1.225385e-01
3.310000e-01	-7.465716e-01	6.936906e-01	-1.738208e+00	-1.615676e+00	-1.225324e-01
3.320000e-01	-7.466977e-01	6.938047e-01	-1.738466e+00	-1.615931e+00	-1.225356e-01
3.330000e-01	-7.468298e-01	6.939286e-01	-1.738713e+00	-1.616186e+00	-1.225269e-01
3.340000e-01	-7.469369e-01	6.940220e-01	-1.738939e+00	-1.616406e+00	-1.225326e-01
3.350000e-01	-7.470640e-01	6.941417e-01	-1.739189e+00	-1.616658e+00	-1.225306e-01
3.360000e-01	-7.471699e-01	6.942367e-01	-1.739405e+00	-1.616872e+00	-1.225327e-01
3.370000e-01	-7.472922e-01	6.943518e-01	-1.739642e+00	-1.617113e+00	-1.225291e-01
3.380000e-01	-7.473912e-01	6.944390e-01	-1.739853e+00	-1.617317e+00	-1.225351e-01
3.390000e-01	-7.475075e-01	6.945483e-01	-1.740070e+00	-1.617543e+00	-1.225277e-01
3.400000e-01	-7.475941e-01	6.946233e-01	-1.740257e+00	-1.617723e+00	-1.225345e-01
3.410000e-01	-7.476991e-01	6.947207e-01	-1.740470e+00	-1.617934e+00	-1.225358e-01
3.420000e-01	-7.477803e-01	6.947927e-01	-1.740636e+00	-1.618098e+00	-1.225376e-01
3.430000e-01	-7.478834e-01	6.948912e-01	-1.740833e+00	-1.618300e+00	-1.225331e-01
3.440000e-01	-7.479674e-01	6.949654e-01	-1.741013e+00	-1.618474e+00	-1.225391e-01
3.450000e-01	-7.480736e-01	6.950668e-01	-1.741209e+00	-1.618678e+00	-1.225311e-01
3.460000e-01	-7.481531e-01	6.951370e-01	-1.741370e+00	-1.618838e+00	-1.225321e-01
3.470000e-01	-7.482504e-01	6.952289e-01	-1.741559e+00	-1.619030e+00	-1.225293e-01
3.480000e-01	-7.483223e-01	6.952928e-01	-1.741702e+00	-1.619173e+00	-1.225287e-01
3.490000e-01	-7.484171e-01	6.953834e-01	-1.741878e+00	-1.619356e+00	-1.225219e-01
3.500000e-01	-7.484774e-01	6.954338e-01	-1.742019e+00	-1.619487e+00	-1.225323e-01
3.510000e-01	-7.485564e-01	6.955082e-01	-1.742174e+00	-1.619644e+00	-1.225308e-01
3.520000e-01	-7.486184e-01	6.955634e-01	-1.742309e+00	-1.619773e+00	-1.225362e-01
3.530000e-01	-7.487063e-01	6.956482e-01	-1.742476e+00	-1.619944e+00	-1.225315e-01
3.540000e-01	-7.487653e-01	6.956994e-01	-1.742595e+00	-1.620063e+00	-1.225322e-01
3.550000e-01	-7.488436e-01	6.957743e-01	-1.742739e+00	-1.620213e+00	-1.225259e-01
3.560000e-01	-7.489010e-01	6.958250e-01	-1.742861e+00	-1.620332e+00	-1.225296e-01
3.570000e-01	-7.489776e-01	6.958997e-01	-1.743000e+00	-1.620478e+00	-1.225225e-01
3.580000e-01	-7.490295e-01	6.959440e-01	-1.743110e+00	-1.620585e+00	-1.225256e-01
3.590000e-01	-7.491020e-01	6.960137e-01	-1.743248e+00	-1.620726e+00	-1.225222e-01
3.600000e-01	-7.491458e-01	6.960503e-01	-1.743345e+00	-1.620818e+00	-1.225266e-01
3.610000e-01	-7.492128e-01	6.961173e-01	-1.743467e+00	-1.620947e+00	-1.225209e-01
3.620000e-01	-7.492643e-01	6.961621e-01	-1.743581e+00	-1.621055e+00	-1.225263e-01
3.630000e-01	-7.493301e-01	6.962275e-01	-1.743690e+00	-1.621175e+00	-1.225150e-01
3.640000e-01	-7.493710e-01	6.962622e-01	-1.743779e+00	-1.621261e+00	-1.225187e-01
3.650000e-01	-7.494250e-01	6.963143e-01	-1.743881e+00	-1.621366e+00	-1.225156e-01
3.660000e-01	-7.494586e-01	6.963417e-01	-1.743958e+00	-1.621438e+00	-1.225203e-01
3.670000e-01	-7.495155e-01	6.963974e-01	-1.744059e+00	-1.621545e+00	-1.225139e-01
3.680000e-01	-7.495606e-01	6.964375e-01	-1.744156e+00	-1.621639e+00	-1.225175e-01
3.690000e-01	-7.496240e-01	6.965010e-01	-1.744263e+00	-1.621756e+00	-1.225076e-01
3.700000e-01	-7.496612e-01	6.965333e-01	-1.744346e+00	-1.621834e+00	-1.225118e-01
3.710000e-01	-7.497099e-01	6.965807e-01	-1.744436e+00	-1.621928e+00	-1.225082e-01
3.720000e-01	-7.497417e-01	6.966083e-01	-1.744504e+00	-1.621994e+00	-1.225101e-01
3.730000e-01	-7.497957e-01	6.966618e-01	-1.744602e+00	-1.622097e+00	-1.225054e-01
3.740000e-01	-7.498242e-01	6.966843e-01	-1.744676e+00	-1.622162e+00	-1.225135e-01
3.750000e-01	-7.498686e-01	6.967268e-01	-1.744751e+00	-1.622244e+00	-1.225070e-01
3.760000e-01	-7.498933e-01	6.967465e-01	-1.744811e+00	-1.622299e+00	-1.225120e-01
3.770000e-01	-7.499468e-01	6.968007e-01	-1.744910e+00	-1.622402e+00	-1.225083e-01
3.780000e-01	-7.499740e-01	6.968250e-01	-1.744965e+00	-1.622456e+00	-1.225083e-01
3.790000e-01	-7.500269e-01	6.968788e-01	-1.745054e+00	-1.622554e+00	-1.225003e-01
3.800000e-01	-7.500563e-01	6.969040e-01	-1.745125e+00	-1.622619e+00	-1.225063e-01
3.810000e-01	-7.500928e-01	6.969410e-01	-1.745187e+00	-1.622686e+00	-1.225009e-01
3.820000e-01	-7.501006e-01	6.969425e-01	-1.745220e+00	-1.622710e+00	-1.225092e-01
3.830000e-01	-7.501370e-01	6.969770e-01	-1.745286e+00	-1.622780e+00	-1.225059e-01
3.840000e-01	-7.501621e-01	6.969971e-01	-1.745338e+00	-1.622831e+00	-1.225067e-01
3.850000e-01	-7.502112e-01	6.970481e-01	-1.745416e+00	-1.622919e+00	-1.224966e-01
3.860000e-01	-7.502361e-01	6.970698e-01	-1.745477e+00	-1.622974e+00	-1.225023e-01
3.870000e-01	-7.502736e-01	6.971081e-01	-1.745536e+00	-1.623042e+00	-1.224943e-01
3.880000e-01	-7.502907e-01	6.971215e-01	-1.745577e+00	-1.623079e+00	-1.224976e-01
3.890000e-01	-7.503259e-01	6.971571e-01	-1.745646e+00	-1.623149e+00	-1.224973e-01
3.900000e-01	-7.503354e-01	6.971634e-01	-1.745673e+00	-1.623172e+00	-1.225012e-01
3.910000e-01	-7.503659e-01	6.971950e-01	-1.745729e+00	-1.623230e+00	-1.224987e-01
3.920000e-01	-7.503843e-01	6.972093e-01	-1.745774e+00	-1.623271e+00	-1.225027e-01
3.930000e-01	-7.504167e-01	6.972430e-01	-1.745818e+00	-1.623326e+00	-1.224923e-01
3.940000e-01	-7.504325e-01	6.972555e-01	-1.745851e+00	-1.623358e+00	-1.224930e-01
3.950000e-01	-7.504641e-01	6.972879e-01	-1.745913e+00	-1.623420e+00	-1.224923e-01
3.960000e-01	-7.504822e-01	6.973020e-01	-1.745950e+00	-1.623457e+00	-1.224930e-01
3.970000e-01	-7.505201e-01	6.973406e-01	-1.746016e+00	-1.623528e+00	-1.224878e-01
3.980000e-01	-7.505247e-01	6.973410e-01	-1.746037e+00	-1.623543e+00	-1.224939e-01
3.990000e-01	-7.505491e-01	6.973671e-01	-1.746074e+00	-1.623586e+00	-1.224881e-01
4.000000e-01	-7.505579e-01	6.973731e-01	-1.746094e+00	-1.623605e+00	-1.224892e-01
4.010000e-01	-7.505868e-01	6.974048e-01	-1.746146e+00	-1.623660e+00	-1.224861e-01
4.020000e-01	-7.505942e-01	6.974091e-01	-1.746167e+00	-1.623678e+00	-1.224892e-01
4.030000e-01	-7.506167e-01	6.974330e-01	-1.746208e+00	-1.623721e+00	-1.224872e-01
4.040000e-01	-7.506330e-01	6.974460e-01	-1.746246e+00	-1.623756e+00	-1.224901e-01
4.050000e-01	-7.506616e-01	6.974764e-01	-1.746286e+00	-1.623805e+00	-1.224814e-01
4.060000e-01	-7.506678e-01	6.974795e-01	-1.746306e+00	-1.623821e+00	-1.224849e-01
4.070000e-01	-7.506941e-01	6.975077e-01	-1.746351e+00	-1.623870e+00	-1.224816e-01
4.080000e-01	-7.507078e-01	6.975187e-01	-1.746379e+00	-1.623897e+00	-1.224814e-01
4.090000e-01	-7.507372e-01	6.975505e-01	-1.746424e+00	-1.623949e+00	-1.224746e-01
4.100000e-01	-7.507355e-01	6.975449e-01	-1.746433e+00	-1.623952e+00	-1.224812e-01
4.110000e-01	-7.507520e-01	6.975635e-01	-1.746454e+00	-1.623979e+00	-1.224749e-01
4.120000e-01	-7.507587e-01	6.975675e-01	-1.746473e+00	-1.623995e+00	-1.224779e-01
4.130000e-01	-7.507809e-01	6.975916e-01	-1.746515e+00	-1.624039e+00	-1.224768e-01
4.140000e-01	-7.507782e-01	6.975848e-01	-1.746519e+00	-1.624038e+00	-1.224813e-01
4.150000e-01	-7.507998e-01	6.976085e-01	-1.746551e+00	-1.624075e+00	-1.224758e-01
4.160000e-01	-7.508068e-01	6.976119e-01	-1.746576e+00	-1.624095e+00	-1.224811e-01
4.170000e-01	-7.508311e-01	6.976382e-01	-1.746610e+00	-1.624136e+00	-1.224738e-01
4.180000e-01	-7.508322e-01	6.976360e-01	-1.746619e+00	-1.624142e+00	-1.224772e-01
4.190000e-01	-7.508586e-01	6.976652e-01	-1.746665e+00	-1.624191e+00	-1.224739e-01
4.200000e-01	-7.508629e-01	6.976673e-01	-1.746678e+00	-1.624202e+00	-1.224763e-01
4.210000e-01	-7.508864e-01	6.976933e-01	-1.746714e+00	-1.624243e+00	-1.224705e-01
4.220000e-01	-7.508809e-01	6.976833e-01	-1.746717e+00	-1.624240e+00	-1.224778e-01
4.230000e-01	-7.508960e-01	6.977010e-01	-1.746735e+00	-1.624263e+00	-1.224713e-01
4.240000e-01	-7.508988e-01	6.977009e-01	-1.746747e+00	-1.624272e+00	-1.224746e-01
4.250000e-01	-7.509186e-01	6.977235e-01	-1.746776e+00	-1.624307e+00	-1.224693e-01
4.260000e-01	-7.509145e-01	6.977159e-01	-1.746777e+00	-1.624303e+00	-1.224737e-01
4.270000e-01	-7.509290e-01	6.977329e-01	-1.746796e+00	-1.624327e+00	-1.224690e-01
4.280000e-01	-7.509309e-01	6.977312e-01	-1.746814e+00	-1.624338e+00	-1.224760e-01
4.290000e-01	-7.509522e-01	6.977562e-01	-1.746837e+00	-1.624370e+00	-1.224661e-01
4.300000e-01	-7.509512e-01	6.977517e-01	-1.746844e+00	-1.624373e+00	-1.224710e-01
4.310000e-01	-7.509718e-01	6.977754e-01	-1.746880e+00	-1.624412e+00	-1.224680e-01
4.320000e-01	-7.509689e-01	6.977693e-01	-1.746882e+00	-1.624410e+00	-1.224720e-01
4.330000e-01	-7.509798e-01	6.977820e-01	-1.746898e+00	-1.624429e+00	-1.224690e-01
4.340000e-01	-7.509787e-01	6.977759e-01	-1.746910e+00	-1.624434e+00	-1.224761e-01
4.350000e-01	-7.509960e-01	6.977967e-01	-1.746928e+00	-1.624460e+00	-1.224682e-01
4.360000e-01	-7.509977e-01	6.977967e-01	-1.746933e+00	-1.624464e+00	-1.224686e-01
4.370000e-01	-7.510164e-01	6.978188e-01	-1.746959e+00	-1.624496e+00	-1.224630e-01
4.380000e-01	-7.510198e-01	6.978192e-01	-1.746968e+00	-1.624504e+00	-1.224643e-01
4.390000e-01	-7.510296e-01	6.978314e-01	-1.746984e+00	-1.624521e+00	-1.224622e-01
4.400000e-01	-7.510256e-01	6.978239e-01	-1.746995e+00	-1.624523e+00	-1.224718e-01
4.410000e-01	-7.510358e-01	6.978371e-01	-1.747007e+00	-1.624539e+00	-1.224678e-01
4.420000e-01	-7.510277e-01	6.978250e-01	-1.747002e+00	-1.624529e+00	-1.224734e-01
4.430000e-01	-7.510426e-01	6.978415e-01	-1.747023e+00	-1.624554e+00	-1.224690e-01
4.440000e-01	-7.510451e-01	6.978412e-01	-1.747025e+00	-1.624558e+00	-1.224675e-01
4.450000e-01	-7.510653e-01	6.978655e-01	-1.747047e+00	-1.624589e+00	-1.224582e-01
4.460000e-01	-7.510573e-01	6.978534e-01	-1.747049e+00	-1.624582e+00	-1.224674e-01
4.470000e-01	-7.510643e-01	6.978627e-01	-1.747057e+00	-1.624593e+00	-1.224643e-01
4.480000e-01	-7.510649e-01	6.978611e-01	-1.747064e+00	-1.624597e+00	-1.224670e-01
4.490000e-01	-7.510869e-01	6.978872e-01	-1.747097e+00	-1.624635e+00	-1.224616e-01
4.500000e-01	-7.510819e-01	6.978791e-01	-1.747093e+00	-1.624628e+00	-1.224645e-01
4.510000e-01	-7.510883e-01	6.978876e-01	-1.747099e+00	-1.624638e+00	-1.224614e-01
4.520000e-01	-7.510794e-01	6.978745e-01	-1.747098e+00	-1.624629e+00	-1.224699e-01
4.530000e-01	-7.510925e-01	6.978907e-01	-1.747111e+00	-1.624648e+00	-1.224629e-01
4.540000e-01	-7.510882e-01	6.978832e-01	-1.747107e+00	-1.624642e+00	-1.224652e-01
4.550000e-01	-7.511070e-01	6.979049e-01	-1.747134e+00	-1.624674e+00	-1.224602e-01
4.560000e-01	-7.511027e-01	6.978979e-01	-1.747129e+00	-1.624667e+00	-1.224618e-01
4.570000e-01	-7.511165e-01	6.979155e-01	-1.747146e+00	-1.624690e+00	-1.224565e-01
4.580000e-01	-7.511115e-01	6.979074e-01	-1.747149e+00	-1.624686e+00	-1.224630e-01
4.590000e-01	-7.511222e-01	6.979206e-01	-1.747158e+00	-1.624701e+00	-1.224565e-01
4.600000e-01	-7.511179e-01	6.979140e-01	-1.747155e+00	-1.624696e+00	-1.224597e-01
4.610000e-01	-7.511247e-01	6.979244e-01	-1.747163e+00	-1.624706e+00	-1.224566e-01
4.620000e-01	-7.511086e-01	6.979057e-01	-1.747135e+00	-1.624676e+00	-1.224590e-01
4.630000e-01	-7.511201e-01	6.979193e-01	-1.747149e+00	-1.624695e+00	-1.224545e-01
4.640000e-01	-7.511227e-01	6.979179e-01	-1.747167e+00	-1.624706e+00	-1.224610e-01
4.650000e-01	-7.511364e-01	6.979344e-01	-1.747186e+00	-1.624729e+00	-1.224567e-01
4.660000e-01	-7.511324e-01	6.979282e-01	-1.747187e+00	-1.624726e+00	-1.224611e-01
4.670000e-01	-7.511525e-01	6.979513e-01	-1.747216e+00	-1.624761e+00	-1.224555e-01
4.680000e-01	-7.511497e-01	6.979453e-01	-1.747215e+00	-1.624757e+00	-1.224577e-01
4.690000e-01	-7.511571e-01	6.979553e-01	-1.747221e+00	-1.624768e+00	-1.224534e-01
4.700000e-01	-7.511444e-01	6.979391e-01	-1.747212e+00	-1.624750e+00	-1.224616e-01
4.710000e-01	-7.511554e-01	6.979532e-01	-1.747218e+00	-1.624764e+00	-1.224537e-01
4.720000e-01	-7.511521e-01	6.979478e-01	-1.747215e+00	-1.624759e+00	-1.224552e-01
4.730000e-01	-7.511637e-01	6.979623e-01	-1.747229e+00	-1.624778e+00	-1.224508e-01
4.740000e-01	-7.511550e-01	6.979507e-01	-1.747216e+00	-1.624763e+00	-1.224531e-01
4.750000e-01	-7.511655e-01	6.979633e-01	-1.747230e+00	-1.624781e+00	-1.224496e-01
4.760000e-01	-7.511620e-01	6.979558e-01	-1.747244e+00	-1.624784e+00	-1.224599e-01
4.770000e-01	-7.511767e-01	6.979737e-01	-1.747261e+00	-1.624807e+00	-1.224538e-01
4.780000e-01	-7.511703e-01	6.979641e-01	-1.747256e+00	-1.624798e+00	-1.224577e-01
4.790000e-01	-7.511827e-01	6.979779e-01	-1.747277e+00	-1.624821e+00	-1.224558e-01
4.800000e-01	-7.511696e-01	6.979619e-01	-1.747258e+00	-1.624799e+00	-1.224595e-01
4.810000e-01	-7.511744e-01	6.979701e-01	-1.747261e+00	-1.624805e+00	-1.224561e-01
4.820000e-01	-7.511614e-01	6.979540e-01	-1.747251e+00	-1.624787e+00	-1.224640e-01
4.830000e-01	-7.511785e-01	6.979752e-01	-1.747264e+00	-1.624810e+00	-1.224535e-01
4.840000e-01	-7.511791e-01	6.979739e-01	-1.747266e+00	-1.624812e+00	-1.224536e-01
4.850000e-01	-7.511922e-01	6.979902e-01	-1.747287e+00	-1.624836e+00	-1.224513e-01
4.860000e-01	-7.511859e-01	6.979808e-01	-1.747280e+00	-1.624826e+00	-1.224540e-01
4.870000e-01	-7.511984e-01	6.979950e-01	-1.747298e+00	-1.624847e+00	-1.224506e-01
4.880000e-01	-7.511930e-01	6.979851e-01	-1.747303e+00	-1.624844e+00	-1.224583e-01
4.890000e-01	-7.512041e-01	6.979994e-01	-1.747310e+00	-1.624859e+00	-1.224507e-01
4.900000e-01	-7.511916e-01	6.979844e-01	-1.747296e+00	-1.624840e+00	-1.224567e-01
4.910000e-01	-7.511950e-01	6.979896e-01	-1.747300e+00	-1.624845e+00	-1.224553e-01
4.920000e-01	-7.511848e-01	6.979768e-01	-1.747286e+00	-1.624828e+00	-1.224584e-01
4.930000e-01	-7.511925e-01	6.979884e-01	-1.747290e+00	-1.624837e+00	-1.224523e-01
4.940000e-01	-7.511860e-01	6.979791e-01	-1.747294e+00	-1.624833e+00	-1.224610e-01
4.950000e-01	-7.511958e-01	6.979917e-01	-1.747302e+00	-1.624847e+00	-1.224552e-01
4.960000e-01	-7.511874e-01	6.979807e-01	-1.747292e+00	-1.624833e+00	-1.224584e-01
4.970000e-01	-7.511986e-01	6.979944e-01	-1.747308e+00	-1.624852e+00	-1.224553e-01
4.980000e-01	-7.511929e-01	6.979858e-01	-1.747301e+00	-1.624843e+00	-1.224573e-01
4.990000e-01	-7.512119e-01	6.980080e-01	-1.747320e+00	-1.624872e+00	-1.224483e-01
5.000000e-01	-7.512091e-01	6.980020e-01	-1.747328e+00	-1.624873e+00	-1.224550e-01
5.010000e-01	-7.512169e-01	6.980132e-01	-1.747331e+00	-1.624883e+00	-1.224487e-01
5.020000e-01	-7.512028e-01	6.979960e-01	-1.747317e+00	-1.624861e+00	-1.224557e-01
5.030000e-01	-7.512093e-01	6.980047e-01	-1.747326e+00	-1.624872e+00	-1.224537e-01
5.040000e-01	-7.512012e-01	6.979944e-01	-1.747313e+00	-1.624858e+00	-1.224554e-01
5.050000e-01	-7.512091e-01	6.980057e-01	-1.747320e+00	-1.624869e+00	-1.224506e-01
5.060000e-01	-7.511977e-01	6.979908e-01	-1.747316e+00	-1.624856e+00	-1.224604e-01
5.070000e-01	-7.512046e-01	6.980002e-01	-1.747317e+00	-1.624863e+00	-1.224540e-01
5.080000e-01	-7.511950e-01	6.979868e-01	-1.747308e+00	-1.624849e+00	-1.224591e-01
5.090000e-01	-7.512061e-01	6.980008e-01	-1.747321e+00	-1.624867e+00	-1.224546e-01
5.100000e-01	-7.511990e-01	6.979913e-01	-1.747311e+00	-1.624854e+00	-1.224563e-01
5.110000e-01	-7.512162e-01	6.980117e-01	-1.747332e+00	-1.624882e+00	-1.224498e-01
5.120000e-01	-7.512130e-01	6.980059e-01	-1.747337e+00	-1.624882e+00	-1.224556e-01
5.130000e-01	-7.512227e-01	6.980192e-01	-1.747341e+00	-1.624893e+00	-1.224476e-01
5.140000e-01	-7.512120e-01	6.980059e-01	-1.747329e+00	-1.624876e+00	-1.224526e-01
5.150000e-01	-7.512209e-01	6.980172e-01	-1.747344e+00	-1.624893e+00	-1.224513e-01
5.160000e-01	-7.512066e-01	6.980003e-01	-1.747326e+00	-1.624870e+00	-1.224566e-01
5.170000e-01	-7.512104e-01	6.980072e-01	-1.747328e+00	-1.624875e+00	-1.224537e-01
5.180000e-01	-7.511988e-01	6.979915e-01	-1.747318e+00	-1.624858e+00	-1.224601e-01
5.190000e-01	-7.512082e-01	6.980031e-01	-1.747320e+00	-1.624868e+00	-1.224520e-01
5.200000e-01	-7.512050e-01	6.979975e-01	-1.747323e+00	-1.624866e+00	-1.224565e-01
5.210000e-01	-7.512217e-01	6.980174e-01	-1.747347e+00	-1.624895e+00	-1.224519e-01
5.220000e-01	-7.512143e-01	6.980073e-01	-1.747336e+00	-1.624882e+00	-1.224535e-01
5.230000e-01	-7.512201e-01	6.980155e-01	-1.747339e+00	-1.624890e+00	-1.224496e-01
5.240000e-01	-7.512154e-01	6.980081e-01	-1.747342e+00	-1.624887e+00	-1.224557e-01
5.250000e-01	-7.512184e-01	6.980148e-01	-1.747339e+00	-1.624888e+00	-1.224510e-01
5.260000e-01	-7.512056e-01	6.979996e-01	-1.747323e+00	-1.624867e+00	-1.224558e-01
5.270000e-01	-7.512124e-01	6.980081e-01	-1.747334e+00	-1.624879e+00	-1.224545e-01
5.280000e-01	-7.512100e-01	6.980033e-01	-1.747331e+00	-1.624876e+00	-1.224558e-01
5.290000e-01	-7.512206e-01	6.980175e-01	-1.747338e+00	-1.624890e+00	-1.224484e-01
5.300000e-01	-7.512128e-01	6.980069e-01	-1.747334e+00	-1.624880e+00	-1.224542e-01
5.310000e-01	-7.512214e-01	6.980181e-01	-1.747339e+00	-1.624891e+00	-1.224480e-01
5.320000e-01	-7.512145e-01	6.980083e-01	-1.747336e+00	-1.624883e+00	-1.224537e-01
5.330000e-01	-7.512208e-01	6.980163e-01	-1.747349e+00	-1.624895e+00	-1.224536e-01
5.340000e-01	-7.512127e-01	6.980054e-01	-1.747339e+00	-1.624882e+00	-1.224566e-01
5.350000e-01	-7.512190e-01	6.980146e-01	-1.747341e+00	-1.624890e+00	-1.224517e-01
5.360000e-01	-7.512109e-01	6.980040e-01	-1.747335e+00	-1.624878e+00	-1.224567e-01
5.370000e-01	-7.512145e-01	6.980108e-01	-1.747332e+00	-1.624881e+00	-1.224516e-01
5.380000e-01	-7.512026e-01	6.979961e-01	-1.747316e+00	-1.624861e+00	-1.224555e-01
5.390000e-01	-7.512174e-01	6.980134e-01	-1.747336e+00	-1.624885e+00	-1.224505e-01
5.400000e-01	-7.512144e-01	6.980086e-01	-1.747333e+00	-1.624881e+00	-1.224522e-01
5.410000e-01	-7.512211e-01	6.980187e-01	-1.747339e+00	-1.624891e+00	-1.224484e-01
5.420000e-01	-7.512126e-01	6.980069e-01	-1.747335e+00	-1.624880e+00	-1.224549e-01
5.430000e-01	-7.512221e-01	6.980185e-01	-1.747342e+00	-1.624893e+00	-1.224489e-01
5.440000e-01	-7.512187e-01	6.980127e-01	-1.747345e+00	-1.624891e+00	-1.224538e-01
5.450000e-01	-7.512260e-01	6.980230e-01	-1.747355e+00	-1.624904e+00	-1.224518e-01
5.460000e-01	-7.512145e-01	6.980100e-01	-1.747336e+00	-1.624882e+00	-1.224535e-01
5.470000e-01	-7.512223e-01	6.980208e-01	-1.747339e+00	-1.624892e+00	-1.224472e-01
5.480000e-01	-7.512215e-01	6.980172e-01	-1.747345e+00	-1.624894e+00	-1.224509e-01
5.490000e-01	-7.512289e-01	6.980269e-01	-1.747345e+00	-1.624901e+00	-1.224434e-01
5.500000e-01	-7.512184e-01	6.980127e-01	-1.747339e+00	-1.624888e+00	-1.224510e-01
5.510000e-01	-7.512201e-01	6.980156e-01	-1.747343e+00	-1.624892e+00	-1.224515e-01
5.520000e-01	-7.512051e-01	6.979975e-01	-1.747326e+00	-1.624868e+00	-1.224581e-01
5.530000e-01	-7.512079e-01	6.980034e-01	-1.747327e+00	-1.624871e+00	-1.224554e-01
5.540000e-01	-7.512045e-01	6.979983e-01	-1.747329e+00	-1.624869e+00	-1.224600e-01
5.550000e-01	-7.512151e-01	6.980123e-01	-1.747336e+00	-1.624883e+00	-1.224529e-01
5.560000e-01	-7.512118e-01	6.980081e-01	-1.747335e+00	-1.624879e+00	-1.224558e-01
5.570000e-01	-7.512196e-01	6.980194e-01	-1.747338e+00	-1.624889e+00	-1.224494e-01
5.580000e-01	-7.512173e-01	6.980152e-01	-1.747332e+00	-1.624883e+00	-1.224487e-01
5.590000e-01	-7.512278e-01	6.980270e-01	-1.747342e+00	-1.624899e+00	-1.224433e-01
5.600000e-01	-7.512216e-01	6.980164e-01	-1.747346e+00	-1.624894e+00	-1.224512e-01
5.610000e-01	-7.512245e-01	6.980208e-01	-1.747347e+00	-1.624898e+00	-1.224489e-01
5.620000e-01	-7.512096e-01	6.980027e-01	-1.747331e+00	-1.624875e+00	-1.224559e-01
5.630000e-01	-7.512146e-01	6.980099e-01	-1.747336e+00	-1.624883e+00	-1.224536e-01
5.640000e-01	-7.512122e-01	6.980067e-01	-1.747334e+00	-1.624879e+00	-1.224547e-01
5.650000e-01	-7.512169e-01	6.980156e-01	-1.747335e+00	-1.624885e+00	-1.224508e-01
5.660000e-01	-7.512079e-01	6.980045e-01	-1.747330e+00	-1.624873e+00	-1.224571e-01
5.670000e-01	-7.512124e-01	6.980115e-01	-1.747328e+00	-1.624876e+00	-1.224516e-01
5.680000e-01	-7.512075e-01	6.980038e-01	-1.747323e+00	-1.624869e+00	-1.224538e-01
5.690000e-01	-7.512178e-01	6.980162e-01	-1.747336e+00	-1.624886e+00	-1.224500e-01
5.700000e-01	-7.512129e-01	6.980089e-01	-1.747331e+00	-1.624878e+00	-1.224526e-01
5.710000e-01	-7.512242e-01	6.980229e-01	-1.747340e+00	-1.624894e+00	-1.224459e-01
5.720000e-01	-7.512164e-01	6.980117e-01	-1.747339e+00	-1.624886e+00	-1.224528e-01
5.730000e-01	-7.512210e-01	6.980181e-01	-1.747340e+00	-1.624891e+00	-1.224488e-01
5.740000e-01	-7.512132e-01	6.980082e-01	-1.747334e+00	-1.624880e+00	-1.224540e-01
5.750000e-01	-7.512213e-01	6.980185e-01	-1.747348e+00	-1.624895e+00	-1.224525e-01
5.760000e-01	-7.512143e-01	6.980102e-01	-1.747339e+00	-1.624884e+00	-1.224553e-01
5.770000e-01	-7.512189e-01	6.980174e-01	-1.747338e+00	-1.624888e+00	-1.224503e-01
5.780000e-01	-7.512089e-01	6.980047e-01	-1.747333e+00	-1.624875e+00	-1.224576e-01
5.790000e-01	-7.512159e-01	6.980135e-01	-1.747334e+00	-1.624883e+00	-1.224509e-01
5.800000e-01	-7.512044e-01	6.979985e-01	-1.747324e+00	-1.624867e+00	-1.224578e-01
5.810000e-01	-7.512152e-01	6.980114e-01	-1.747339e+00	-1.624885e+00	-1.224544e-01
5.820000e-01	-7.512110e-01	6.980052e-01	-1.747332e+00	-1.624877e+00	-1.224552e-01
5.830000e-01	-7.512265e-01	6.980234e-01	-1.747349e+00	-1.624901e+00	-1.224480e-01
5.840000e-01	-7.512246e-01	6.980196e-01	-1.747355e+00	-1.624902e+00	-1.224529e-01
5.850000e-01	-7.512309e-01	6.980285e-01	-1.747360e+00	-1.624911e+00	-1.224493e-01
5.860000e-01	-7.512091e-01	6.980047e-01	-1.747329e+00	-1.624874e+00	-1.224555e-01
5.870000e-01	-7.512136e-01	6.980117e-01	-1.747332e+00	-1.624880e+00	-1.224526e-01
5.880000e-01	-7.512066e-01	6.980031e-01	-1.747323e+00	-1.624868e+00	-1.224551e-01
5.890000e-01	-7.512123e-01	6.980114e-01	-1.747322e+00	-1.624873e+00	-1.224488e-01
5.900000e-01	-7.512026e-01	6.979985e-01	-1.747317e+00	-1.624861e+00	-1.224560e-01
5.910000e-01	-7.512136e-01	6.980115e-01	-1.747328e+00	-1.624878e+00	-1.224505e-01
5.920000e-01	-7.512126e-01	6.980081e-01	-1.747332e+00	-1.624878e+00	-1.224533e-01
5.930000e-01	-7.512247e-01	6.980225e-01	-1.747350e+00	-1.624899e+00	-1.224501e-01
5.940000e-01	-7.512159e-01	6.980121e-01	-1.747336e+00	-1.624884e+00	-1.224522e-01
5.950000e-01	-7.512195e-01	6.980179e-01	-1.747339e+00	-1.624889e+00	-1.224502e-01
5.960000e-01	-7.512122e-01	6.980085e-01	-1.747339e+00	-1.624882e+00	-1.224573e-01
5.970000e-01	-7.512121e-01	6.980109e-01	-1.747329e+00	-1.624876e+00	-1.224524e-01
5.980000e-01	-7.511998e-01	6.979968e-01	-1.747313e+00	-1.624856e+00	-1.224569e-01
5.990000e-01	-7.512096e-01	6.980088e-01	-1.747327e+00	-1.624873e+00	-1.224538e-01
6.000000e-01	-7.512036e-01	6.980014e-01	-1.747319e+00	-1.624863e+00	-1.224558e-01
6.010000e-01	-7.512132e-01	6.980144e-01	-1.747325e+00	-1.624876e+00	-1.224494e-01
6.020000e-01	-7.512115e-01	6.980103e-01	-1.747327e+00	-1.624875e+00	-1.224522e-01
6.030000e-01	-7.512267e-01	6.980275e-01	-1.747341e+00	-1.624897e+00	-1.224436e-01
6.040000e-01	-7.512237e-01	6.980220e-01	-1.747340e+00	-1.624894e+00	-1.224465e-01
6.050000e-01	-7.512306e-01	6.980309e-01	-1.747354e+00	-1.624908e+00	-1.224465e-01
6.060000e-01	-7.512130e-01	6.980110e-01	-1.747333e+00	-1.624879e+00	-1.224535e-01
6.070000e-01	-7.512092e-01	6.980092e-01	-1.747323e+00	-1.624871e+00	-1.224522e-01
6.080000e-01	-7.512048e-01	6.980028e-01	-1.747323e+00	-1.624866e+00	-1.224567e-01
6.090000e-01	-7.512138e-01	6.980147e-01	-1.747329e+00	-1.624878e+00	-1.224505e-01
6.100000e-01	-7.512031e-01	6.980022e-01	-1.747312e+00	-1.624859e+00	-1.224528e-01
6.110000e-01	-7.512095e-01	6.980104e-01	-1.747318e+00	-1.624869e+00	-1.224496e-01
6.120000e-01	-7.512025e-01	6.980011e-01	-1.747309e+00	-1.624857e+00	-1.224520e-01
6.130000e-01	-7.512121e-01	6.980133e-01	-1.747316e+00	-1.624870e+00	-1.224460e-01
6.140000e-01	-7.512079e-01	6.980059e-01	-1.747322e+00	-1.624869e+00	-1.224530e-01
6.150000e-01	-7.512204e-01	6.980212e-01	-1.747335e+00	-1.624888e+00	-1.224469e-01
6.160000e-01	-7.512149e-01	6.980151e-01	-1.747330e+00	-1.624880e+00	-1.224499e-01
6.170000e-01	-7.512232e-01	6.980262e-01	-1.747343e+00	-1.624895e+00	-1.224482e-01
6.180000e-01	-7.512109e-01	6.980115e-01	-1.747324e+00	-1.624873e+00	-1.224511e-01
6.190000e-01	-7.512220e-01	6.980247e-01	-1.747335e+00	-1.624889e+00	-1.224453e-01
6.200000e-01	-7.512143e-01	6.980141e-01	-1.747330e+00	-1.624879e+00	-1.224509e-01
6.210000e-01	-7.512156e-01	6.980178e-01	-1.747323e+00	-1.624877e+00	-1.224461e-01
6.220000e-01	-7.512009e-01	6.980005e-01	-1.747305e+00	-1.624853e+00	-1.224517e-01
6.230000e-01	-7.512085e-01	6.980090e-01	-1.747320e+00	-1.624868e+00	-1.224513e-01
6.240000e-01	-7.512054e-01	6.980041e-01	-1.747316e+00	-1.624863e+00	-1.224527e-01
6.250000e-01	-7.512151e-01	6.980174e-01	-1.747324e+00	-1.624877e+00	-1.224468e-01
6.260000e-01	-7.512085e-01	6.980086e-01	-1.747322e+00	-1.624870e+00	-1.224526e-01
6.270000e-01	-7.512181e-01	6.980207e-01	-1.747326e+00	-1.624881e+00	-1.224449e-01
6.280000e-01	-7.512134e-01	6.980139e-01	-1.747321e+00	-1.624874e+00	-1.224469e-01
6.290000e-01	-7.512244e-01	6.980269e-01	-1.747337e+00	-1.624893e+00	-1.224443e-01
6.300000e-01	-7.512115e-01	6.980111e-01	-1.747322e+00	-1.624873e+00	-1.224497e-01
6.310000e-01	-7.512148e-01	6.980169e-01	-1.747322e+00	-1.624876e+00	-1.224463e-01
6.320000e-01	-7.512067e-01	6.980068e-01	-1.747320e+00	-1.624867e+00	-1.224533e-01
6.330000e-01	-7.512098e-01	6.980124e-01	-1.747317e+00	-1.624868e+00	-1.224489e-01
6.340000e-01	-7.511987e-01	6.979984e-01	-1.747305e+00	-1.624851e+00	-1.224539e-01
6.350000e-01	-7.512097e-01	6.980119e-01	-1.747320e+00	-1.624870e+00	-1.224504e-01
6.360000e-01	-7.512044e-01	6.980052e-01	-1.747311e+00	-1.624860e+00	-1.224509e-01
6.370000e-01	-7.512143e-01	6.980178e-01	-1.747318e+00	-1.624873e+00	-1.224447e-01
6.380000e-01	-7.512120e-01	6.980128e-01	-1.747323e+00	-1.624874e+00	-1.224495e-01
6.390000e-01	-7.512271e-01	6.980297e-01	-1.747340e+00	-1.624897e+00	-1.224428e-01
6.400000e-01	-7.512205e-01	6.980206e-01	-1.747337e+00	-1.624889e+00	-1.224479e-01
6.410000e-01	-7.512228e-01	6.980243e-01	-1.747341e+00	-1.624893e+00	-1.224476e-01
6.420000e-01	-7.512054e-01	6.980049e-01	-1.747314e+00	-1.624863e+00	-1.224518e-01
6.430000e-01	-7.512151e-01	6.980182e-01	-1.747322e+00	-1.624876e+00	-1.224461e-01
6.440000e-01	-7.512054e-01	6.980062e-01	-1.747315e+00	-1.624863e+00	-1.224523e-01
6.450000e-01	-7.512083e-01	6.980116e-01	-1.747314e+00	-1.624865e+00	-1.224488e-01
6.460000e-01	-7.511964e-01	6.979978e-01	-1.747298e+00	-1.624846e+00	-1.224528e-01
6.470000e-01	-7.512106e-01	6.980140e-01	-1.747319e+00	-1.624870e+00	-1.224487e-01
6.480000e-01	-7.512112e-01	6.980125e-01	-1.747319e+00	-1.624871e+00	-1.224484e-01
6.490000e-01	-7.512242e-01	6.980282e-01	-1.747330e+00	-1.624889e+00	-1.224409e-01
6.500000e-01	-7.512150e-01	6.980162e-01	-1.747328e+00	-1.624879e+00	-1.224489e-01
6.510000e-01	-7.512239e-01	6.980272e-01	-1.747338e+00	-1.624893e+00	-1.224453e-01
6.520000e-01	-7.512154e-01	6.980160e-01	-1.747328e+00	-1.624879e+00	-1.224485e-01
6.530000e-01	-7.512247e-01	6.980274e-01	-1.747341e+00	-1.624895e+00	-1.224456e-01
6.540000e-01	-7.512054e-01	6.980049e-01	-1.747314e+00	-1.624862e+00	-1.224517e-01
6.550000e-01	-7.512040e-01	6.980057e-01	-1.747305e+00	-1.624857e+00	-1.224486e-01
6.560000e-01	-7.511976e-01	6.979977e-01	-1.747305e+00	-1.624850e+00	-1.224547e-01
6.570000e-01	-7.512086e-01	6.980123e-01	-1.747312e+00	-1.624864e+00	-1.224472e-01
6.580000e-01	-7.512010e-01	6.980025e-01	-1.747300e+00	-1.624851e+00	-1.224490e-01
6.590000e-01	-7.512161e-01	6.980191e-01	-1.747325e+00	-1.624879e+00	-1.224465e-01
6.600000e-01	-7.512132e-01	6.980141e-01	-1.747325e+00	-1.624876e+00	-1.224496e-01
6.610000e-01	-7.512203e-01	6.980236e-01	-1.747334e+00	-1.624887e+00	-1.224467e-01
6.620000e-01	-7.512119e-01	6.980121e-01	-1.747330e+00	-1.624877e+00	-1.224531e-01
6.630000e-01	-7.512249e-01	6.980278e-01	-1.747337e+00	-1.624893e+00	-1.224438e-01
6.640000e-01	-7.512193e-01	6.980200e-01	-1.747333e+00	-1.624886e+00	-1.224474e-01
6.650000e-01	-7.512265e-01	6.980304e-01	-1.747340e+00	-1.624897e+00	-1.224435e-01
6.660000e-01	-7.512063e-01	6.980088e-01	-1.747311e+00	-1.624862e+00	-1.224490e-01
6.670000e-01	-7.512093e-01	6.980138e-01	-1.747311e+00	-1.624865e+00	-1.224460e-01
6.680000e-01	-7.512086e-01	6.980102e-01	-1.747316e+00	-1.624867e+00	-1.224497e-01
6.690000e-01	-7.512204e-01	6.980240e-01	-1.747326e+00	-1.624883e+00	-1.224425e-01
6.700000e-01	-7.512083e-01	6.980087e-01	-1.747316e+00	-1.624866e+00	-1.224495e-01
6.710000e-01	-7.512161e-01	6.980177e-01	-1.747328e+00	-1.624880e+00	-1.224480e-01
6.720000e-01	-7.512117e-01	6.980109e-01	-1.747325e+00	-1.624874e+00	-1.224509e-01
6.730000e-01	-7.512245e-01	6.980269e-01	-1.747339e+00	-1.624894e+00	-1.224450e-01
6.740000e-01	-7.512154e-01	6.980153e-01	-1.747337e+00	-1.624884e+00	-1.224532e-01
6.750000e-01	-7.512181e-01	6.980210e-01	-1.747328e+00	-1.624882e+00	-1.224461e-01
6.760000e-01	-7.512114e-01	6.980132e-01	-1.747319e+00	-1.624871e+00	-1.224481e-01
6.770000e-01	-7.512198e-01	6.980244e-01	-1.747329e+00	-1.624884e+00	-1.224446e-01
6.780000e-01	-7.512101e-01	6.980122e-01	-1.747317e+00	-1.624869e+00	-1.224483e-01
6.790000e-01	-7.512127e-01	6.980163e-01	-1.747316e+00	-1.624871e+00	-1.224454e-01
6.800000e-01	-7.512109e-01	6.980114e-01	-1.747325e+00	-1.624873e+00	-1.224515e-01
6.810000e-01	-7.512230e-01	6.980259e-01	-1.747334e+00	-1.624890e+00	-1.224440e-01
6.820000e-01	-7.512198e-01	6.980205e-01	-1.747335e+00	-1.624887e+00	-1.224477e-01
6.830000e-01	-7.512306e-01	6.980332e-01	-1.747350e+00	-1.624906e+00	-1.224445e-01
6.840000e-01	-7.512254e-01	6.980263e-01	-1.747344e+00	-1.624897e+00	-1.224466e-01
6.850000e-01	-7.512318e-01	6.980358e-01	-1.747347e+00	-1.624905e+00	-1.224415e-01
6.860000e-01	-7.512131e-01	6.980136e-01	-1.747328e+00	-1.624877e+00	-1.224509e-01
6.870000e-01	-7.512082e-01	6.980104e-01	-1.747314e+00	-1.624865e+00	-1.224488e-01
6.880000e-01	-7.511982e-01	6.979983e-01	-1.747300e+00	-1.624848e+00	-1.224519e-01
6.890000e-01	-7.512173e-01	6.980203e-01	-1.747326e+00	-1.624880e+00	-1.224459e-01
6.900000e-01	-7.512167e-01	6.980182e-01	-1.747328e+00	-1.624881e+00	-1.224471e-01
6.910000e-01	-7.512268e-01	6.980316e-01	-1.747338e+00	-1.624896e+00	-1.224421e-01
6.920000e-01	-7.512252e-01	6.980280e-01	-1.747343e+00	-1.624897e+00	-1.224463e-01
6.930000e-01	-7.512342e-01	6.980386e-01	-1.747347e+00	-1.624908e+00	-1.224393e-01
6.940000e-01	-7.512221e-01	6.980228e-01	-1.747336e+00	-1.624890e+00	-1.224460e-01
6.950000e-01	-7.512254e-01	6.980277e-01	-1.747343e+00	-1.624897e+00	-1.224460e-01
6.960000e-01	-7.512133e-01	6.980138e-01	-1.747325e+00	-1.624876e+00	-1.224493e-01
6.970000e-01	-7.512186e-01	6.980214e-01	-1.747329e+00	-1.624883e+00	-1.224460e-01
6.980000e-01	-7.512096e-01	6.980098e-01	-1.747322e+00	-1.624871e+00	-1.224517e-01
6.990000e-01	-7.512149e-01	6.980176e-01	-1.747321e+00	-1.624876e+00	-1.224458e-01
7.000000e-01	-7.512093e-01	6.980106e-01	-1.747318e+00	-1.624868e+00	-1.224498e-01
7.010000e-01	-7.512250e-01	6.980289e-01	-1.747338e+00	-1.624894e+00	-1.224439e-01
7.020000e-01	-7.512150e-01	6.980159e-01	-1.747329e+00	-1.624880e+00	-1.224495e-01
7.030000e-01	-7.512213e-01	6.980233e-01	-1.747339e+00	-1.624891e+00	-1.224482e-01
7.040000e-01	-7.512204e-01	6.980197e-01	-1.747346e+00	-1.624893e+00	-1.224526e-01
7.050000e-01	-7.512311e-01	6.980340e-01	-1.747349e+00	-1.624906e+00	-1.224435e-01
7.060000e-01	-7.512205e-01	6.980223e-01	-1.747334e+00	-1.624887e+00	-1.224462e-01
7.070000e-01	-7.512300e-01	6.980345e-01	-1.747346e+00	-1.624903e+00	-1.224428e-01
7.080000e-01	-7.512182e-01	6.980199e-01	-1.747328e+00	-1.624882e+00	-1.224458e-01
7.090000e-01	-7.512264e-01	6.980301e-01	-1.747333e+00	-1.624893e+00	-1.224402e-01
7.100000e-01	-7.512143e-01	6.980144e-01	-1.747327e+00	-1.624878e+00	-1.224491e-01
7.110000e-01	-7.512149e-01	6.980170e-01	-1.747323e+00	-1.624876e+00	-1.224466e-01
7.120000e-01	-7.512068e-01	6.980069e-01	-1.747317e+00	-1.624865e+00	-1.224518e-01
7.130000e-01	-7.512227e-01	6.980257e-01	-1.747340e+00	-1.624893e+00	-1.224471e-01
7.140000e-01	-7.512208e-01	6.980221e-01	-1.747339e+00	-1.624890e+00	-1.224486e-01
7.150000e-01	-7.512293e-01	6.980330e-01	-1.747345e+00	-1.624902e+00	-1.224430e-01
7.160000e-01	-7.512148e-01	6.980146e-01	-1.747333e+00	-1.624881e+00	-1.224517e-01
7.170000e-01	-7.512173e-01	6.980194e-01	-1.747325e+00	-1.624880e+00	-1.224452e-01
7.180000e-01	-7.512125e-01	6.980124e-01	-1.747324e+00	-1.624875e+00	-1.224496e-01
7.190000e-01	-7.512278e-01	6.980297e-01	-1.747344e+00	-1.624900e+00	-1.224442e-01
7.200000e-01	-7.512233e-01	6.980234e-01	-1.747341e+00	-1.624894e+00	-1.224473e-01
7.210000e-01	-7.512234e-01	6.980263e-01	-1.747339e+00	-1.624893e+00	-1.224463e-01
7.220000e-01	-7.512135e-01	6.980148e-01	-1.747335e+00	-1.624881e+00	-1.224541e-01
7.230000e-01	-7.512197e-01	6.980226e-01	-1.747341e+00	-1.624890e+00	-1.224508e-01
7.240000e-01	-7.512198e-01	6.980212e-01	-1.747348e+00	-1.624894e+00	-1.224541e-01
7.250000e-01	-7.512347e-01	6.980388e-01	-1.747368e+00	-1.624919e+00	-1.224493e-01
7.260000e-01	-7.512258e-01	6.980285e-01	-1.747355e+00	-1.624903e+00	-1.224517e-01
7.270000e-01	-7.512324e-01	6.980372e-01	-1.747354e+00	-1.624909e+00	-1.224445e-01
7.280000e-01	-7.512261e-01	6.980276e-01	-1.747351e+00	-1.624902e+00	-1.224495e-01
7.290000e-01	-7.512335e-01	6.980363e-01	-1.747351e+00	-1.624909e+00	-1.224422e-01
7.300000e-01	-7.512246e-01	6.980258e-01	-1.747341e+00	-1.624895e+00	-1.224460e-01
7.310000e-01	-7.512307e-01	6.980337e-01	-1.747353e+00	-1.624907e+00	-1.224459e-01
7.320000e-01	-7.512189e-01	6.980196e-01	-1.747340e+00	-1.624889e+00	-1.224509e-01
7.330000e-01	-7.512197e-01	6.980224e-01	-1.747335e+00	-1.624887e+00	-1.224476e-01
7.340000e-01	-7.512087e-01	6.980092e-01	-1.747326e+00	-1.624872e+00	-1.224545e-01
7.350000e-01	-7.512125e-01	6.980158e-01	-1.747325e+00	-1.624875e+00	-1.224497e-01
7.360000e-01	-7.512113e-01	6.980149e-01	-1.747322e+00	-1.624872e+00	-1.224496e-01
7.370000e-01	-7.512320e-01	6.980393e-01	-1.747349e+00	-1.624906e+00	-1.224425e-01
7.380000e-01	-7.512287e-01	6.980337e-01	-1.747342e+00	-1.624900e+00	-1.224425e-01
7.390000e-01	-7.512323e-01	6.980381e-01	-1.747340e+00	-1.624902e+00	-1.224374e-01
7.400000e-01	-7.512209e-01	6.980225e-01	-1.747332e+00	-1.624887e+00	-1.224451e-01
7.410000e-01	-7.512233e-01	6.980270e-01	-1.747327e+00	-1.624887e+00	-1.224403e-01
7.420000e-01	-7.512142e-01	6.980162e-01	-1.747317e+00	-1.624873e+00	-1.224441e-01
7.430000e-01	-7.512241e-01	6.980284e-01	-1.747335e+00	-1.624891e+00	-1.224432e-01
7.440000e-01	-7.512130e-01	6.980155e-01	-1.747318e+00	-1.624872e+00	-1.224461e-01
7.450000e-01	-7.512203e-01	6.980266e-01	-1.747319e+00	-1.624880e+00	-1.224390e-01
7.460000e-01	-7.512123e-01	6.980171e-01	-1.747318e+00	-1.624871e+00	-1.224467e-01
7.470000e-01	-7.512156e-01	6.980231e-01	-1.747317e+00	-1.624874e+00	-1.224431e-01
7.480000e-01	-7.512137e-01	6.980200e-01	-1.747319e+00	-1.624873e+00	-1.224456e-01
7.490000e-01	-7.512308e-01	6.980394e-01	-1.747345e+00	-1.624903e+00	-1.224417e-01
7.500000e-01	-7.512242e-01	6.980304e-01	-1.747337e+00	-1.624893e+00	-1.224443e-01
7.510000e-01	-7.512328e-01	6.980403e-01	-1.747343e+00	-1.624904e+00	-1.224388e-01
7.520000e-01	-7.512238e-01	6.980277e-01	-1.747341e+00	-1.624894e+00	-1.224467e-01
7.530000e-01	-7.512283e-01	6.980339e-01	-1.747341e+00	-1.624899e+00	-1.224422e-01
7.540000e-01	-7.512199e-01	6.980243e-01	-1.747327e+00	-1.624884e+00	-1.224438e-01
7.550000e-01	-7.512302e-01	6.980379e-01	-1.747343e+00	-1.624902e+00	-1.224412e-01
7.560000e-01	-7.512200e-01	6.980273e-01	-1.747327e+00	-1.624884e+00	-1.224436e-01
7.570000e-01	-7.512182e-01	6.980286e-01	-1.747314e+00	-1.624875e+00	-1.224388e-01
7.580000e-01	-7.512113e-01	6.980191e-01	-1.747310e+00	-1.624866e+00	-1.224438e-01
7.590000e-01	-7.512224e-01	6.980317e-01	-1.747322e+00	-1.624883e+00	-1.224385e-01
7.600000e-01	-7.512190e-01	6.980254e-01	-1.747323e+00	-1.624881e+00	-1.224427e-01
7.610000e-01	-7.512270e-01	6.980351e-01	-1.747338e+00	-1.624896e+00	-1.224418e-01
7.620000e-01	-7.512196e-01	6.980255e-01	-1.747327e+00	-1.624883e+00	-1.224439e-01
7.630000e-01	-7.512258e-01	6.980332e-01	-1.747328e+00	-1.624890e+00	-1.224383e-01
7.640000e-01	-7.512252e-01	6.980299e-01	-1.747336e+00	-1.624893e+00	-1.224429e-01
7.650000e-01	-7.512319e-01	6.980384e-01	-1.747340e+00	-1.624902e+00	-1.224379e-01
7.660000e-01	-7.512226e-01	6.980285e-01	-1.747328e+00	-1.624887e+00	-1.224414e-01
7.670000e-01	-7.512267e-01	6.980352e-01	-1.747337e+00	-1.624895e+00	-1.224418e-01
7.680000e-01	-7.512183e-01	6.980259e-01	-1.747326e+00	-1.624881e+00	-1.224447e-01
7.690000e-01	-7.512273e-01	6.980381e-01	-1.747327e+00	-1.624891e+00	-1.224364e-01
7.700000e-01	-7.512219e-01	6.980311e-01	-1.747325e+00	-1.624885e+00	-1.224407e-01
7.710000e-01	-7.512309e-01	6.980422e-01	-1.747332e+00	-1.624897e+00	-1.224349e-01
7.720000e-01	-7.512259e-01	6.980350e-01	-1.747329e+00	-1.624890e+00	-1.224386e-01
7.730000e-01	-7.512339e-01	6.980434e-01	-1.747340e+00	-1.624904e+00	-1.224359e-01
7.740000e-01	-7.512249e-01	6.980319e-01	-1.747327e+00	-1.624888e+00	-1.224387e-01
7.750000e-01	-7.512284e-01	6.980375e-01	-1.747326e+00	-1.624891e+00	-1.224345e-01
7.760000e-01	-7.512196e-01	6.980260e-01	-1.747322e+00	-1.624881e+00	-1.224416e-01
7.770000e-01	-7.512235e-01	6.980328e-01	-1.747321e+00	-1.624884e+00	-1.224371e-01
7.780000e-01	-7.512160e-01	6.980245e-01	-1.747311e+00	-1.624872e+00	-1.224397e-01
7.790000e-01	-7.512235e-01	6.980344e-01	-1.747326e+00	-1.624887e+00	-1.224398e-01
7.800000e-01	-7.512127e-01	6.980215e-01	-1.747311e+00	-1.624868e+00	-1.224429e-01
7.810000e-01	-7.512204e-01	6.980321e-01	-1.747313e+00	-1.624877e+00	-1.224359e-01
7.820000e-01	-7.512132e-01	6.980224e-01	-1.747309e+00	-1.624868e+00	-1.224412e-01
7.830000e-01	-7.512235e-01	6.980350e-01	-1.747317e+00	-1.624882e+00	-1.224352e-01
7.840000e-01	-7.512211e-01	6.980306e-01	-1.747315e+00	-1.624879e+00	-1.224366e-01
7.850000e-01	-7.512400e-01	6.980520e-01	-1.747342e+00	-1.624911e+00	-1.224311e-01
7.860000e-01	-7.512311e-01	6.980409e-01	-1.747329e+00	-1.624896e+00	-1.224335e-01
7.870000e-01	-7.512373e-01	6.980495e-01	-1.747335e+00	-1.624905e+00	-1.224302e-01
7.880000e-01	-7.512267e-01	6.980357e-01	-1.747331e+00	-1.624892e+00	-1.224388e-01
7.890000e-01	-7.512293e-01	6.980397e-01	-1.747330e+00	-1.624894e+00	-1.224355e-01
7.900000e-01	-7.512134e-01	6.980211e-01	-1.747313e+00	-1.624870e+00	-1.224430e-01
7.910000e-01	-7.512238e-01	6.980350e-01	-1.747324e+00	-1.624886e+00	-1.224384e-01
7.920000e-01	-7.512177e-01	6.980279e-01	-1.747311e+00	-1.624873e+00	-1.224380e-01
7.930000e-01	-7.512278e-01	6.980405e-01	-1.747316e+00	-1.624886e+00	-1.224302e-01
7.940000e-01	-7.512173e-01	6.980264e-01	-1.747311e+00	-1.624873e+00	-1.224382e-01
7.950000e-01	-7.512246e-01	6.980354e-01	-1.747319e+00	-1.624884e+00	-1.224351e-01
7.960000e-01	-7.512211e-01	6.980306e-01	-1.747320e+00	-1.624881e+00	-1.224388e-01
7.970000e-01	-7.512344e-01	6.980461e-01	-1.747341e+00	-1.624905e+00	-1.224360e-01
7.980000e-01	-7.512271e-01	6.980367e-01	-1.747329e+00	-1.624891e+00	-1.224372e-01
7.990000e-01	-7.512367e-01	6.980492e-01	-1.747335e+00	-1.624904e+00	-1.224307e-01
8.000000e-01	-7.512259e-01	6.980356e-01	-1.747328e+00	-1.624890e+00	-1.224381e-01
8.010000e-01	-7.512308e-01	6.980427e-01	-1.747324e+00	-1.624893e+00	-1.224310e-01
8.020000e-01	-7.512220e-01	6.980319e-01	-1.747313e+00	-1.624879e+00	-1.224347e-01
8.030000e-01	-7.512289e-01	6.980397e-01	-1.747329e+00	-1.624893e+00	-1.224356e-01
8.040000e-01	-7.512174e-01	6.980259e-01	-1.747313e+00	-1.624874e+00	-1.224393e-01
8.050000e-01	-7.512304e-01	6.980427e-01	-1.747324e+00	-1.624892e+00	-1.224314e-01
8.060000e-01	-7.512247e-01	6.980343e-01	-1.747324e+00	-1.624887e+00	-1.224374e-01
8.070000e-01	-7.512326e-01	6.980449e-01	-1.747329e+00	-1.624897e+00	-1.224316e-01
8.080000e-01	-7.512250e-01	6.980355e-01	-1.747317e+00	-1.624884e+00	-1.224338e-01
8.090000e-01	-7.512336e-01	6.980458e-01	-1.747326e+00	-1.624897e+00	-1.224295e-01
8.100000e-01	-7.512278e-01	6.980377e-01	-1.747318e+00	-1.624887e+00	-1.224313e-01
8.110000e-01	-7.512382e-01	6.980506e-01	-1.747334e+00	-1.624905e+00	-1.224287e-01
8.120000e-01	-7.512243e-01	6.980334e-01	-1.747328e+00	-1.624888e+00	-1.224397e-01
8.130000e-01	-7.512275e-01	6.980384e-01	-1.747331e+00	-1.624893e+00	-1.224378e-01
8.140000e-01	-7.512212e-01	6.980302e-01	-1.747320e+00	-1.624881e+00	-1.224388e-01
8.150000e-01	-7.512324e-01	6.980439e-01	-1.747336e+00	-1.624901e+00	-1.224358e-01
8.160000e-01	-7.512234e-01	6.980330e-01	-1.747321e+00	-1.624884e+00	-1.224371e-01
8.170000e-01	-7.512310e-01	6.980441e-01	-1.747322e+00	-1.624892e+00	-1.224302e-01
8.180000e-01	-7.512267e-01	6.980367e-01	-1.747320e+00	-1.624887e+00	-1.224336e-01
8.190000e-01	-7.512344e-01	6.980464e-01	-1.747325e+00	-1.624897e+00	-1.224282e-01
8.200000e-01	-7.512257e-01	6.980358e-01	-1.747315e+00	-1.624883e+00	-1.224315e-01
8.210000e-01	-7.512307e-01	6.980429e-01	-1.747323e+00	-1.624892e+00	-1.224305e-01
8.220000e-01	-7.512190e-01	6.980280e-01	-1.747307e+00	-1.624873e+00	-1.224347e-01
8.230000e-01	-7.512271e-01	6.980383e-01	-1.747313e+00	-1.624884e+00	-1.224296e-01
8.240000e-01	-7.512198e-01	6.980278e-01	-1.747316e+00	-1.624878e+00	-1.224382e-01
8.250000e-01	-7.512264e-01	6.980373e-01	-1.747318e+00	-1.624886e+00	-1.224328e-01
8.260000e-01	-7.512192e-01	6.980278e-01	-1.747311e+00	-1.624875e+00	-1.224362e-01
8.270000e-01	-7.512294e-01	6.980394e-01	-1.747329e+00	-1.624894e+00	-1.224350e-01
8.280000e-01	-7.512277e-01	6.980357e-01	-1.747330e+00	-1.624893e+00	-1.224373e-01
8.290000e-01	-7.512447e-01	6.980567e-01	-1.747348e+00	-1.624919e+00	-1.224294e-01
8.300000e-01	-7.512397e-01	6.980494e-01	-1.747353e+00	-1.624916e+00	-1.224365e-01
8.310000e-01	-7.512423e-01	6.980533e-01	-1.747356e+00	-1.624920e+00	-1.224356e-01
8.320000e-01	-7.512291e-01	6.980385e-01	-1.747341e+00	-1.624899e+00	-1.224412e-01
8.330000e-01	-7.512356e-01	6.980466e-01	-1.747351e+00	-1.624911e+00	-1.224399e-01
8.340000e-01	-7.512275e-01	6.980357e-01	-1.747336e+00	-1.624895e+00	-1.224405e-01
8.350000e-01	-7.512390e-01	6.980495e-01	-1.747348e+00	-1.624913e+00	-1.224350e-01
8.360000e-01	-7.512285e-01	6.980359e-01	-1.747341e+00	-1.624899e+00	-1.224419e-01
8.370000e-01	-7.512368e-01	6.980470e-01	-1.747341e+00	-1.624907e+00	-1.224339e-01
8.380000e-01	-7.512303e-01	6.980388e-01	-1.747333e+00	-1.624897e+00	-1.224361e-01
8.390000e-01	-7.512455e-01	6.980567e-01	-1.747353e+00	-1.624922e+00	-1.224311e-01
8.400000e-01	-7.512366e-01	6.980455e-01	-1.747342e+00	-1.624908e+00	-1.224345e-01
8.410000e-01	-7.512406e-01	6.980516e-01	-1.747346e+00	-1.624914e+00	-1.224324e-01
8.420000e-01	-7.512272e-01	6.980341e-01	-1.747340e+00	-1.624897e+00	-1.224427e-01
8.430000e-01	-7.512363e-01	6.980451e-01	-1.747350e+00	-1.624911e+00	-1.224385e-01
8.440000e-01	-7.512308e-01	6.980377e-01	-1.747341e+00	-1.624902e+00	-1.224399e-01
8.450000e-01	-7.512388e-01	6.980489e-01	-1.747348e+00	-1.624913e+00	-1.224353e-01
8.460000e-01	-7.512250e-01	6.980333e-01	-1.747325e+00	-1.624887e+00	-1.224374e-01
8.470000e-01	-7.512344e-01	6.980458e-01	-1.747331e+00	-1.624900e+00	-1.224312e-01
8.480000e-01	-7.512309e-01	6.980388e-01	-1.747334e+00	-1.624898e+00	-1.224364e-01
8.490000e-01	-7.512438e-01	6.980544e-01	-1.747346e+00	-1.624917e+00	-1.224293e-01
8.500000e-01	-7.512304e-01	6.980384e-01	-1.747330e+00	-1.624895e+00	-1.224344e-01
8.510000e-01	-7.512303e-01	6.980391e-01	-1.747333e+00	-1.624897e+00	-1.224363e-01
8.520000e-01	-7.512178e-01	6.980237e-01	-1.747313e+00	-1.624875e+00	-1.224389e-01
8.530000e-01	-7.512328e-01	6.980424e-01	-1.747328e+00	-1.624897e+00	-1.224312e-01
8.540000e-01	-7.512269e-01	6.980342e-01	-1.747328e+00	-1.624891e+00	-1.224369e-01
8.550000e-01	-7.512381e-01	6.980490e-01	-1.747341e+00	-1.624908e+00	-1.224323e-01
8.560000e-01	-7.512330e-01	6.980429e-01	-1.747334e+00	-1.624900e+00	-1.224339e-01
8.570000e-01	-7.512396e-01	6.980514e-01	-1.747341e+00	-1.624910e+00	-1.224311e-01
8.580000e-01	-7.512255e-01	6.980338e-01	-1.747322e+00	-1.624886e+00	-1.224355e-01
8.590000e-01	-7.512298e-01	6.980397e-01	-1.747324e+00	-1.624892e+00	-1.224322e-01
8.600000e-01	-7.512257e-01	6.980319e-01	-1.747333e+00	-1.624892e+00	-1.224407e-01
8.610000e-01	-7.512364e-01	6.980457e-01	-1.747340e+00	-1.624906e+00	-1.224337e-01
8.620000e-01	-7.512270e-01	6.980345e-01	-1.747329e+00	-1.624891e+00	-1.224374e-01
8.630000e-01	-7.512340e-01	6.980432e-01	-1.747340e+00	-1.624904e+00	-1.224360e-01
8.640000e-01	-7.512286e-01	6.980351e-01	-1.747335e+00	-1.624896e+00	-1.224387e-01
8.650000e-01	-7.512386e-01	6.980485e-01	-1.747345e+00	-1.624911e+00	-1.224341e-01
8.660000e-01	-7.512236e-01	6.980304e-01	-1.747332e+00	-1.624890e+00	-1.224425e-01
8.670000e-01	-7.512282e-01	6.980375e-01	-1.747329e+00	-1.624892e+00	-1.224360e-01
8.680000e-01	-7.512250e-01	6.980313e-01	-1.747327e+00	-1.624888e+00	-1.224385e-01
8.690000e-01	-7.512423e-01	6.980508e-01	-1.747352e+00	-1.624918e+00	-1.224339e-01
8.700000e-01	-7.512376e-01	6.980440e-01	-1.747347e+00	-1.624911e+00	-1.224360e-01
8.710000e-01	-7.512450e-01	6.980543e-01	-1.747354e+00	-1.624922e+00	-1.224321e-01
8.720000e-01	-7.512366e-01	6.980423e-01	-1.747354e+00	-1.624914e+00	-1.224404e-01
8.730000e-01	-7.512442e-01	6.980522e-01	-1.747359e+00	-1.624924e+00	-1.224355e-01
8.740000e-01	-7.512344e-01	6.980405e-01	-1.747346e+00	-1.624907e+00	-1.224383e-01
8.750000e-01	-7.512432e-01	6.980517e-01	-1.747359e+00	-1.624923e+00	-1.224362e-01
8.760000e-01	-7.512338e-01	6.980399e-01	-1.747349e+00	-1.624909e+00	-1.224409e-01
8.770000e-01	-7.512431e-01	6.980523e-01	-1.747355e+00	-1.624921e+00	-1.224344e-01
8.780000e-01	-7.512367e-01	6.980433e-01	-1.747356e+00	-1.624915e+00	-1.224413e-01
8.790000e-01	-7.512405e-01	6.980481e-01	-1.747355e+00	-1.624918e+00	-1.224368e-01
8.800000e-01	-7.512351e-01	6.980394e-01	-1.747354e+00	-1.624912e+00	-1.224421e-01
8.810000e-01	-7.512471e-01	6.980531e-01	-1.747375e+00	-1.624935e+00	-1.224405e-01
8.820000e-01	-7.512354e-01	6.980392e-01	-1.747362e+00	-1.624916e+00	-1.224456e-01
8.830000e-01	-7.512412e-01	6.980480e-01	-1.747365e+00	-1.624924e+00	-1.224411e-01
8.840000e-01	-7.512383e-01	6.980432e-01	-1.747369e+00	-1.624923e+00	-1.224462e-01
8.850000e-01	-7.512460e-01	6.980536e-01	-1.747374e+00	-1.624933e+00	-1.224408e-01
8.860000e-01	-7.512350e-01	6.980406e-01	-1.747356e+00	-1.624913e+00	-1.224431e-01
8.870000e-01	-7.512398e-01	6.980474e-01	-1.747361e+00	-1.624920e+00	-1.224408e-01
8.880000e-01	-7.512320e-01	6.980374e-01	-1.747346e+00	-1.624905e+00	-1.224409e-01
8.890000e-01	-7.512439e-01	6.980523e-01	-1.747353e+00	-1.624921e+00	-1.224329e-01
8.900000e-01	-7.512361e-01	6.980412e-01	-1.747353e+00	-1.624912e+00	-1.224402e-01
8.910000e-01	-7.512436e-01	6.980498e-01	-1.747360e+00	-1.624924e+00	-1.224364e-01
8.920000e-01	-7.512356e-01	6.980400e-01	-1.747352e+00	-1.624912e+00	-1.224404e-01
8.930000e-01	-7.512462e-01	6.980529e-01	-1.747368e+00	-1.624930e+00	-1.224379e-01
8.940000e-01	-7.512318e-01	6.980356e-01	-1.747351e+00	-1.624907e+00	-1.224435e-01
8.950000e-01	-7.512357e-01	6.980417e-01	-1.747354e+00	-1.624913e+00	-1.224413e-01
8.960000e-01	-7.512275e-01	6.980313e-01	-1.747351e+00	-1.624903e+00	-1.224480e-01
8.970000e-01	-7.512334e-01	6.980407e-01	-1.747348e+00	-1.624907e+00	-1.224404e-01
8.980000e-01	-7.512276e-01	6.980340e-01	-1.747336e+00	-1.624896e+00	-1.224405e-01
8.990000e-01	-7.512451e-01	6.980546e-01	-1.747357e+00	-1.624924e+00	-1.224334e-01
9.000000e-01	-7.512401e-01	6.980471e-01	-1.747353e+00	-1.624917e+00	-1.224364e-01
9.010000e-01	-7.512428e-01	6.980516e-01	-1.747355e+00	-1.624920e+00	-1.224346e-01
9.020000e-01	-7.512279e-01	6.980333e-01	-1.747343e+00	-1.624900e+00	-1.224437e-01
9.030000e-01	-7.512376e-01	6.980455e-01	-1.747350e+00	-1.624913e+00	-1.224376e-01
9.040000e-01	-7.512330e-01	6.980393e-01	-1.747345e+00	-1.624906e+00	-1.224396e-01
9.050000e-01	-7.512404e-01	6.980490e-01	-1.747356e+00	-1.624918e+00	-1.224375e-01
9.060000e-01	-7.512249e-01	6.980316e-01	-1.747333e+00	-1.624891e+00	-1.224414e-01
9.070000e-01	-7.512305e-01	6.980400e-01	-1.747334e+00	-1.624898e+00	-1.224366e-01
9.080000e-01	-7.512294e-01	6.980369e-01	-1.747340e+00	-1.624899e+00	-1.224403e-01
9.090000e-01	-7.512378e-01	6.980477e-01	-1.747340e+00	-1.624908e+00	-1.224322e-01
9.100000e-01	-7.512274e-01	6.980350e-01	-1.747328e+00	-1.624891e+00	-1.224366e-01
9.110000e-01	-7.512367e-01	6.980457e-01	-1.747346e+00	-1.624910e+00	-1.224362e-01
9.120000e-01	-7.512285e-01	6.980351e-01	-1.747338e+00	-1.624898e+00	-1.224406e-01
9.130000e-01	-7.512388e-01	6.980483e-01	-1.747347e+00	-1.624912e+00	-1.224348e-01
9.140000e-01	-7.512281e-01	6.980352e-01	-1.747342e+00	-1.624899e+00	-1.224428e-01
9.150000e-01	-7.512387e-01	6.980488e-01	-1.747347e+00	-1.624912e+00	-1.224351e-01
9.160000e-01	-7.512340e-01	6.980431e-01	-1.747342e+00	-1.624905e+00	-1.224372e-01
9.170000e-01	-7.512474e-01	6.980595e-01	-1.747357e+00	-1.624926e+00	-1.224310e-01
9.180000e-01	-7.512334e-01	6.980423e-01	-1.747337e+00	-1.624902e+00	-1.224350e-01
9.190000e-01	-7.512360e-01	6.980468e-01	-1.747335e+00	-1.624903e+00	-1.224314e-01
9.200000e-01	-7.512232e-01	6.980292e-01	-1.747330e+00	-1.624888e+00	-1.224417e-01
9.210000e-01	-7.512281e-01	6.980362e-01	-1.747328e+00	-1.624892e+00	-1.224358e-01
9.220000e-01	-7.512138e-01	6.980199e-01	-1.747305e+00	-1.624866e+00	-1.224388e-01
9.230000e-01	-7.512285e-01	6.980376e-01	-1.747323e+00	-1.624890e+00	-1.224332e-01
9.240000e-01	-7.512274e-01	6.980348e-01	-1.747323e+00	-1.624889e+00	-1.224342e-01
9.250000e-01	-7.512408e-01	6.980520e-01	-1.747342e+00	-1.624912e+00	-1.224300e-01
9.260000e-01	-7.512311e-01	6.980400e-01	-1.747339e+00	-1.624901e+00	-1.224383e-01
9.270000e-01	-7.512400e-01	6.980516e-01	-1.747345e+00	-1.624912e+00	-1.224323e-01
9.280000e-01	-7.512346e-01	6.980438e-01	-1.747341e+00	-1.624905e+00	-1.224360e-01
9.290000e-01	-7.512407e-01	6.980516e-01	-1.747354e+00	-1.624918e+00	-1.224361e-01
9.300000e-01	-7.512225e-01	6.980303e-01	-1.747327e+00	-1.624886e+00	-1.224409e-01
9.310000e-01	-7.512303e-01	6.980410e-01	-1.747332e+00	-1.624897e+00	-1.224359e-01
9.320000e-01	-7.512261e-01	6.980332e-01	-1.747336e+00	-1.624894e+00	-1.224421e-01
9.330000e-01	-7.512430e-01	6.980536e-01	-1.747348e+00	-1.624917e+00	-1.224312e-01
9.340000e-01	-7.512333e-01	6.980416e-01	-1.747332e+00	-1.624899e+00	-1.224325e-01
9.350000e-01	-7.512367e-01	6.980468e-01	-1.747335e+00	-1.624904e+00	-1.224305e-01
9.360000e-01	-7.512213e-01	6.980286e-01	-1.747315e+00	-1.624879e+00	-1.224362e-01
9.370000e-01	-7.512333e-01	6.980443e-01	-1.747328e+00	-1.624898e+00	-1.224309e-01
9.380000e-01	-7.512261e-01	6.980337e-01	-1.747334e+00	-1.624893e+00	-1.224407e-01
9.390000e-01	-7.512386e-01	6.980487e-01	-1.747346e+00	-1.624912e+00	-1.224346e-01
9.400000e-01	-7.512332e-01	6.980421e-01	-1.747342e+00	-1.624904e+00	-1.224376e-01
9.410000e-01	-7.512440e-01	6.980556e-01	-1.747358e+00	-1.624923e+00	-1.224351e-01
9.420000e-01	-7.512288e-01	6.980372e-01	-1.747338e+00	-1.624898e+00	-1.224403e-01
9.430000e-01	-7.512379e-01	6.980476e-01	-1.747349e+00	-1.624912e+00	-1.224364e-01
9.440000e-01	-7.512256e-01	6.980314e-01	-1.747343e+00	-1.624897e+00	-1.224457e-01
9.450000e-01	-7.512371e-01	6.980467e-01	-1.747348e+00	-1.624911e+00	-1.224368e-01
9.460000e-01	-7.512281e-01	6.980362e-01	-1.747337e+00	-1.624897e+00	-1.224404e-01
9.470000e-01	-7.512389e-01	6.980496e-01	-1.747349e+00	-1.624913e+00	-1.224356e-01
9.480000e-01	-7.512278e-01	6.980357e-01	-1.747334e+00	-1.624895e+00	-1.224393e-01
9.490000e-01	-7.512377e-01	6.980491e-01	-1.747337e+00	-1.624906e+00	-1.224306e-01
9.500000e-01	-7.512248e-01	6.980326e-01	-1.747322e+00	-1.624886e+00	-1.224361e-01
9.510000e-01	-7.512290e-01	6.980390e-01	-1.747319e+00	-1.624888e+00	-1.224302e-01
9.520000e-01	-7.512203e-01	6.980281e-01	-1.747309e+00	-1.624875e+00	-1.224344e-01
9.530000e-01	-7.512343e-01	6.980448e-01	-1.747329e+00	-1.624899e+00	-1.224302e-01
9.540000e-01	-7.512206e-01	6.980276e-01	-1.747314e+00	-1.624878e+00	-1.224365e-01
9.550000e-01	-7.512301e-01	6.980392e-01	-1.747329e+00	-1.624894e+00	-1.224342e-01
9.560000e-01	-7.512167e-01	6.980225e-01	-1.747320e+00	-1.624877e+00	-1.224432e-01
9.570000e-01	-7.512248e-01	6.980342e-01	-1.747324e+00	-1.624887e+00	-1.224372e-01
9.580000e-01	-7.512228e-01	6.980313e-01	-1.747323e+00	-1.624884e+00	-1.224387e-01
9.590000e-01	-7.512444e-01	6.980559e-01	-1.747353e+00	-1.624921e+00	-1.224319e-01
9.600000e-01	-7.512343e-01	6.980426e-01	-1.747340e+00	-1.624904e+00	-1.224358e-01
9.610000e-01	-7.512409e-01	6.980522e-01	-1.747341e+00	-1.624912e+00	-1.224297e-01
9.620000e-01	-7.512242e-01	6.980317e-01	-1.747325e+00	-1.624887e+00	-1.224382e-01
9.630000e-01	-7.512300e-01	6.980392e-01	-1.747325e+00	-1.624893e+00	-1.224327e-01
9.640000e-01	-7.512171e-01	6.980232e-01	-1.747314e+00	-1.624874e+00	-1.224397e-01
9.650000e-01	-7.512291e-01	6.980380e-01	-1.747331e+00	-1.624895e+00	-1.224365e-01
9.660000e-01	-7.512155e-01	6.980220e-01	-1.747315e+00	-1.624873e+00	-1.224422e-01
9.670000e-01	-7.512255e-01	6.980342e-01	-1.747327e+00	-1.624889e+00	-1.224383e-01
9.680000e-01	-7.512228e-01	6.980284e-01	-1.747331e+00	-1.624888e+00	-1.224427e-01
9.690000e-01	-7.512412e-01	6.980505e-01	-1.747346e+00	-1.624914e+00	-1.224319e-01
9.700000e-01	-7.512318e-01	6.980391e-01	-1.747335e+00	-1.624899e+00	-1.224359e-01
9.710000e-01	-7.512391e-01	6.980476e-01	-1.747352e+00	-1.624915e+00	-1.224371e-01
9.720000e-01	-7.512251e-01	6.980304e-01	-1.747334e+00	-1.624892e+00	-1.224421e-01
9.730000e-01	-7.512331e-01	6.980418e-01	-1.747337e+00	-1.624902e+00	-1.224355e-01
9.740000e-01	-7.512197e-01	6.980251e-01	-1.747328e+00	-1.624884e+00	-1.224445e-01
9.750000e-01	-7.512342e-01	6.980425e-01	-1.747341e+00	-1.624904e+00	-1.224361e-01
9.760000e-01	-7.512313e-01	6.980383e-01	-1.747340e+00	-1.624901e+00	-1.224388e-01
9.770000e-01	-7.512444e-01	6.980540e-01	-1.747359e+00	-1.624924e+00	-1.224353e-01
9.780000e-01	-7.512281e-01	6.980346e-01	-1.747336e+00	-1.624896e+00	-1.224398e-01
9.790000e-01	-7.512378e-01	6.980462e-01	-1.747340e+00	-1.624908e+00	-1.224324e-01
9.800000e-01	-7.512316e-01	6.980360e-01	-1.747346e+00	-1.624905e+00	-1.224415e-01
9.810000e-01	-7.512407e-01	6.980477e-01	-1.747355e+00	-1.624918e+00	-1.224368e-01
9.820000e-01	-7.512266e-01	6.980309e-01	-1.747338e+00	-1.624896e+00	-1.224423e-01
9.830000e-01	-7.512331e-01	6.980390e-01	-1.747347e+00	-1.624906e+00	-1.224402e-01
9.840000e-01	-7.512226e-01	6.980258e-01	-1.747334e+00	-1.624890e+00	-1.224443e-01
9.850000e-01	-7.512318e-01	6.980389e-01	-1.747341e+00	-1.624902e+00	-1.224388e-01
9.860000e-01	-7.512242e-01	6.980295e-01	-1.747336e+00	-1.624892e+00	-1.224439e-01
9.870000e-01	-7.512410e-01	6.980499e-01	-1.747354e+00	-1.624918e+00	-1.224357e-01
9.880000e-01	-7.512343e-01	6.980405e-01	-1.747350e+00	-1.624909e+00	-1.224406e-01
9.890000e-01	-7.512437e-01	6.980510e-01	-1.747368e+00	-1.624928e+00	-1.224404e-01
9.900000e-01	-7.512318e-01	6.980357e-01	-1.747354e+00	-1.624909e+00	-1.224453e-01
9.910000e-01	-7.512394e-01	6.980451e-01	-1.747360e+00	-1.624920e+00	-1.224407e-01
9.920000e-01	-7.512312e-01	6.980341e-01	-1.747361e+00	-1.624912e+00	-1.224495e-01
9.930000e-01	-7.512384e-01	6.980444e-01	-1.747361e+00	-1.624919e+00	-1.224419e-01
9.940000e-01	-7.512286e-01	6.980332e-01	-1.747346e+00	-1.624902e+00	-1.224445e-01
9.950000e-01	-7.512378e-01	6.980441e-01	-1.747360e+00	-1.624918e+00	-1.224423e-01
9.960000e-01	-7.512288e-01	6.980332e-01	-1.747351e+00	-1.624905e+00	-1.224470e-01
9.970000e-01	-7.512368e-01	6.980442e-01	-1.747355e+00	-1.624914e+00	-1.224407e-01
9.980000e-01	-7.512305e-01	6.980356e-01	-1.747352e+00	-1.624907e+00	-1.224458e-01
9.990000e-01	-7.512442e-01	6.980517e-01	-1.747362e+00	-1.624925e+00	-1.224369e-01
1.000000e+00	-7.512392e-01	6.980447e-01	-1.747357e+00	-1.624918e+00	-1.224393e-01
