# Force coefficients
# liftDir    : (0.000000e+00 1.000000e+00 0.000000e+00)
# dragDir    : (1.000000e+00 0.000000e+00 0.000000e+00)
# pitchAxis  : (0.000000e+00 0.000000e+00 1.000000e+00)
# magUInf    : 5.148000e+01
# lRef       : 4.530000e-01
# Aref       : 4.348800e-01
# CofR       : (0.000000e+00 0.000000e+00 0.000000e+00)
# Time       	Cm           	Cd           	Cl           	Cl(f)        	Cl(r)        	Cm	Cd	Cl	Cl(f)	Cl(r)
1.000000e-03	-1.408404e-03	1.538833e-03	-2.373491e-03	-2.595149e-03	2.216586e-04
2.000000e-03	-5.367966e-03	6.045366e-03	-9.588249e-03	-1.016209e-02	5.738418e-04
3.000000e-03	-7.931299e-03	8.971374e-03	-1.491017e-02	-1.538638e-02	4.762147e-04
4.000000e-03	-8.396172e-03	9.497087e-03	-1.666191e-02	-1.672713e-02	6.521620e-05
5.000000e-03	-8.035407e-03	9.023738e-03	-1.707286e-02	-1.657184e-02	-5.010239e-04
6.000000e-03	-7.939655e-03	8.736065e-03	-1.801326e-02	-1.694628e-02	-1.066974e-03
7.000000e-03	-8.331899e-03	8.899678e-03	-1.973703e-02	-1.820041e-02	-1.536614e-03
8.000000e-03	-9.629423e-03	1.003944e-02	-2.304173e-02	-2.115029e-02	-1.891444e-03
9.000000e-03	-1.152799e-02	1.185599e-02	-2.742749e-02	-2.524174e-02	-2.185756e-03
1.000000e-02	-1.357065e-02	1.386524e-02	-3.206787e-02	-2.960459e-02	-2.463289e-03
1.100000e-02	-1.537521e-02	1.563946e-02	-3.631864e-02	-3.353453e-02	-2.784113e-03
1.200000e-02	-1.705042e-02	1.729971e-02	-4.035397e-02	-3.722741e-02	-3.126563e-03
1.300000e-02	-1.858117e-02	1.880409e-02	-4.419387e-02	-4.067811e-02	-3.515762e-03
1.400000e-02	-2.010349e-02	2.029045e-02	-4.806571e-02	-4.413635e-02	-3.929366e-03
1.500000e-02	-2.190341e-02	2.206580e-02	-5.252663e-02	-4.816672e-02	-4.359911e-03
1.600000e-02	-2.415500e-02	2.432562e-02	-5.794108e-02	-5.312554e-02	-4.815540e-03
1.700000e-02	-2.683321e-02	2.701086e-02	-6.432646e-02	-5.899644e-02	-5.330016e-03
1.800000e-02	-2.985746e-02	3.003176e-02	-7.154677e-02	-6.563084e-02	-5.915929e-03
1.900000e-02	-3.294528e-02	3.307804e-02	-7.908824e-02	-7.248940e-02	-6.598837e-03
2.000000e-02	-3.595306e-02	3.600240e-02	-8.660669e-02	-7.925640e-02	-7.350290e-03
2.100000e-02	-3.883290e-02	3.875547e-02	-9.400430e-02	-8.583505e-02	-8.169255e-03
2.200000e-02	-4.157312e-02	4.133929e-02	-1.011684e-01	-9.215735e-02	-9.011097e-03
2.300000e-02	-4.433488e-02	4.392273e-02	-1.083782e-01	-9.852400e-02	-9.854239e-03
2.400000e-02	-4.726318e-02	4.667282e-02	-1.158781e-01	-1.052022e-01	-1.067589e-02
2.500000e-02	-5.056762e-02	4.981103e-02	-1.241758e-01	-1.126555e-01	-1.152028e-02
2.600000e-02	-5.429779e-02	5.339454e-02	-1.333640e-01	-1.209798e-01	-1.238422e-02
2.700000e-02	-5.840819e-02	5.737517e-02	-1.434056e-01	-1.301110e-01	-1.329462e-02
2.800000e-02	-6.276412e-02	6.162038e-02	-1.540323e-01	-1.397803e-01	-1.425203e-02
2.900000e-02	-6.727946e-02	6.603407e-02	-1.651183e-01	-1.498386e-01	-1.527971e-02
3.000000e-02	-7.182106e-02	7.047350e-02	-1.763743e-01	-1.600082e-01	-1.636608e-02
3.100000e-02	-7.635314e-02	7.490959e-02	-1.876906e-01	-1.701985e-01	-1.749218e-02
3.200000e-02	-8.093754e-02	7.940830e-02	-1.991077e-01	-1.804914e-01	-1.861629e-02
3.300000e-02	-8.554496e-02	8.394646e-02	-2.105383e-01	-1.908141e-01	-1.972420e-02
3.400000e-02	-9.028463e-02	8.863699e-02	-2.221791e-01	-2.013742e-01	-2.080494e-02
3.500000e-02	-9.524177e-02	9.356310e-02	-2.342701e-01	-2.123768e-01	-2.189326e-02
3.600000e-02	-1.003949e-01	9.871042e-02	-2.467370e-01	-2.237634e-01	-2.297361e-02
3.700000e-02	-1.057790e-01	1.041195e-01	-2.596499e-01	-2.356039e-01	-2.404596e-02
3.800000e-02	-1.114102e-01	1.097864e-01	-2.730669e-01	-2.479437e-01	-2.512325e-02
3.900000e-02	-1.172214e-01	1.156518e-01	-2.868691e-01	-2.606560e-01	-2.621311e-02
4.000000e-02	-1.231798e-01	1.216590e-01	-3.010276e-01	-2.736936e-01	-2.733396e-02
4.100000e-02	-1.291914e-01	1.277195e-01	-3.153203e-01	-2.868515e-01	-2.846875e-02
4.200000e-02	-1.353013e-01	1.338657e-01	-3.298012e-01	-3.002019e-01	-2.959933e-02
4.300000e-02	-1.414594e-01	1.400676e-01	-3.442618e-01	-3.135903e-01	-3.067150e-02
4.400000e-02	-1.477422e-01	1.463931e-01	-3.588401e-01	-3.271622e-01	-3.167788e-02
4.500000e-02	-1.540881e-01	1.528028e-01	-3.732896e-01	-3.407329e-01	-3.255672e-02
4.600000e-02	-1.604969e-01	1.592879e-01	-3.876538e-01	-3.543238e-01	-3.332999e-02
4.700000e-02	-1.668939e-01	1.657880e-01	-4.017235e-01	-3.677557e-01	-3.396783e-02
4.800000e-02	-1.732735e-01	1.722802e-01	-4.155430e-01	-3.810450e-01	-3.449804e-02
4.900000e-02	-1.795779e-01	1.787102e-01	-4.290098e-01	-3.940828e-01	-3.492701e-02
5.000000e-02	-1.858095e-01	1.850689e-01	-4.421995e-01	-4.069092e-01	-3.529025e-02
5.100000e-02	-1.918684e-01	1.912742e-01	-4.548647e-01	-4.193008e-01	-3.556394e-02
5.200000e-02	-1.976658e-01	1.972406e-01	-4.667926e-01	-4.310622e-01	-3.573046e-02
5.300000e-02	-2.031403e-01	2.029241e-01	-4.777937e-01	-4.420371e-01	-3.575655e-02
5.400000e-02	-2.081830e-01	2.082104e-01	-4.876381e-01	-4.520020e-01	-3.563605e-02
5.500000e-02	-2.127044e-01	2.130291e-01	-4.960872e-01	-4.607480e-01	-3.533917e-02
5.600000e-02	-2.168012e-01	2.174702e-01	-5.033254e-01	-4.684639e-01	-3.486153e-02
5.700000e-02	-2.204551e-01	2.215182e-01	-5.093457e-01	-4.751279e-01	-3.421779e-02
5.800000e-02	-2.238630e-01	2.253573e-01	-5.145541e-01	-4.811400e-01	-3.341406e-02
5.900000e-02	-2.271139e-01	2.290660e-01	-5.192322e-01	-4.867300e-01	-3.250220e-02
6.000000e-02	-2.302208e-01	2.326391e-01	-5.234635e-01	-4.919525e-01	-3.151097e-02
6.100000e-02	-2.331575e-01	2.360358e-01	-5.272872e-01	-4.968011e-01	-3.048607e-02
6.200000e-02	-2.359647e-01	2.392794e-01	-5.308472e-01	-5.013883e-01	-2.945894e-02
6.300000e-02	-2.385969e-01	2.423177e-01	-5.341078e-01	-5.056507e-01	-2.845703e-02
6.400000e-02	-2.411346e-01	2.452261e-01	-5.372654e-01	-5.097673e-01	-2.749816e-02
6.500000e-02	-2.435963e-01	2.480224e-01	-5.404061e-01	-5.137994e-01	-2.660672e-02
6.600000e-02	-2.460089e-01	2.507299e-01	-5.436381e-01	-5.178279e-01	-2.581015e-02
6.700000e-02	-2.483687e-01	2.533367e-01	-5.470391e-01	-5.218882e-01	-2.515087e-02
6.800000e-02	-2.507046e-01	2.558686e-01	-5.507061e-01	-5.260577e-01	-2.464840e-02
6.900000e-02	-2.529929e-01	2.582980e-01	-5.546234e-01	-5.303046e-01	-2.431876e-02
7.000000e-02	-2.552996e-01	2.606922e-01	-5.588874e-01	-5.347433e-01	-2.414411e-02
7.100000e-02	-2.575708e-01	2.630021e-01	-5.633643e-01	-5.392529e-01	-2.411141e-02
7.200000e-02	-2.598837e-01	2.653115e-01	-5.681487e-01	-5.439581e-01	-2.419065e-02
7.300000e-02	-2.622464e-01	2.676281e-01	-5.732145e-01	-5.488536e-01	-2.436085e-02
7.400000e-02	-2.647934e-01	2.700728e-01	-5.789229e-01	-5.542548e-01	-2.466807e-02
7.500000e-02	-2.674701e-01	2.725714e-01	-5.852569e-01	-5.600985e-01	-2.515834e-02
7.600000e-02	-2.703797e-01	2.752288e-01	-5.924526e-01	-5.666060e-01	-2.584653e-02
7.700000e-02	-2.734194e-01	2.779619e-01	-6.001946e-01	-5.735167e-01	-2.667795e-02
7.800000e-02	-2.766754e-01	2.808747e-01	-6.085370e-01	-5.809439e-01	-2.759309e-02
7.900000e-02	-2.804119e-01	2.842436e-01	-6.178980e-01	-5.893609e-01	-2.853714e-02
8.000000e-02	-2.844377e-01	2.879047e-01	-6.278639e-01	-5.983696e-01	-2.949429e-02
8.100000e-02	-2.884236e-01	2.915309e-01	-6.377821e-01	-6.073147e-01	-3.046742e-02
8.200000e-02	-2.921407e-01	2.949151e-01	-6.473102e-01	-6.157958e-01	-3.151437e-02
8.300000e-02	-2.956900e-01	2.981453e-01	-6.566402e-01	-6.240101e-01	-3.263015e-02
8.400000e-02	-2.990011e-01	3.011618e-01	-6.657142e-01	-6.318582e-01	-3.385605e-02
8.500000e-02	-3.018575e-01	3.037189e-01	-6.742164e-01	-6.389658e-01	-3.525068e-02
8.600000e-02	-3.041309e-01	3.056702e-01	-6.820261e-01	-6.451440e-01	-3.688213e-02
8.700000e-02	-3.056642e-01	3.068246e-01	-6.888559e-01	-6.500921e-01	-3.876377e-02
8.800000e-02	-3.063367e-01	3.070748e-01	-6.944397e-01	-6.535566e-01	-4.088319e-02
8.900000e-02	-3.064203e-01	3.066951e-01	-6.990938e-01	-6.559672e-01	-4.312658e-02
9.000000e-02	-3.061959e-01	3.060001e-01	-7.031307e-01	-6.577612e-01	-4.536950e-02
9.100000e-02	-3.061384e-01	3.054871e-01	-7.072407e-01	-6.597588e-01	-4.748194e-02
9.200000e-02	-3.067476e-01	3.056981e-01	-7.122352e-01	-6.628652e-01	-4.937002e-02
9.300000e-02	-3.081434e-01	3.067417e-01	-7.183624e-01	-6.673246e-01	-5.103775e-02
9.400000e-02	-3.101758e-01	3.084427e-01	-7.254954e-01	-6.729235e-01	-5.257187e-02
9.500000e-02	-3.126205e-01	3.104988e-01	-7.334422e-01	-6.793416e-01	-5.410063e-02
9.600000e-02	-3.151322e-01	3.125351e-01	-7.416206e-01	-6.859425e-01	-5.567811e-02
9.700000e-02	-3.176257e-01	3.144767e-01	-7.498286e-01	-6.925400e-01	-5.728864e-02
9.800000e-02	-3.202743e-01	3.165628e-01	-7.582280e-01	-6.993883e-01	-5.883972e-02
9.900000e-02	-3.230225e-01	3.187795e-01	-7.666203e-01	-7.063326e-01	-6.028769e-02
1.000000e-01	-3.261840e-01	3.215026e-01	-7.754544e-01	-7.139112e-01	-6.154322e-02
1.010000e-01	-3.298661e-01	3.248629e-01	-7.849568e-01	-7.223445e-01	-6.261230e-02
1.020000e-01	-3.339389e-01	3.287235e-01	-7.949851e-01	-7.314315e-01	-6.355369e-02
1.030000e-01	-3.381838e-01	3.328199e-01	-8.052746e-01	-7.408210e-01	-6.445354e-02
1.040000e-01	-3.423957e-01	3.368962e-01	-8.156090e-01	-7.502002e-01	-6.540875e-02
1.050000e-01	-3.464700e-01	3.408148e-01	-8.258325e-01	-7.593862e-01	-6.644629e-02
1.060000e-01	-3.503271e-01	3.444689e-01	-8.358620e-01	-7.682581e-01	-6.760393e-02
1.070000e-01	-3.539421e-01	3.478280e-01	-8.456215e-01	-7.767529e-01	-6.886865e-02
1.080000e-01	-3.572803e-01	3.508613e-01	-8.550481e-01	-7.848044e-01	-7.024372e-02
1.090000e-01	-3.602586e-01	3.534959e-01	-8.639364e-01	-7.922268e-01	-7.170965e-02
1.100000e-01	-3.628017e-01	3.556593e-01	-8.721449e-01	-7.988741e-01	-7.327077e-02
1.110000e-01	-3.650223e-01	3.574725e-01	-8.798213e-01	-8.049329e-01	-7.488837e-02
1.120000e-01	-3.670431e-01	3.590693e-01	-8.871340e-01	-8.106101e-01	-7.652390e-02
1.130000e-01	-3.689805e-01	3.605631e-01	-8.942740e-01	-8.161175e-01	-7.815649e-02
1.140000e-01	-3.709353e-01	3.620567e-01	-9.013889e-01	-8.216297e-01	-7.975917e-02
1.150000e-01	-3.730546e-01	3.637006e-01	-9.086950e-01	-8.274021e-01	-8.129292e-02
1.160000e-01	-3.753575e-01	3.655244e-01	-9.162063e-01	-8.334606e-01	-8.274569e-02
1.170000e-01	-3.778907e-01	3.675778e-01	-9.240098e-01	-8.398956e-01	-8.411422e-02
1.180000e-01	-3.805968e-01	3.698015e-01	-9.320163e-01	-8.466049e-01	-8.541134e-02
1.190000e-01	-3.834892e-01	3.722142e-01	-9.402667e-01	-8.536225e-01	-8.664413e-02
1.200000e-01	-3.864890e-01	3.747390e-01	-9.486217e-01	-8.607999e-01	-8.782183e-02
1.210000e-01	-3.896045e-01	3.773782e-01	-9.571188e-01	-8.681639e-01	-8.895488e-02
1.220000e-01	-3.928219e-01	3.801083e-01	-9.657231e-01	-8.756834e-01	-9.003965e-02
1.230000e-01	-3.961738e-01	3.829647e-01	-9.745081e-01	-8.834279e-01	-9.108021e-02
1.240000e-01	-3.996528e-01	3.859416e-01	-9.834405e-01	-8.913730e-01	-9.206748e-02
1.250000e-01	-4.032736e-01	3.890632e-01	-9.925599e-01	-8.995535e-01	-9.300634e-02
1.260000e-01	-4.070829e-01	3.923862e-01	-1.001904e+00	-9.080349e-01	-9.386900e-02
1.270000e-01	-4.111068e-01	3.959429e-01	-1.011530e+00	-9.168719e-01	-9.465837e-02
1.280000e-01	-4.153679e-01	3.997643e-01	-1.021444e+00	-9.260898e-01	-9.535406e-02
1.290000e-01	-4.198360e-01	4.038160e-01	-1.031643e+00	-9.356574e-01	-9.598533e-02
1.300000e-01	-4.244562e-01	4.080422e-01	-1.042021e+00	-9.454665e-01	-9.655418e-02
1.310000e-01	-4.291692e-01	4.123706e-01	-1.052534e+00	-9.554364e-01	-9.709801e-02
1.320000e-01	-4.339533e-01	4.167884e-01	-1.063116e+00	-9.655111e-01	-9.760448e-02
1.330000e-01	-4.387589e-01	4.212475e-01	-1.073710e+00	-9.756139e-01	-9.809609e-02
1.340000e-01	-4.436845e-01	4.258644e-01	-1.084440e+00	-9.859046e-01	-9.853555e-02
1.350000e-01	-4.485675e-01	4.304620e-01	-1.095084e+00	-9.961093e-01	-9.897421e-02
1.360000e-01	-4.528695e-01	4.344542e-01	-1.104835e+00	-1.005287e+00	-9.954781e-02
1.370000e-01	-4.563159e-01	4.375427e-01	-1.113295e+00	-1.012963e+00	-1.003314e-01
1.380000e-01	-4.589099e-01	4.397344e-01	-1.120410e+00	-1.019115e+00	-1.012948e-01
1.390000e-01	-4.610131e-01	4.414277e-01	-1.126682e+00	-1.024354e+00	-1.023279e-01
1.400000e-01	-4.630503e-01	4.430920e-01	-1.132665e+00	-1.029383e+00	-1.032820e-01
1.410000e-01	-4.653775e-01	4.451042e-01	-1.138906e+00	-1.034831e+00	-1.040757e-01
1.420000e-01	-4.681298e-01	4.475945e-01	-1.145625e+00	-1.040942e+00	-1.046825e-01
1.430000e-01	-4.712812e-01	4.505103e-01	-1.152857e+00	-1.047710e+00	-1.051473e-01
1.440000e-01	-4.746251e-01	4.536094e-01	-1.160331e+00	-1.054790e+00	-1.055404e-01
1.450000e-01	-4.780130e-01	4.567157e-01	-1.167897e+00	-1.061961e+00	-1.059353e-01
1.460000e-01	-4.813248e-01	4.597058e-01	-1.175372e+00	-1.069011e+00	-1.063614e-01
1.470000e-01	-4.845505e-01	4.625731e-01	-1.182763e+00	-1.075932e+00	-1.068310e-01
1.480000e-01	-4.877012e-01	4.653448e-01	-1.190045e+00	-1.082724e+00	-1.073215e-01
1.490000e-01	-4.908675e-01	4.681295e-01	-1.197352e+00	-1.089543e+00	-1.078083e-01
1.500000e-01	-4.940853e-01	4.709783e-01	-1.204690e+00	-1.096430e+00	-1.082598e-01
1.510000e-01	-4.973585e-01	4.738963e-01	-1.212078e+00	-1.103397e+00	-1.086804e-01
1.520000e-01	-5.006745e-01	4.768712e-01	-1.219477e+00	-1.110413e+00	-1.090639e-01
1.530000e-01	-5.040164e-01	4.798713e-01	-1.226894e+00	-1.117464e+00	-1.094307e-01
1.540000e-01	-5.073537e-01	4.828629e-01	-1.234278e+00	-1.124493e+00	-1.097853e-01
1.550000e-01	-5.106685e-01	4.858209e-01	-1.241627e+00	-1.131482e+00	-1.101452e-01
1.560000e-01	-5.139329e-01	4.887166e-01	-1.248896e+00	-1.138381e+00	-1.105152e-01
1.570000e-01	-5.171623e-01	4.915688e-01	-1.256116e+00	-1.145220e+00	-1.108957e-01
1.580000e-01	-5.203323e-01	4.943561e-01	-1.263229e+00	-1.151947e+00	-1.112821e-01
1.590000e-01	-5.234862e-01	4.971275e-01	-1.270300e+00	-1.158636e+00	-1.116635e-01
1.600000e-01	-5.266186e-01	4.998824e-01	-1.277307e+00	-1.165272e+00	-1.120351e-01
1.610000e-01	-5.297431e-01	5.026374e-01	-1.284279e+00	-1.171883e+00	-1.123966e-01
1.620000e-01	-5.328133e-01	5.053458e-01	-1.291134e+00	-1.178380e+00	-1.127535e-01
1.630000e-01	-5.358598e-01	5.080358e-01	-1.297920e+00	-1.184820e+00	-1.131003e-01
1.640000e-01	-5.388467e-01	5.106740e-01	-1.304577e+00	-1.191135e+00	-1.134420e-01
1.650000e-01	-5.418235e-01	5.133059e-01	-1.311195e+00	-1.197421e+00	-1.137740e-01
1.660000e-01	-5.447851e-01	5.159300e-01	-1.317756e+00	-1.203663e+00	-1.140928e-01
1.670000e-01	-5.477819e-01	5.185925e-01	-1.324343e+00	-1.209953e+00	-1.143895e-01
1.680000e-01	-5.507706e-01	5.212455e-01	-1.330895e+00	-1.216218e+00	-1.146767e-01
1.690000e-01	-5.537691e-01	5.238986e-01	-1.337452e+00	-1.222495e+00	-1.149567e-01
1.700000e-01	-5.567308e-01	5.265005e-01	-1.343945e+00	-1.228703e+00	-1.152418e-01
1.710000e-01	-5.596965e-01	5.290928e-01	-1.350440e+00	-1.234916e+00	-1.155235e-01
1.720000e-01	-5.626399e-01	5.316554e-01	-1.356887e+00	-1.241083e+00	-1.158036e-01
1.730000e-01	-5.655976e-01	5.342264e-01	-1.363349e+00	-1.247272e+00	-1.160769e-01
1.740000e-01	-5.685038e-01	5.367427e-01	-1.369721e+00	-1.253364e+00	-1.163566e-01
1.750000e-01	-5.713910e-01	5.392366e-01	-1.376054e+00	-1.259418e+00	-1.166362e-01
1.760000e-01	-5.742072e-01	5.416611e-01	-1.382266e+00	-1.265340e+00	-1.169260e-01
1.770000e-01	-5.770063e-01	5.440706e-01	-1.388435e+00	-1.271224e+00	-1.172113e-01
1.780000e-01	-5.797351e-01	5.464166e-01	-1.394469e+00	-1.276970e+00	-1.174996e-01
1.790000e-01	-5.824637e-01	5.487724e-01	-1.400474e+00	-1.282701e+00	-1.177735e-01
1.800000e-01	-5.851455e-01	5.510864e-01	-1.406380e+00	-1.288336e+00	-1.180446e-01
1.810000e-01	-5.878151e-01	5.533920e-01	-1.412243e+00	-1.293937e+00	-1.183066e-01
1.820000e-01	-5.903655e-01	5.555691e-01	-1.417922e+00	-1.299326e+00	-1.185954e-01
1.830000e-01	-5.928383e-01	5.576673e-01	-1.423469e+00	-1.304573e+00	-1.188960e-01
1.840000e-01	-5.952151e-01	5.596680e-01	-1.428856e+00	-1.309643e+00	-1.192129e-01
1.850000e-01	-5.975748e-01	5.616595e-01	-1.434184e+00	-1.314667e+00	-1.195170e-01
1.860000e-01	-5.999061e-01	5.636284e-01	-1.439440e+00	-1.319626e+00	-1.198139e-01
1.870000e-01	-6.022711e-01	5.656412e-01	-1.444713e+00	-1.324627e+00	-1.200853e-01
1.880000e-01	-6.046063e-01	5.676258e-01	-1.449916e+00	-1.329564e+00	-1.203516e-01
1.890000e-01	-6.069514e-01	5.696211e-01	-1.455111e+00	-1.334507e+00	-1.206043e-01
1.900000e-01	-6.092407e-01	5.715565e-01	-1.460213e+00	-1.339347e+00	-1.208657e-01
1.910000e-01	-6.115071e-01	5.734693e-01	-1.465262e+00	-1.344138e+00	-1.211238e-01
1.920000e-01	-6.137001e-01	5.753066e-01	-1.470185e+00	-1.348792e+00	-1.213923e-01
1.930000e-01	-6.158828e-01	5.771384e-01	-1.475063e+00	-1.353414e+00	-1.216486e-01
1.940000e-01	-6.180231e-01	5.789338e-01	-1.479849e+00	-1.357948e+00	-1.219012e-01
1.950000e-01	-6.201978e-01	5.807780e-01	-1.484648e+00	-1.362522e+00	-1.221260e-01
1.960000e-01	-6.223608e-01	5.826213e-01	-1.489396e+00	-1.367059e+00	-1.223372e-01
1.970000e-01	-6.245643e-01	5.845192e-01	-1.494165e+00	-1.371647e+00	-1.225182e-01
1.980000e-01	-6.267215e-01	5.863760e-01	-1.498840e+00	-1.376142e+00	-1.226985e-01
1.990000e-01	-6.288581e-01	5.882162e-01	-1.503465e+00	-1.380591e+00	-1.228744e-01
2.000000e-01	-6.309191e-01	5.899780e-01	-1.507962e+00	-1.384900e+00	-1.230620e-01
2.010000e-01	-6.329760e-01	5.917362e-01	-1.512429e+00	-1.389191e+00	-1.232385e-01
2.020000e-01	-6.349650e-01	5.934184e-01	-1.516784e+00	-1.393357e+00	-1.234268e-01
2.030000e-01	-6.369550e-01	5.951028e-01	-1.521118e+00	-1.397514e+00	-1.236039e-01
2.040000e-01	-6.388912e-01	5.967339e-01	-1.525348e+00	-1.401565e+00	-1.237826e-01
2.050000e-01	-6.408432e-01	5.983905e-01	-1.529565e+00	-1.405626e+00	-1.239392e-01
2.060000e-01	-6.427440e-01	6.000011e-01	-1.533678e+00	-1.409583e+00	-1.240951e-01
2.070000e-01	-6.446552e-01	6.016336e-01	-1.537776e+00	-1.413543e+00	-1.242330e-01
2.080000e-01	-6.465304e-01	6.032397e-01	-1.541788e+00	-1.417424e+00	-1.243634e-01
2.090000e-01	-6.484116e-01	6.048616e-01	-1.545781e+00	-1.421302e+00	-1.244789e-01
2.100000e-01	-6.502493e-01	6.064460e-01	-1.549677e+00	-1.425088e+00	-1.245894e-01
2.110000e-01	-6.521017e-01	6.080536e-01	-1.553571e+00	-1.428887e+00	-1.246840e-01
2.120000e-01	-6.539131e-01	6.096255e-01	-1.557373e+00	-1.432600e+00	-1.247735e-01
2.130000e-01	-6.557371e-01	6.112184e-01	-1.561171e+00	-1.436322e+00	-1.248483e-01
2.140000e-01	-6.575294e-01	6.127842e-01	-1.564888e+00	-1.439973e+00	-1.249147e-01
2.150000e-01	-6.593367e-01	6.143712e-01	-1.568611e+00	-1.443642e+00	-1.249688e-01
2.160000e-01	-6.611062e-01	6.159220e-01	-1.572257e+00	-1.447235e+00	-1.250225e-01
2.170000e-01	-6.628816e-01	6.174845e-01	-1.575899e+00	-1.450831e+00	-1.250680e-01
2.180000e-01	-6.646023e-01	6.189933e-01	-1.579429e+00	-1.454317e+00	-1.251123e-01
2.190000e-01	-6.663128e-01	6.204959e-01	-1.582937e+00	-1.457782e+00	-1.251559e-01
2.200000e-01	-6.679725e-01	6.219492e-01	-1.586354e+00	-1.461149e+00	-1.252044e-01
2.210000e-01	-6.696318e-01	6.234085e-01	-1.589750e+00	-1.464507e+00	-1.252432e-01
2.220000e-01	-6.712348e-01	6.248142e-01	-1.593036e+00	-1.467753e+00	-1.252834e-01
2.230000e-01	-6.728325e-01	6.262198e-01	-1.596312e+00	-1.470989e+00	-1.253237e-01
2.240000e-01	-6.743863e-01	6.275833e-01	-1.599502e+00	-1.474137e+00	-1.253648e-01
2.250000e-01	-6.759352e-01	6.289480e-01	-1.602670e+00	-1.477270e+00	-1.253998e-01
2.260000e-01	-6.774283e-01	6.302589e-01	-1.605734e+00	-1.480295e+00	-1.254385e-01
2.270000e-01	-6.789153e-01	6.315695e-01	-1.608778e+00	-1.483304e+00	-1.254737e-01
2.280000e-01	-6.803479e-01	6.328267e-01	-1.611724e+00	-1.486210e+00	-1.255144e-01
2.290000e-01	-6.817730e-01	6.340805e-01	-1.614645e+00	-1.489095e+00	-1.255496e-01
2.300000e-01	-6.831442e-01	6.352823e-01	-1.617466e+00	-1.491877e+00	-1.255890e-01
2.310000e-01	-6.845197e-01	6.364929e-01	-1.620287e+00	-1.494663e+00	-1.256236e-01
2.320000e-01	-6.858450e-01	6.376556e-01	-1.623012e+00	-1.497351e+00	-1.256611e-01
2.330000e-01	-6.871679e-01	6.388205e-01	-1.625725e+00	-1.500030e+00	-1.256945e-01
2.340000e-01	-6.884319e-01	6.399269e-01	-1.628331e+00	-1.502598e+00	-1.257338e-01
2.350000e-01	-6.896940e-01	6.410362e-01	-1.630933e+00	-1.505161e+00	-1.257728e-01
2.360000e-01	-6.909027e-01	6.420949e-01	-1.633438e+00	-1.507622e+00	-1.258164e-01
2.370000e-01	-6.921117e-01	6.431584e-01	-1.635931e+00	-1.510077e+00	-1.258536e-01
2.380000e-01	-6.932682e-01	6.441704e-01	-1.638323e+00	-1.512430e+00	-1.258931e-01
2.390000e-01	-6.944382e-01	6.452006e-01	-1.640723e+00	-1.514800e+00	-1.259235e-01
2.400000e-01	-6.955516e-01	6.461765e-01	-1.643031e+00	-1.517067e+00	-1.259636e-01
2.410000e-01	-6.966712e-01	6.471633e-01	-1.645328e+00	-1.519335e+00	-1.259927e-01
2.420000e-01	-6.977385e-01	6.480998e-01	-1.647533e+00	-1.521505e+00	-1.260278e-01
2.430000e-01	-6.988224e-01	6.490572e-01	-1.649763e+00	-1.523704e+00	-1.260591e-01
2.440000e-01	-6.998581e-01	6.499687e-01	-1.651894e+00	-1.525805e+00	-1.260887e-01
2.450000e-01	-7.009015e-01	6.508922e-01	-1.654026e+00	-1.527914e+00	-1.261114e-01
2.460000e-01	-7.018931e-01	6.517644e-01	-1.656066e+00	-1.529926e+00	-1.261399e-01
2.470000e-01	-7.028903e-01	6.526472e-01	-1.658102e+00	-1.531941e+00	-1.261609e-01
2.480000e-01	-7.038405e-01	6.534850e-01	-1.660051e+00	-1.533866e+00	-1.261852e-01
2.490000e-01	-7.048039e-01	6.543382e-01	-1.662020e+00	-1.535814e+00	-1.262060e-01
2.500000e-01	-7.057201e-01	6.551438e-01	-1.663903e+00	-1.537672e+00	-1.262314e-01
2.510000e-01	-7.066436e-01	6.559623e-01	-1.665778e+00	-1.539533e+00	-1.262455e-01
2.520000e-01	-7.075244e-01	6.567401e-01	-1.667583e+00	-1.541316e+00	-1.262668e-01
2.530000e-01	-7.084228e-01	6.575404e-01	-1.669412e+00	-1.543129e+00	-1.262832e-01
2.540000e-01	-7.092749e-01	6.582957e-01	-1.671145e+00	-1.544847e+00	-1.262974e-01
2.550000e-01	-7.101424e-01	6.590701e-01	-1.672902e+00	-1.546593e+00	-1.263088e-01
2.560000e-01	-7.109628e-01	6.597967e-01	-1.674576e+00	-1.548251e+00	-1.263253e-01
2.570000e-01	-7.117961e-01	6.605403e-01	-1.676260e+00	-1.549926e+00	-1.263339e-01
2.580000e-01	-7.125828e-01	6.612362e-01	-1.677858e+00	-1.551512e+00	-1.263463e-01
2.590000e-01	-7.133896e-01	6.619558e-01	-1.679485e+00	-1.553132e+00	-1.263531e-01
2.600000e-01	-7.141454e-01	6.626237e-01	-1.681024e+00	-1.554658e+00	-1.263668e-01
2.610000e-01	-7.149131e-01	6.633094e-01	-1.682576e+00	-1.556201e+00	-1.263750e-01
2.620000e-01	-7.156367e-01	6.639512e-01	-1.684050e+00	-1.557662e+00	-1.263882e-01
2.630000e-01	-7.163763e-01	6.646121e-01	-1.685549e+00	-1.559151e+00	-1.263981e-01
2.640000e-01	-7.170655e-01	6.652218e-01	-1.686949e+00	-1.560540e+00	-1.264093e-01
2.650000e-01	-7.177745e-01	6.658569e-01	-1.688374e+00	-1.561961e+00	-1.264123e-01
2.660000e-01	-7.184405e-01	6.664476e-01	-1.689726e+00	-1.563303e+00	-1.264224e-01
2.670000e-01	-7.191272e-01	6.670641e-01	-1.691105e+00	-1.564680e+00	-1.264255e-01
2.680000e-01	-7.197764e-01	6.676409e-01	-1.692420e+00	-1.565986e+00	-1.264334e-01
2.690000e-01	-7.204457e-01	6.682420e-01	-1.693763e+00	-1.567327e+00	-1.264355e-01
2.700000e-01	-7.210621e-01	6.687887e-01	-1.695011e+00	-1.568568e+00	-1.264435e-01
2.710000e-01	-7.216865e-01	6.693474e-01	-1.696273e+00	-1.569823e+00	-1.264499e-01
2.720000e-01	-7.222713e-01	6.698651e-01	-1.697462e+00	-1.571002e+00	-1.264597e-01
2.730000e-01	-7.228731e-01	6.704041e-01	-1.698672e+00	-1.572209e+00	-1.264627e-01
2.740000e-01	-7.234402e-01	6.709060e-01	-1.699822e+00	-1.573351e+00	-1.264710e-01
2.750000e-01	-7.240127e-01	6.714172e-01	-1.700976e+00	-1.574501e+00	-1.264755e-01
2.760000e-01	-7.245503e-01	6.718930e-01	-1.702069e+00	-1.575585e+00	-1.264840e-01
2.770000e-01	-7.251026e-01	6.723874e-01	-1.703178e+00	-1.576692e+00	-1.264865e-01
2.780000e-01	-7.256268e-01	6.728535e-01	-1.704239e+00	-1.577746e+00	-1.264927e-01
2.790000e-01	-7.261622e-01	6.733351e-01	-1.705310e+00	-1.578817e+00	-1.264928e-01
2.800000e-01	-7.266691e-01	6.737864e-01	-1.706336e+00	-1.579837e+00	-1.264988e-01
2.810000e-01	-7.271803e-01	6.742451e-01	-1.707362e+00	-1.580862e+00	-1.265009e-01
2.820000e-01	-7.276618e-01	6.746726e-01	-1.708339e+00	-1.581831e+00	-1.265076e-01
2.830000e-01	-7.281460e-01	6.751057e-01	-1.709313e+00	-1.582802e+00	-1.265104e-01
2.840000e-01	-7.285974e-01	6.755059e-01	-1.710229e+00	-1.583712e+00	-1.265172e-01
2.850000e-01	-7.290529e-01	6.759141e-01	-1.711145e+00	-1.584626e+00	-1.265198e-01
2.860000e-01	-7.294885e-01	6.763026e-01	-1.712027e+00	-1.585502e+00	-1.265252e-01
2.870000e-01	-7.299376e-01	6.767077e-01	-1.712922e+00	-1.586399e+00	-1.265234e-01
2.880000e-01	-7.303574e-01	6.770818e-01	-1.713771e+00	-1.587243e+00	-1.265279e-01
2.890000e-01	-7.307838e-01	6.774656e-01	-1.714625e+00	-1.588096e+00	-1.265285e-01
2.900000e-01	-7.311819e-01	6.778207e-01	-1.715432e+00	-1.588898e+00	-1.265343e-01
2.910000e-01	-7.315886e-01	6.781878e-01	-1.716246e+00	-1.589712e+00	-1.265343e-01
2.920000e-01	-7.319756e-01	6.785342e-01	-1.717022e+00	-1.590487e+00	-1.265353e-01
2.930000e-01	-7.323721e-01	6.788920e-01	-1.717808e+00	-1.591276e+00	-1.265319e-01
2.940000e-01	-7.327300e-01	6.792102e-01	-1.718532e+00	-1.591996e+00	-1.265363e-01
2.950000e-01	-7.331014e-01	6.795446e-01	-1.719275e+00	-1.592739e+00	-1.265362e-01
2.960000e-01	-7.334517e-01	6.798582e-01	-1.719986e+00	-1.593445e+00	-1.265412e-01
2.970000e-01	-7.338045e-01	6.801764e-01	-1.720689e+00	-1.594149e+00	-1.265402e-01
2.980000e-01	-7.341290e-01	6.804662e-01	-1.721351e+00	-1.594804e+00	-1.265464e-01
2.990000e-01	-7.344701e-01	6.807748e-01	-1.722029e+00	-1.595485e+00	-1.265447e-01
3.000000e-01	-7.347855e-01	6.810576e-01	-1.722662e+00	-1.596116e+00	-1.265454e-01
3.010000e-01	-7.351164e-01	6.813570e-01	-1.723315e+00	-1.596774e+00	-1.265409e-01
3.020000e-01	-7.354185e-01	6.816270e-01	-1.723930e+00	-1.597383e+00	-1.265465e-01
3.030000e-01	-7.357282e-01	6.819075e-01	-1.724545e+00	-1.598001e+00	-1.265441e-01
3.040000e-01	-7.360181e-01	6.821682e-01	-1.725131e+00	-1.598583e+00	-1.265472e-01
3.050000e-01	-7.363289e-01	6.824513e-01	-1.725748e+00	-1.599203e+00	-1.265450e-01
3.060000e-01	-7.365987e-01	6.826933e-01	-1.726290e+00	-1.599744e+00	-1.265462e-01
3.070000e-01	-7.368790e-01	6.829466e-01	-1.726843e+00	-1.600300e+00	-1.265424e-01
3.080000e-01	-7.371305e-01	6.831705e-01	-1.727358e+00	-1.600810e+00	-1.265485e-01
3.090000e-01	-7.373988e-01	6.834145e-01	-1.727888e+00	-1.601343e+00	-1.265453e-01
3.100000e-01	-7.376456e-01	6.836364e-01	-1.728384e+00	-1.601838e+00	-1.265462e-01
3.110000e-01	-7.379136e-01	6.838797e-01	-1.728915e+00	-1.602371e+00	-1.265441e-01
3.120000e-01	-7.381487e-01	6.840918e-01	-1.729387e+00	-1.602842e+00	-1.265449e-01
3.130000e-01	-7.383955e-01	6.843167e-01	-1.729877e+00	-1.603334e+00	-1.265431e-01
3.140000e-01	-7.386171e-01	6.845160e-01	-1.730323e+00	-1.603779e+00	-1.265445e-01
3.150000e-01	-7.388489e-01	6.847264e-01	-1.730782e+00	-1.604240e+00	-1.265423e-01
3.160000e-01	-7.390603e-01	6.849157e-01	-1.731210e+00	-1.604665e+00	-1.265446e-01
3.170000e-01	-7.392935e-01	6.851278e-01	-1.731670e+00	-1.605128e+00	-1.265413e-01
3.180000e-01	-7.394931e-01	6.853068e-01	-1.732072e+00	-1.605529e+00	-1.265432e-01
3.190000e-01	-7.397086e-01	6.855040e-01	-1.732501e+00	-1.605959e+00	-1.265417e-01
3.200000e-01	-7.399005e-01	6.856764e-01	-1.732895e+00	-1.606348e+00	-1.265471e-01
3.210000e-01	-7.401082e-01	6.858661e-01	-1.733303e+00	-1.606760e+00	-1.265433e-01
3.220000e-01	-7.402799e-01	6.860192e-01	-1.733654e+00	-1.607107e+00	-1.265468e-01
3.230000e-01	-7.404733e-01	6.861938e-01	-1.734041e+00	-1.607494e+00	-1.265472e-01
3.240000e-01	-7.406338e-01	6.863356e-01	-1.734375e+00	-1.607821e+00	-1.265536e-01
3.250000e-01	-7.408154e-01	6.865012e-01	-1.734738e+00	-1.608184e+00	-1.265537e-01
3.260000e-01	-7.409706e-01	6.866400e-01	-1.735060e+00	-1.608500e+00	-1.265592e-01
3.270000e-01	-7.411496e-01	6.868044e-01	-1.735410e+00	-1.608854e+00	-1.265553e-01
3.280000e-01	-7.413100e-01	6.869512e-01	-1.735722e+00	-1.609171e+00	-1.265511e-01
3.290000e-01	-7.414921e-01	6.871198e-01	-1.736070e+00	-1.609527e+00	-1.265431e-01
3.300000e-01	-7.416366e-01	6.872489e-01	-1.736367e+00	-1.609820e+00	-1.265469e-01
3.310000e-01	-7.417925e-01	6.873901e-01	-1.736678e+00	-1.610132e+00	-1.265465e-01
3.320000e-01	-7.419209e-01	6.875030e-01	-1.736952e+00	-1.610397e+00	-1.265553e-01
3.330000e-01	-7.420686e-01	6.876371e-01	-1.737246e+00	-1.610692e+00	-1.265545e-01
3.340000e-01	-7.421939e-01	6.877492e-01	-1.737499e+00	-1.610944e+00	-1.265558e-01
3.350000e-01	-7.423406e-01	6.878841e-01	-1.737793e+00	-1.611237e+00	-1.265560e-01
3.360000e-01	-7.424611e-01	6.879943e-01	-1.738037e+00	-1.611480e+00	-1.265576e-01
3.370000e-01	-7.425995e-01	6.881221e-01	-1.738309e+00	-1.611754e+00	-1.265552e-01
3.380000e-01	-7.427147e-01	6.882244e-01	-1.738550e+00	-1.611989e+00	-1.265601e-01
3.390000e-01	-7.428520e-01	6.883501e-01	-1.738818e+00	-1.612261e+00	-1.265569e-01
3.400000e-01	-7.429602e-01	6.884466e-01	-1.739041e+00	-1.612481e+00	-1.265601e-01
3.410000e-01	-7.430893e-01	6.885649e-01	-1.739295e+00	-1.612737e+00	-1.265581e-01
3.420000e-01	-7.431892e-01	6.886546e-01	-1.739500e+00	-1.612939e+00	-1.265609e-01
3.430000e-01	-7.433062e-01	6.887636e-01	-1.739725e+00	-1.613169e+00	-1.265562e-01
3.440000e-01	-7.433991e-01	6.888469e-01	-1.739920e+00	-1.613359e+00	-1.265610e-01
3.450000e-01	-7.435078e-01	6.889466e-01	-1.740133e+00	-1.613574e+00	-1.265587e-01
3.460000e-01	-7.435900e-01	6.890179e-01	-1.740306e+00	-1.613743e+00	-1.265629e-01
3.470000e-01	-7.436967e-01	6.891153e-01	-1.740524e+00	-1.613959e+00	-1.265652e-01
3.480000e-01	-7.437852e-01	6.891946e-01	-1.740705e+00	-1.614138e+00	-1.265671e-01
3.490000e-01	-7.438934e-01	6.892950e-01	-1.740914e+00	-1.614351e+00	-1.265639e-01
3.500000e-01	-7.439706e-01	6.893635e-01	-1.741076e+00	-1.614508e+00	-1.265674e-01
3.510000e-01	-7.440748e-01	6.894606e-01	-1.741277e+00	-1.614713e+00	-1.265636e-01
3.520000e-01	-7.441542e-01	6.895325e-01	-1.741436e+00	-1.614872e+00	-1.265639e-01
3.530000e-01	-7.442443e-01	6.896175e-01	-1.741615e+00	-1.615052e+00	-1.265630e-01
3.540000e-01	-7.443027e-01	6.896693e-01	-1.741738e+00	-1.615172e+00	-1.265661e-01
3.550000e-01	-7.443880e-01	6.897480e-01	-1.741909e+00	-1.615343e+00	-1.265665e-01
3.560000e-01	-7.444570e-01	6.898091e-01	-1.742050e+00	-1.615482e+00	-1.265682e-01
3.570000e-01	-7.445375e-01	6.898839e-01	-1.742205e+00	-1.615640e+00	-1.265650e-01
3.580000e-01	-7.445918e-01	6.899312e-01	-1.742320e+00	-1.615752e+00	-1.265685e-01
3.590000e-01	-7.446773e-01	6.900108e-01	-1.742488e+00	-1.615921e+00	-1.265667e-01
3.600000e-01	-7.447421e-01	6.900704e-01	-1.742616e+00	-1.616050e+00	-1.265660e-01
3.610000e-01	-7.448213e-01	6.901455e-01	-1.742764e+00	-1.616204e+00	-1.265609e-01
3.620000e-01	-7.448724e-01	6.901907e-01	-1.742874e+00	-1.616309e+00	-1.265645e-01
3.630000e-01	-7.449431e-01	6.902572e-01	-1.743011e+00	-1.616449e+00	-1.265623e-01
3.640000e-01	-7.449885e-01	6.902983e-01	-1.743103e+00	-1.616540e+00	-1.265629e-01
3.650000e-01	-7.450612e-01	6.903678e-01	-1.743244e+00	-1.616683e+00	-1.265606e-01
3.660000e-01	-7.451089e-01	6.904111e-01	-1.743339e+00	-1.616778e+00	-1.265606e-01
3.670000e-01	-7.451721e-01	6.904701e-01	-1.743461e+00	-1.616903e+00	-1.265584e-01
3.680000e-01	-7.452125e-01	6.905052e-01	-1.743545e+00	-1.616985e+00	-1.265600e-01
3.690000e-01	-7.452730e-01	6.905623e-01	-1.743659e+00	-1.617103e+00	-1.265566e-01
3.700000e-01	-7.453170e-01	6.906027e-01	-1.743745e+00	-1.617190e+00	-1.265557e-01
3.710000e-01	-7.453826e-01	6.906652e-01	-1.743875e+00	-1.617320e+00	-1.265550e-01
3.720000e-01	-7.454180e-01	6.906972e-01	-1.743947e+00	-1.617392e+00	-1.265556e-01
3.730000e-01	-7.454653e-01	6.907432e-01	-1.744038e+00	-1.617484e+00	-1.265540e-01
3.740000e-01	-7.454963e-01	6.907701e-01	-1.744101e+00	-1.617547e+00	-1.265542e-01
3.750000e-01	-7.455553e-01	6.908259e-01	-1.744213e+00	-1.617662e+00	-1.265511e-01
3.760000e-01	-7.455813e-01	6.908477e-01	-1.744267e+00	-1.617715e+00	-1.265522e-01
3.770000e-01	-7.456304e-01	6.908952e-01	-1.744365e+00	-1.617813e+00	-1.265520e-01
3.780000e-01	-7.456605e-01	6.909220e-01	-1.744421e+00	-1.617871e+00	-1.265498e-01
3.790000e-01	-7.457169e-01	6.909774e-01	-1.744524e+00	-1.617979e+00	-1.265451e-01
3.800000e-01	-7.457442e-01	6.910016e-01	-1.744581e+00	-1.618035e+00	-1.265464e-01
3.810000e-01	-7.457854e-01	6.910412e-01	-1.744661e+00	-1.618116e+00	-1.265452e-01
3.820000e-01	-7.458030e-01	6.910543e-01	-1.744705e+00	-1.618156e+00	-1.265495e-01
3.830000e-01	-7.458475e-01	6.910980e-01	-1.744795e+00	-1.618245e+00	-1.265498e-01
3.840000e-01	-7.458747e-01	6.911228e-01	-1.744845e+00	-1.618297e+00	-1.265479e-01
3.850000e-01	-7.459254e-01	6.911736e-01	-1.744933e+00	-1.618392e+00	-1.265413e-01
3.860000e-01	-7.459512e-01	6.911963e-01	-1.744984e+00	-1.618443e+00	-1.265408e-01
3.870000e-01	-7.459878e-01	6.912316e-01	-1.745057e+00	-1.618516e+00	-1.265405e-01
3.880000e-01	-7.459982e-01	6.912374e-01	-1.745082e+00	-1.618539e+00	-1.265427e-01
3.890000e-01	-7.460330e-01	6.912714e-01	-1.745153e+00	-1.618610e+00	-1.265436e-01
3.900000e-01	-7.460494e-01	6.912846e-01	-1.745190e+00	-1.618644e+00	-1.265456e-01
3.910000e-01	-7.460880e-01	6.913237e-01	-1.745260e+00	-1.618718e+00	-1.265422e-01
3.920000e-01	-7.460969e-01	6.913296e-01	-1.745286e+00	-1.618740e+00	-1.265461e-01
3.930000e-01	-7.461289e-01	6.913626e-01	-1.745344e+00	-1.618801e+00	-1.265434e-01
3.940000e-01	-7.461378e-01	6.913688e-01	-1.745362e+00	-1.618819e+00	-1.265433e-01
3.950000e-01	-7.461853e-01	6.914179e-01	-1.745445e+00	-1.618908e+00	-1.265373e-01
3.960000e-01	-7.462047e-01	6.914352e-01	-1.745479e+00	-1.618944e+00	-1.265346e-01
3.970000e-01	-7.462436e-01	6.914741e-01	-1.745552e+00	-1.619020e+00	-1.265325e-01
3.980000e-01	-7.462433e-01	6.914693e-01	-1.745559e+00	-1.619023e+00	-1.265364e-01
3.990000e-01	-7.462671e-01	6.914925e-01	-1.745607e+00	-1.619071e+00	-1.265366e-01
4.000000e-01	-7.462794e-01	6.915023e-01	-1.745634e+00	-1.619096e+00	-1.265374e-01
4.010000e-01	-7.463154e-01	6.915402e-01	-1.745697e+00	-1.619164e+00	-1.265333e-01
4.020000e-01	-7.463150e-01	6.915376e-01	-1.745705e+00	-1.619167e+00	-1.265373e-01
4.030000e-01	-7.463397e-01	6.915647e-01	-1.745750e+00	-1.619215e+00	-1.265351e-01
4.040000e-01	-7.463443e-01	6.915672e-01	-1.745762e+00	-1.619225e+00	-1.265368e-01
4.050000e-01	-7.463709e-01	6.915945e-01	-1.745811e+00	-1.619277e+00	-1.265348e-01
4.060000e-01	-7.463822e-01	6.916030e-01	-1.745830e+00	-1.619297e+00	-1.265327e-01
4.070000e-01	-7.464166e-01	6.916385e-01	-1.745895e+00	-1.619364e+00	-1.265311e-01
4.080000e-01	-7.464296e-01	6.916496e-01	-1.745917e+00	-1.619388e+00	-1.265290e-01
4.090000e-01	-7.464619e-01	6.916849e-01	-1.745969e+00	-1.619446e+00	-1.265227e-01
4.100000e-01	-7.464642e-01	6.916841e-01	-1.745975e+00	-1.619452e+00	-1.265232e-01
4.110000e-01	-7.464789e-01	6.916984e-01	-1.746009e+00	-1.619483e+00	-1.265255e-01
4.120000e-01	-7.464684e-01	6.916839e-01	-1.746003e+00	-1.619470e+00	-1.265331e-01
4.130000e-01	-7.464867e-01	6.917050e-01	-1.746038e+00	-1.619506e+00	-1.265323e-01
4.140000e-01	-7.464925e-01	6.917104e-01	-1.746046e+00	-1.619516e+00	-1.265307e-01
4.150000e-01	-7.465203e-01	6.917403e-01	-1.746097e+00	-1.619569e+00	-1.265280e-01
4.160000e-01	-7.465314e-01	6.917504e-01	-1.746115e+00	-1.619589e+00	-1.265262e-01
4.170000e-01	-7.465546e-01	6.917764e-01	-1.746148e+00	-1.619629e+00	-1.265193e-01
4.180000e-01	-7.465527e-01	6.917718e-01	-1.746146e+00	-1.619626e+00	-1.265202e-01
4.190000e-01	-7.465780e-01	6.917979e-01	-1.746192e+00	-1.619674e+00	-1.265181e-01
4.200000e-01	-7.465801e-01	6.917975e-01	-1.746198e+00	-1.619679e+00	-1.265191e-01
4.210000e-01	-7.466007e-01	6.918194e-01	-1.746236e+00	-1.619719e+00	-1.265172e-01
4.220000e-01	-7.465942e-01	6.918106e-01	-1.746231e+00	-1.619710e+00	-1.265214e-01
4.230000e-01	-7.466040e-01	6.918223e-01	-1.746248e+00	-1.619728e+00	-1.265199e-01
4.240000e-01	-7.465996e-01	6.918162e-01	-1.746243e+00	-1.619721e+00	-1.265217e-01
4.250000e-01	-7.466169e-01	6.918352e-01	-1.746278e+00	-1.619756e+00	-1.265219e-01
4.260000e-01	-7.466098e-01	6.918258e-01	-1.746267e+00	-1.619743e+00	-1.265240e-01
4.270000e-01	-7.466289e-01	6.918482e-01	-1.746297e+00	-1.619777e+00	-1.265196e-01
4.280000e-01	-7.466378e-01	6.918570e-01	-1.746307e+00	-1.619791e+00	-1.265158e-01
4.290000e-01	-7.466655e-01	6.918877e-01	-1.746348e+00	-1.619840e+00	-1.265085e-01
4.300000e-01	-7.466652e-01	6.918856e-01	-1.746343e+00	-1.619837e+00	-1.265062e-01
4.310000e-01	-7.466773e-01	6.918982e-01	-1.746370e+00	-1.619862e+00	-1.265074e-01
4.320000e-01	-7.466617e-01	6.918787e-01	-1.746353e+00	-1.619838e+00	-1.265149e-01
4.330000e-01	-7.466724e-01	6.918909e-01	-1.746375e+00	-1.619860e+00	-1.265151e-01
4.340000e-01	-7.466682e-01	6.918856e-01	-1.746366e+00	-1.619851e+00	-1.265146e-01
4.350000e-01	-7.466841e-01	6.919041e-01	-1.746393e+00	-1.619880e+00	-1.265122e-01
4.360000e-01	-7.466826e-01	6.919012e-01	-1.746390e+00	-1.619878e+00	-1.265125e-01
4.370000e-01	-7.467005e-01	6.919219e-01	-1.746421e+00	-1.619911e+00	-1.265098e-01
4.380000e-01	-7.466974e-01	6.919175e-01	-1.746415e+00	-1.619905e+00	-1.265101e-01
4.390000e-01	-7.467112e-01	6.919332e-01	-1.746438e+00	-1.619930e+00	-1.265078e-01
4.400000e-01	-7.467089e-01	6.919291e-01	-1.746434e+00	-1.619926e+00	-1.265082e-01
4.410000e-01	-7.467208e-01	6.919433e-01	-1.746452e+00	-1.619947e+00	-1.265055e-01
4.420000e-01	-7.467154e-01	6.919359e-01	-1.746441e+00	-1.619936e+00	-1.265052e-01
4.430000e-01	-7.467244e-01	6.919463e-01	-1.746461e+00	-1.619955e+00	-1.265059e-01
4.440000e-01	-7.467142e-01	6.919339e-01	-1.746446e+00	-1.619937e+00	-1.265088e-01
4.450000e-01	-7.467257e-01	6.919483e-01	-1.746466e+00	-1.619959e+00	-1.265074e-01
4.460000e-01	-7.467198e-01	6.919398e-01	-1.746457e+00	-1.619948e+00	-1.265088e-01
4.470000e-01	-7.467323e-01	6.919547e-01	-1.746480e+00	-1.619972e+00	-1.265078e-01
4.480000e-01	-7.467344e-01	6.919563e-01	-1.746479e+00	-1.619974e+00	-1.265053e-01
4.490000e-01	-7.467465e-01	6.919712e-01	-1.746500e+00	-1.619997e+00	-1.265035e-01
4.500000e-01	-7.467367e-01	6.919595e-01	-1.746481e+00	-1.619977e+00	-1.265038e-01
4.510000e-01	-7.467499e-01	6.919745e-01	-1.746503e+00	-1.620001e+00	-1.265016e-01
4.520000e-01	-7.467431e-01	6.919656e-01	-1.746494e+00	-1.619990e+00	-1.265037e-01
4.530000e-01	-7.467420e-01	6.919669e-01	-1.746492e+00	-1.619988e+00	-1.265041e-01
4.540000e-01	-7.467301e-01	6.919531e-01	-1.746471e+00	-1.619966e+00	-1.265056e-01
4.550000e-01	-7.467460e-01	6.919705e-01	-1.746504e+00	-1.619998e+00	-1.265061e-01
4.560000e-01	-7.467487e-01	6.919717e-01	-1.746505e+00	-1.620001e+00	-1.265038e-01
4.570000e-01	-7.467624e-01	6.919888e-01	-1.746526e+00	-1.620025e+00	-1.265005e-01
4.580000e-01	-7.467569e-01	6.919823e-01	-1.746513e+00	-1.620014e+00	-1.264998e-01
4.590000e-01	-7.467634e-01	6.919913e-01	-1.746522e+00	-1.620024e+00	-1.264974e-01
4.600000e-01	-7.467516e-01	6.919770e-01	-1.746503e+00	-1.620003e+00	-1.264999e-01
4.610000e-01	-7.467614e-01	6.919886e-01	-1.746522e+00	-1.620022e+00	-1.264996e-01
4.620000e-01	-7.467521e-01	6.919771e-01	-1.746509e+00	-1.620007e+00	-1.265025e-01
4.630000e-01	-7.467572e-01	6.919849e-01	-1.746517e+00	-1.620016e+00	-1.265013e-01
4.640000e-01	-7.467515e-01	6.919780e-01	-1.746506e+00	-1.620004e+00	-1.265013e-01
4.650000e-01	-7.467633e-01	6.919928e-01	-1.746525e+00	-1.620026e+00	-1.264990e-01
4.660000e-01	-7.467594e-01	6.919866e-01	-1.746513e+00	-1.620016e+00	-1.264970e-01
4.670000e-01	-7.467660e-01	6.919939e-01	-1.746531e+00	-1.620032e+00	-1.264996e-01
4.680000e-01	-7.467594e-01	6.919855e-01	-1.746519e+00	-1.620019e+00	-1.265000e-01
4.690000e-01	-7.467710e-01	6.920005e-01	-1.746536e+00	-1.620039e+00	-1.264971e-01
4.700000e-01	-7.467628e-01	6.919901e-01	-1.746522e+00	-1.620024e+00	-1.264982e-01
4.710000e-01	-7.467688e-01	6.919980e-01	-1.746534e+00	-1.620036e+00	-1.264981e-01
4.720000e-01	-7.467654e-01	6.919944e-01	-1.746525e+00	-1.620028e+00	-1.264970e-01
4.730000e-01	-7.467772e-01	6.920101e-01	-1.746542e+00	-1.620048e+00	-1.264938e-01
4.740000e-01	-7.467668e-01	6.919975e-01	-1.746524e+00	-1.620029e+00	-1.264951e-01
4.750000e-01	-7.467743e-01	6.920070e-01	-1.746538e+00	-1.620043e+00	-1.264946e-01
4.760000e-01	-7.467644e-01	6.919942e-01	-1.746525e+00	-1.620027e+00	-1.264979e-01
4.770000e-01	-7.467719e-01	6.920041e-01	-1.746534e+00	-1.620039e+00	-1.264951e-01
4.780000e-01	-7.467671e-01	6.919970e-01	-1.746524e+00	-1.620029e+00	-1.264948e-01
4.790000e-01	-7.467826e-01	6.920144e-01	-1.746553e+00	-1.620059e+00	-1.264941e-01
4.800000e-01	-7.467766e-01	6.920065e-01	-1.746545e+00	-1.620049e+00	-1.264961e-01
4.810000e-01	-7.467814e-01	6.920140e-01	-1.746551e+00	-1.620057e+00	-1.264942e-01
4.820000e-01	-7.467671e-01	6.919975e-01	-1.746529e+00	-1.620031e+00	-1.264972e-01
4.830000e-01	-7.467711e-01	6.920044e-01	-1.746535e+00	-1.620038e+00	-1.264961e-01
4.840000e-01	-7.467645e-01	6.919963e-01	-1.746520e+00	-1.620025e+00	-1.264954e-01
4.850000e-01	-7.467754e-01	6.920105e-01	-1.746537e+00	-1.620044e+00	-1.264931e-01
4.860000e-01	-7.467662e-01	6.919992e-01	-1.746518e+00	-1.620025e+00	-1.264927e-01
4.870000e-01	-7.467780e-01	6.920131e-01	-1.746539e+00	-1.620047e+00	-1.264913e-01
4.880000e-01	-7.467752e-01	6.920078e-01	-1.746535e+00	-1.620043e+00	-1.264922e-01
4.890000e-01	-7.467884e-01	6.920230e-01	-1.746554e+00	-1.620065e+00	-1.264886e-01
4.900000e-01	-7.467828e-01	6.920163e-01	-1.746544e+00	-1.620055e+00	-1.264893e-01
4.910000e-01	-7.467924e-01	6.920285e-01	-1.746559e+00	-1.620072e+00	-1.264872e-01
4.920000e-01	-7.467785e-01	6.920130e-01	-1.746536e+00	-1.620046e+00	-1.264894e-01
4.930000e-01	-7.467801e-01	6.920163e-01	-1.746542e+00	-1.620051e+00	-1.264911e-01
4.940000e-01	-7.467564e-01	6.919889e-01	-1.746509e+00	-1.620011e+00	-1.264980e-01
4.950000e-01	-7.467643e-01	6.919993e-01	-1.746524e+00	-1.620027e+00	-1.264979e-01
4.960000e-01	-7.467672e-01	6.920016e-01	-1.746521e+00	-1.620028e+00	-1.264934e-01
4.970000e-01	-7.467803e-01	6.920177e-01	-1.746543e+00	-1.620052e+00	-1.264915e-01
4.980000e-01	-7.467716e-01	6.920071e-01	-1.746526e+00	-1.620034e+00	-1.264912e-01
4.990000e-01	-7.467764e-01	6.920134e-01	-1.746534e+00	-1.620044e+00	-1.264908e-01
5.000000e-01	-7.467699e-01	6.920049e-01	-1.746524e+00	-1.620032e+00	-1.264921e-01
5.010000e-01	-7.467820e-01	6.920194e-01	-1.746542e+00	-1.620053e+00	-1.264890e-01
5.020000e-01	-7.467765e-01	6.920123e-01	-1.746528e+00	-1.620040e+00	-1.264874e-01
5.030000e-01	-7.467790e-01	6.920168e-01	-1.746536e+00	-1.620047e+00	-1.264891e-01
5.040000e-01	-7.467698e-01	6.920063e-01	-1.746521e+00	-1.620030e+00	-1.264908e-01
5.050000e-01	-7.467779e-01	6.920168e-01	-1.746538e+00	-1.620047e+00	-1.264909e-01
5.060000e-01	-7.467673e-01	6.920036e-01	-1.746518e+00	-1.620026e+00	-1.264915e-01
5.070000e-01	-7.467699e-01	6.920077e-01	-1.746526e+00	-1.620033e+00	-1.264932e-01
5.080000e-01	-7.467674e-01	6.920038e-01	-1.746518e+00	-1.620026e+00	-1.264914e-01
5.090000e-01	-7.467802e-01	6.920192e-01	-1.746539e+00	-1.620050e+00	-1.264896e-01
5.100000e-01	-7.467751e-01	6.920127e-01	-1.746528e+00	-1.620039e+00	-1.264887e-01
5.110000e-01	-7.467831e-01	6.920218e-01	-1.746543e+00	-1.620055e+00	-1.264885e-01
5.120000e-01	-7.467684e-01	6.920048e-01	-1.746520e+00	-1.620028e+00	-1.264915e-01
5.130000e-01	-7.467698e-01	6.920087e-01	-1.746521e+00	-1.620030e+00	-1.264905e-01
5.140000e-01	-7.467655e-01	6.920038e-01	-1.746504e+00	-1.620018e+00	-1.264866e-01
5.150000e-01	-7.467745e-01	6.920146e-01	-1.746527e+00	-1.620038e+00	-1.264888e-01
5.160000e-01	-7.467670e-01	6.920052e-01	-1.746516e+00	-1.620025e+00	-1.264912e-01
5.170000e-01	-7.467747e-01	6.920147e-01	-1.746531e+00	-1.620040e+00	-1.264907e-01
5.180000e-01	-7.467633e-01	6.920010e-01	-1.746511e+00	-1.620019e+00	-1.264922e-01
5.190000e-01	-7.467683e-01	6.920076e-01	-1.746519e+00	-1.620028e+00	-1.264914e-01
5.200000e-01	-7.467613e-01	6.919988e-01	-1.746506e+00	-1.620014e+00	-1.264919e-01
5.210000e-01	-7.467735e-01	6.920135e-01	-1.746528e+00	-1.620037e+00	-1.264903e-01
5.220000e-01	-7.467628e-01	6.920015e-01	-1.746506e+00	-1.620016e+00	-1.264904e-01
5.230000e-01	-7.467671e-01	6.920079e-01	-1.746514e+00	-1.620024e+00	-1.264901e-01
5.240000e-01	-7.467658e-01	6.920055e-01	-1.746506e+00	-1.620019e+00	-1.264872e-01
5.250000e-01	-7.467761e-01	6.920185e-01	-1.746522e+00	-1.620037e+00	-1.264849e-01
5.260000e-01	-7.467641e-01	6.920036e-01	-1.746501e+00	-1.620015e+00	-1.264867e-01
5.270000e-01	-7.467647e-01	6.920054e-01	-1.746510e+00	-1.620020e+00	-1.264905e-01
5.280000e-01	-7.467541e-01	6.919930e-01	-1.746494e+00	-1.620001e+00	-1.264931e-01
5.290000e-01	-7.467649e-01	6.920054e-01	-1.746514e+00	-1.620022e+00	-1.264923e-01
5.300000e-01	-7.467579e-01	6.919959e-01	-1.746502e+00	-1.620009e+00	-1.264930e-01
5.310000e-01	-7.467720e-01	6.920130e-01	-1.746520e+00	-1.620032e+00	-1.264881e-01
5.320000e-01	-7.467722e-01	6.920134e-01	-1.746514e+00	-1.620029e+00	-1.264849e-01
5.330000e-01	-7.467743e-01	6.920181e-01	-1.746520e+00	-1.620034e+00	-1.264855e-01
5.340000e-01	-7.467497e-01	6.919900e-01	-1.746482e+00	-1.619991e+00	-1.264911e-01
5.350000e-01	-7.467531e-01	6.919940e-01	-1.746494e+00	-1.620000e+00	-1.264939e-01
5.360000e-01	-7.467474e-01	6.919859e-01	-1.746488e+00	-1.619991e+00	-1.264964e-01
5.370000e-01	-7.467580e-01	6.919997e-01	-1.746503e+00	-1.620009e+00	-1.264935e-01
5.380000e-01	-7.467575e-01	6.919983e-01	-1.746494e+00	-1.620005e+00	-1.264895e-01
5.390000e-01	-7.467775e-01	6.920208e-01	-1.746524e+00	-1.620040e+00	-1.264844e-01
5.400000e-01	-7.467712e-01	6.920128e-01	-1.746513e+00	-1.620028e+00	-1.264854e-01
5.410000e-01	-7.467729e-01	6.920163e-01	-1.746519e+00	-1.620032e+00	-1.264866e-01
5.420000e-01	-7.467541e-01	6.919946e-01	-1.746489e+00	-1.619999e+00	-1.264905e-01
5.430000e-01	-7.467538e-01	6.919959e-01	-1.746487e+00	-1.619997e+00	-1.264900e-01
5.440000e-01	-7.467482e-01	6.919890e-01	-1.746476e+00	-1.619986e+00	-1.264900e-01
5.450000e-01	-7.467607e-01	6.920042e-01	-1.746499e+00	-1.620010e+00	-1.264890e-01
5.460000e-01	-7.467507e-01	6.919918e-01	-1.746482e+00	-1.619992e+00	-1.264902e-01
5.470000e-01	-7.467641e-01	6.920069e-01	-1.746505e+00	-1.620016e+00	-1.264882e-01
5.480000e-01	-7.467553e-01	6.919956e-01	-1.746493e+00	-1.620002e+00	-1.264911e-01
5.490000e-01	-7.467633e-01	6.920063e-01	-1.746503e+00	-1.620015e+00	-1.264881e-01
5.500000e-01	-7.467569e-01	6.919986e-01	-1.746489e+00	-1.620001e+00	-1.264874e-01
5.510000e-01	-7.467613e-01	6.920045e-01	-1.746504e+00	-1.620013e+00	-1.264905e-01
5.520000e-01	-7.467499e-01	6.919917e-01	-1.746481e+00	-1.619990e+00	-1.264906e-01
5.530000e-01	-7.467612e-01	6.920059e-01	-1.746495e+00	-1.620009e+00	-1.264864e-01
5.540000e-01	-7.467521e-01	6.919940e-01	-1.746481e+00	-1.619993e+00	-1.264886e-01
5.550000e-01	-7.467530e-01	6.919963e-01	-1.746486e+00	-1.619996e+00	-1.264902e-01
5.560000e-01	-7.467467e-01	6.919883e-01	-1.746471e+00	-1.619982e+00	-1.264890e-01
5.570000e-01	-7.467601e-01	6.920036e-01	-1.746499e+00	-1.620010e+00	-1.264894e-01
5.580000e-01	-7.467478e-01	6.919885e-01	-1.746483e+00	-1.619989e+00	-1.264935e-01
5.590000e-01	-7.467544e-01	6.919970e-01	-1.746491e+00	-1.620000e+00	-1.264911e-01
5.600000e-01	-7.467553e-01	6.919976e-01	-1.746488e+00	-1.619999e+00	-1.264889e-01
5.610000e-01	-7.467681e-01	6.920139e-01	-1.746502e+00	-1.620019e+00	-1.264830e-01
5.620000e-01	-7.467598e-01	6.920041e-01	-1.746487e+00	-1.620003e+00	-1.264836e-01
5.630000e-01	-7.467516e-01	6.919964e-01	-1.746482e+00	-1.619993e+00	-1.264894e-01
5.640000e-01	-7.467380e-01	6.919800e-01	-1.746463e+00	-1.619969e+00	-1.264933e-01
5.650000e-01	-7.467518e-01	6.919962e-01	-1.746484e+00	-1.619994e+00	-1.264904e-01
5.660000e-01	-7.467502e-01	6.919919e-01	-1.746483e+00	-1.619991e+00	-1.264911e-01
5.670000e-01	-7.467605e-01	6.920036e-01	-1.746502e+00	-1.620012e+00	-1.264906e-01
5.680000e-01	-7.467561e-01	6.919971e-01	-1.746495e+00	-1.620003e+00	-1.264912e-01
5.690000e-01	-7.467586e-01	6.920005e-01	-1.746503e+00	-1.620010e+00	-1.264929e-01
5.700000e-01	-7.467531e-01	6.919944e-01	-1.746488e+00	-1.619997e+00	-1.264907e-01
5.710000e-01	-7.467639e-01	6.920087e-01	-1.746500e+00	-1.620014e+00	-1.264859e-01
5.720000e-01	-7.467517e-01	6.919952e-01	-1.746480e+00	-1.619992e+00	-1.264885e-01
5.730000e-01	-7.467491e-01	6.919950e-01	-1.746476e+00	-1.619987e+00	-1.264891e-01
5.740000e-01	-7.467399e-01	6.919830e-01	-1.746462e+00	-1.619971e+00	-1.264910e-01
5.750000e-01	-7.467549e-01	6.919999e-01	-1.746492e+00	-1.620001e+00	-1.264910e-01
5.760000e-01	-7.467549e-01	6.919987e-01	-1.746488e+00	-1.619999e+00	-1.264892e-01
5.770000e-01	-7.467584e-01	6.920036e-01	-1.746494e+00	-1.620005e+00	-1.264887e-01
5.780000e-01	-7.467497e-01	6.919920e-01	-1.746481e+00	-1.619990e+00	-1.264910e-01
5.790000e-01	-7.467523e-01	6.919953e-01	-1.746490e+00	-1.619997e+00	-1.264927e-01
5.800000e-01	-7.467476e-01	6.919889e-01	-1.746478e+00	-1.619987e+00	-1.264915e-01
5.810000e-01	-7.467581e-01	6.920020e-01	-1.746496e+00	-1.620006e+00	-1.264899e-01
5.820000e-01	-7.467494e-01	6.919931e-01	-1.746478e+00	-1.619988e+00	-1.264894e-01
5.830000e-01	-7.467583e-01	6.920052e-01	-1.746494e+00	-1.620005e+00	-1.264885e-01
5.840000e-01	-7.467540e-01	6.919993e-01	-1.746482e+00	-1.619995e+00	-1.264868e-01
5.850000e-01	-7.467584e-01	6.920057e-01	-1.746491e+00	-1.620004e+00	-1.264871e-01
5.860000e-01	-7.467484e-01	6.919930e-01	-1.746473e+00	-1.619985e+00	-1.264881e-01
5.870000e-01	-7.467584e-01	6.920044e-01	-1.746496e+00	-1.620006e+00	-1.264895e-01
5.880000e-01	-7.467537e-01	6.919981e-01	-1.746487e+00	-1.619997e+00	-1.264898e-01
5.890000e-01	-7.467608e-01	6.920065e-01	-1.746503e+00	-1.620012e+00	-1.264905e-01
5.900000e-01	-7.467518e-01	6.919956e-01	-1.746486e+00	-1.619995e+00	-1.264910e-01
5.910000e-01	-7.467605e-01	6.920071e-01	-1.746499e+00	-1.620010e+00	-1.264892e-01
5.920000e-01	-7.467525e-01	6.919993e-01	-1.746482e+00	-1.619994e+00	-1.264886e-01
5.930000e-01	-7.467634e-01	6.920125e-01	-1.746505e+00	-1.620016e+00	-1.264890e-01
5.940000e-01	-7.467541e-01	6.920011e-01	-1.746486e+00	-1.619997e+00	-1.264888e-01
5.950000e-01	-7.467660e-01	6.920137e-01	-1.746509e+00	-1.620021e+00	-1.264887e-01
5.960000e-01	-7.467628e-01	6.920098e-01	-1.746498e+00	-1.620012e+00	-1.264861e-01
5.970000e-01	-7.467719e-01	6.920211e-01	-1.746512e+00	-1.620028e+00	-1.264839e-01
5.980000e-01	-7.467577e-01	6.920047e-01	-1.746487e+00	-1.620001e+00	-1.264858e-01
5.990000e-01	-7.467634e-01	6.920113e-01	-1.746503e+00	-1.620015e+00	-1.264882e-01
6.000000e-01	-7.467524e-01	6.920001e-01	-1.746480e+00	-1.619992e+00	-1.264875e-01
6.010000e-01	-7.467571e-01	6.920069e-01	-1.746486e+00	-1.620000e+00	-1.264859e-01
6.020000e-01	-7.467507e-01	6.919998e-01	-1.746473e+00	-1.619987e+00	-1.264858e-01
6.030000e-01	-7.467638e-01	6.920149e-01	-1.746492e+00	-1.620010e+00	-1.264823e-01
6.040000e-01	-7.467591e-01	6.920086e-01	-1.746481e+00	-1.620000e+00	-1.264814e-01
6.050000e-01	-7.467686e-01	6.920197e-01	-1.746503e+00	-1.620020e+00	-1.264827e-01
6.060000e-01	-7.467600e-01	6.920097e-01	-1.746488e+00	-1.620004e+00	-1.264838e-01
6.070000e-01	-7.467633e-01	6.920132e-01	-1.746501e+00	-1.620014e+00	-1.264872e-01
6.080000e-01	-7.467542e-01	6.920027e-01	-1.746484e+00	-1.619996e+00	-1.264880e-01
6.090000e-01	-7.467578e-01	6.920090e-01	-1.746489e+00	-1.620002e+00	-1.264866e-01
6.100000e-01	-7.467519e-01	6.920030e-01	-1.746471e+00	-1.619988e+00	-1.264838e-01
6.110000e-01	-7.467651e-01	6.920191e-01	-1.746491e+00	-1.620011e+00	-1.264804e-01
6.120000e-01	-7.467562e-01	6.920096e-01	-1.746472e+00	-1.619992e+00	-1.264798e-01
6.130000e-01	-7.467611e-01	6.920161e-01	-1.746481e+00	-1.620002e+00	-1.264795e-01
6.140000e-01	-7.467527e-01	6.920057e-01	-1.746466e+00	-1.619986e+00	-1.264805e-01
6.150000e-01	-7.467668e-01	6.920219e-01	-1.746490e+00	-1.620012e+00	-1.264783e-01
6.160000e-01	-7.467675e-01	6.920218e-01	-1.746485e+00	-1.620010e+00	-1.264752e-01
6.170000e-01	-7.467747e-01	6.920306e-01	-1.746501e+00	-1.620025e+00	-1.264757e-01
6.180000e-01	-7.467567e-01	6.920107e-01	-1.746470e+00	-1.619992e+00	-1.264784e-01
6.190000e-01	-7.467547e-01	6.920094e-01	-1.746472e+00	-1.619991e+00	-1.264812e-01
6.200000e-01	-7.467485e-01	6.920028e-01	-1.746459e+00	-1.619978e+00	-1.264809e-01
6.210000e-01	-7.467606e-01	6.920180e-01	-1.746473e+00	-1.619997e+00	-1.264757e-01
6.220000e-01	-7.467558e-01	6.920126e-01	-1.746460e+00	-1.619986e+00	-1.264743e-01
6.230000e-01	-7.467612e-01	6.920186e-01	-1.746476e+00	-1.619999e+00	-1.264768e-01
6.240000e-01	-7.467519e-01	6.920077e-01	-1.746461e+00	-1.619983e+00	-1.264788e-01
6.250000e-01	-7.467663e-01	6.920232e-01	-1.746488e+00	-1.620010e+00	-1.264775e-01
6.260000e-01	-7.467704e-01	6.920254e-01	-1.746492e+00	-1.620017e+00	-1.264758e-01
6.270000e-01	-7.467811e-01	6.920380e-01	-1.746509e+00	-1.620036e+00	-1.264732e-01
6.280000e-01	-7.467689e-01	6.920253e-01	-1.746486e+00	-1.620012e+00	-1.264741e-01
6.290000e-01	-7.467685e-01	6.920260e-01	-1.746491e+00	-1.620014e+00	-1.264770e-01
6.300000e-01	-7.467604e-01	6.920169e-01	-1.746473e+00	-1.619997e+00	-1.264759e-01
6.310000e-01	-7.467696e-01	6.920279e-01	-1.746487e+00	-1.620013e+00	-1.264737e-01
6.320000e-01	-7.467590e-01	6.920163e-01	-1.746468e+00	-1.619993e+00	-1.264750e-01
6.330000e-01	-7.467655e-01	6.920242e-01	-1.746479e+00	-1.620005e+00	-1.264739e-01
6.340000e-01	-7.467594e-01	6.920165e-01	-1.746464e+00	-1.619991e+00	-1.264725e-01
6.350000e-01	-7.467748e-01	6.920334e-01	-1.746492e+00	-1.620021e+00	-1.264711e-01
6.360000e-01	-7.467732e-01	6.920306e-01	-1.746488e+00	-1.620017e+00	-1.264705e-01
6.370000e-01	-7.467773e-01	6.920360e-01	-1.746496e+00	-1.620025e+00	-1.264709e-01
6.380000e-01	-7.467687e-01	6.920264e-01	-1.746481e+00	-1.620009e+00	-1.264717e-01
6.390000e-01	-7.467703e-01	6.920290e-01	-1.746487e+00	-1.620014e+00	-1.264731e-01
6.400000e-01	-7.467653e-01	6.920234e-01	-1.746476e+00	-1.620003e+00	-1.264725e-01
6.410000e-01	-7.467670e-01	6.920264e-01	-1.746481e+00	-1.620008e+00	-1.264735e-01
6.420000e-01	-7.467543e-01	6.920126e-01	-1.746458e+00	-1.619983e+00	-1.264747e-01
6.430000e-01	-7.467645e-01	6.920246e-01	-1.746474e+00	-1.620001e+00	-1.264724e-01
6.440000e-01	-7.467693e-01	6.920285e-01	-1.746481e+00	-1.620010e+00	-1.264712e-01
6.450000e-01	-7.467815e-01	6.920419e-01	-1.746503e+00	-1.620033e+00	-1.264698e-01
6.460000e-01	-7.467785e-01	6.920384e-01	-1.746493e+00	-1.620025e+00	-1.264680e-01
6.470000e-01	-7.467890e-01	6.920499e-01	-1.746511e+00	-1.620045e+00	-1.264667e-01
6.480000e-01	-7.467806e-01	6.920400e-01	-1.746498e+00	-1.620030e+00	-1.264685e-01
6.490000e-01	-7.467831e-01	6.920430e-01	-1.746502e+00	-1.620034e+00	-1.264677e-01
6.500000e-01	-7.467704e-01	6.920281e-01	-1.746481e+00	-1.620011e+00	-1.264703e-01
6.510000e-01	-7.467695e-01	6.920272e-01	-1.746486e+00	-1.620013e+00	-1.264735e-01
6.520000e-01	-7.467666e-01	6.920245e-01	-1.746480e+00	-1.620006e+00	-1.264732e-01
6.530000e-01	-7.467752e-01	6.920358e-01	-1.746494e+00	-1.620022e+00	-1.264718e-01
6.540000e-01	-7.467674e-01	6.920273e-01	-1.746477e+00	-1.620006e+00	-1.264710e-01
6.550000e-01	-7.467800e-01	6.920418e-01	-1.746496e+00	-1.620028e+00	-1.264681e-01
6.560000e-01	-7.467768e-01	6.920375e-01	-1.746491e+00	-1.620022e+00	-1.264687e-01
6.570000e-01	-7.467883e-01	6.920504e-01	-1.746509e+00	-1.620043e+00	-1.264662e-01
6.580000e-01	-7.467792e-01	6.920383e-01	-1.746497e+00	-1.620028e+00	-1.264692e-01
6.590000e-01	-7.467843e-01	6.920431e-01	-1.746509e+00	-1.620039e+00	-1.264699e-01
6.600000e-01	-7.467785e-01	6.920364e-01	-1.746497e+00	-1.620027e+00	-1.264700e-01
6.610000e-01	-7.467888e-01	6.920487e-01	-1.746513e+00	-1.620045e+00	-1.264676e-01
6.620000e-01	-7.467872e-01	6.920468e-01	-1.746507e+00	-1.620041e+00	-1.264662e-01
6.630000e-01	-7.467911e-01	6.920522e-01	-1.746515e+00	-1.620049e+00	-1.264666e-01
6.640000e-01	-7.467808e-01	6.920406e-01	-1.746502e+00	-1.620032e+00	-1.264703e-01
6.650000e-01	-7.467833e-01	6.920443e-01	-1.746511e+00	-1.620039e+00	-1.264723e-01
6.660000e-01	-7.467782e-01	6.920382e-01	-1.746497e+00	-1.620027e+00	-1.264702e-01
6.670000e-01	-7.467805e-01	6.920407e-01	-1.746505e+00	-1.620033e+00	-1.264721e-01
6.680000e-01	-7.467704e-01	6.920295e-01	-1.746487e+00	-1.620014e+00	-1.264732e-01
6.690000e-01	-7.467748e-01	6.920351e-01	-1.746494e+00	-1.620022e+00	-1.264720e-01
6.700000e-01	-7.467789e-01	6.920379e-01	-1.746494e+00	-1.620026e+00	-1.264678e-01
6.710000e-01	-7.467970e-01	6.920570e-01	-1.746523e+00	-1.620059e+00	-1.264647e-01
6.720000e-01	-7.467973e-01	6.920572e-01	-1.746521e+00	-1.620058e+00	-1.264634e-01
6.730000e-01	-7.467982e-01	6.920586e-01	-1.746528e+00	-1.620062e+00	-1.264661e-01
6.740000e-01	-7.467857e-01	6.920439e-01	-1.746510e+00	-1.620041e+00	-1.264692e-01
6.750000e-01	-7.467889e-01	6.920489e-01	-1.746518e+00	-1.620048e+00	-1.264701e-01
6.760000e-01	-7.467829e-01	6.920429e-01	-1.746506e+00	-1.620036e+00	-1.264699e-01
6.770000e-01	-7.467919e-01	6.920532e-01	-1.746523e+00	-1.620054e+00	-1.264697e-01
6.780000e-01	-7.467821e-01	6.920409e-01	-1.746507e+00	-1.620036e+00	-1.264716e-01
6.790000e-01	-7.467892e-01	6.920489e-01	-1.746520e+00	-1.620049e+00	-1.264710e-01
6.800000e-01	-7.467891e-01	6.920484e-01	-1.746516e+00	-1.620047e+00	-1.264688e-01
6.810000e-01	-7.468018e-01	6.920629e-01	-1.746532e+00	-1.620068e+00	-1.264643e-01
6.820000e-01	-7.467946e-01	6.920539e-01	-1.746520e+00	-1.620055e+00	-1.264655e-01
6.830000e-01	-7.467955e-01	6.920542e-01	-1.746528e+00	-1.620059e+00	-1.264685e-01
6.840000e-01	-7.467834e-01	6.920410e-01	-1.746507e+00	-1.620037e+00	-1.264702e-01
6.850000e-01	-7.467938e-01	6.920540e-01	-1.746524e+00	-1.620056e+00	-1.264683e-01
6.860000e-01	-7.467890e-01	6.920483e-01	-1.746516e+00	-1.620047e+00	-1.264691e-01
6.870000e-01	-7.467933e-01	6.920543e-01	-1.746526e+00	-1.620056e+00	-1.264698e-01
6.880000e-01	-7.467885e-01	6.920488e-01	-1.746517e+00	-1.620047e+00	-1.264698e-01
6.890000e-01	-7.467932e-01	6.920539e-01	-1.746528e+00	-1.620057e+00	-1.264707e-01
6.900000e-01	-7.467896e-01	6.920484e-01	-1.746520e+00	-1.620050e+00	-1.264706e-01
6.910000e-01	-7.467986e-01	6.920575e-01	-1.746534e+00	-1.620065e+00	-1.264683e-01
6.920000e-01	-7.467913e-01	6.920485e-01	-1.746524e+00	-1.620053e+00	-1.264709e-01
6.930000e-01	-7.467949e-01	6.920538e-01	-1.746531e+00	-1.620060e+00	-1.264706e-01
6.940000e-01	-7.467935e-01	6.920523e-01	-1.746523e+00	-1.620055e+00	-1.264681e-01
6.950000e-01	-7.468089e-01	6.920701e-01	-1.746551e+00	-1.620085e+00	-1.264667e-01
6.960000e-01	-7.468009e-01	6.920622e-01	-1.746531e+00	-1.620067e+00	-1.264648e-01
6.970000e-01	-7.468019e-01	6.920646e-01	-1.746536e+00	-1.620070e+00	-1.264661e-01
6.980000e-01	-7.467912e-01	6.920505e-01	-1.746521e+00	-1.620052e+00	-1.264695e-01
6.990000e-01	-7.467940e-01	6.920518e-01	-1.746532e+00	-1.620060e+00	-1.264719e-01
7.000000e-01	-7.467916e-01	6.920480e-01	-1.746525e+00	-1.620054e+00	-1.264707e-01
7.010000e-01	-7.468075e-01	6.920664e-01	-1.746548e+00	-1.620082e+00	-1.264665e-01
7.020000e-01	-7.468016e-01	6.920605e-01	-1.746535e+00	-1.620069e+00	-1.264661e-01
7.030000e-01	-7.468051e-01	6.920655e-01	-1.746542e+00	-1.620076e+00	-1.264660e-01
7.040000e-01	-7.467961e-01	6.920557e-01	-1.746528e+00	-1.620060e+00	-1.264678e-01
7.050000e-01	-7.468042e-01	6.920650e-01	-1.746543e+00	-1.620076e+00	-1.264675e-01
7.060000e-01	-7.467933e-01	6.920525e-01	-1.746524e+00	-1.620055e+00	-1.264688e-01
7.070000e-01	-7.468001e-01	6.920597e-01	-1.746542e+00	-1.620071e+00	-1.264710e-01
7.080000e-01	-7.467985e-01	6.920568e-01	-1.746536e+00	-1.620066e+00	-1.264695e-01
7.090000e-01	-7.468078e-01	6.920670e-01	-1.746553e+00	-1.620084e+00	-1.264685e-01
7.100000e-01	-7.468091e-01	6.920675e-01	-1.746549e+00	-1.620084e+00	-1.264653e-01
7.110000e-01	-7.468146e-01	6.920737e-01	-1.746557e+00	-1.620093e+00	-1.264640e-01
7.120000e-01	-7.468055e-01	6.920642e-01	-1.746539e+00	-1.620075e+00	-1.264639e-01
7.130000e-01	-7.468103e-01	6.920703e-01	-1.746553e+00	-1.620087e+00	-1.264661e-01
7.140000e-01	-7.468037e-01	6.920623e-01	-1.746541e+00	-1.620074e+00	-1.264671e-01
7.150000e-01	-7.468049e-01	6.920647e-01	-1.746547e+00	-1.620078e+00	-1.264684e-01
7.160000e-01	-7.467982e-01	6.920575e-01	-1.746534e+00	-1.620065e+00	-1.264690e-01
7.170000e-01	-7.468069e-01	6.920679e-01	-1.746548e+00	-1.620081e+00	-1.264669e-01
7.180000e-01	-7.468081e-01	6.920675e-01	-1.746544e+00	-1.620080e+00	-1.264640e-01
7.190000e-01	-7.468157e-01	6.920745e-01	-1.746563e+00	-1.620097e+00	-1.264657e-01
7.200000e-01	-7.468131e-01	6.920712e-01	-1.746557e+00	-1.620092e+00	-1.264654e-01
7.210000e-01	-7.468229e-01	6.920821e-01	-1.746575e+00	-1.620111e+00	-1.264647e-01
7.220000e-01	-7.468172e-01	6.920754e-01	-1.746563e+00	-1.620099e+00	-1.264644e-01
7.230000e-01	-7.468112e-01	6.920692e-01	-1.746557e+00	-1.620090e+00	-1.264676e-01
7.240000e-01	-7.467999e-01	6.920574e-01	-1.746538e+00	-1.620069e+00	-1.264693e-01
7.250000e-01	-7.468027e-01	6.920615e-01	-1.746549e+00	-1.620077e+00	-1.264718e-01
7.260000e-01	-7.467983e-01	6.920568e-01	-1.746537e+00	-1.620067e+00	-1.264702e-01
7.270000e-01	-7.468070e-01	6.920667e-01	-1.746552e+00	-1.620083e+00	-1.264690e-01
7.280000e-01	-7.468066e-01	6.920651e-01	-1.746548e+00	-1.620081e+00	-1.264674e-01
7.290000e-01	-7.468161e-01	6.920752e-01	-1.746564e+00	-1.620098e+00	-1.264660e-01
7.300000e-01	-7.468119e-01	6.920694e-01	-1.746555e+00	-1.620090e+00	-1.264658e-01
7.310000e-01	-7.468247e-01	6.920831e-01	-1.746578e+00	-1.620114e+00	-1.264643e-01
7.320000e-01	-7.468207e-01	6.920792e-01	-1.746567e+00	-1.620104e+00	-1.264628e-01
7.330000e-01	-7.468236e-01	6.920834e-01	-1.746575e+00	-1.620111e+00	-1.264641e-01
7.340000e-01	-7.468048e-01	6.920632e-01	-1.746543e+00	-1.620076e+00	-1.264665e-01
7.350000e-01	-7.468042e-01	6.920633e-01	-1.746548e+00	-1.620078e+00	-1.264699e-01
7.360000e-01	-7.468007e-01	6.920591e-01	-1.746539e+00	-1.620070e+00	-1.264690e-01
7.370000e-01	-7.468111e-01	6.920708e-01	-1.746563e+00	-1.620092e+00	-1.264704e-01
7.380000e-01	-7.468087e-01	6.920672e-01	-1.746555e+00	-1.620086e+00	-1.264686e-01
7.390000e-01	-7.468199e-01	6.920790e-01	-1.746573e+00	-1.620106e+00	-1.264663e-01
7.400000e-01	-7.468156e-01	6.920729e-01	-1.746559e+00	-1.620095e+00	-1.264639e-01
7.410000e-01	-7.468203e-01	6.920776e-01	-1.746570e+00	-1.620105e+00	-1.264644e-01
7.420000e-01	-7.468123e-01	6.920685e-01	-1.746557e+00	-1.620091e+00	-1.264661e-01
7.430000e-01	-7.468178e-01	6.920753e-01	-1.746573e+00	-1.620104e+00	-1.264688e-01
7.440000e-01	-7.468146e-01	6.920732e-01	-1.746563e+00	-1.620096e+00	-1.264669e-01
7.450000e-01	-7.468201e-01	6.920810e-01	-1.746572e+00	-1.620106e+00	-1.264658e-01
7.460000e-01	-7.468102e-01	6.920693e-01	-1.746557e+00	-1.620088e+00	-1.264682e-01
7.470000e-01	-7.468094e-01	6.920685e-01	-1.746562e+00	-1.620090e+00	-1.264714e-01
7.480000e-01	-7.468091e-01	6.920672e-01	-1.746555e+00	-1.620087e+00	-1.264685e-01
7.490000e-01	-7.468223e-01	6.920813e-01	-1.746572e+00	-1.620109e+00	-1.264639e-01
7.500000e-01	-7.468202e-01	6.920780e-01	-1.746564e+00	-1.620102e+00	-1.264619e-01
7.510000e-01	-7.468249e-01	6.920824e-01	-1.746579e+00	-1.620114e+00	-1.264645e-01
7.520000e-01	-7.468228e-01	6.920799e-01	-1.746577e+00	-1.620111e+00	-1.264659e-01
7.530000e-01	-7.468222e-01	6.920795e-01	-1.746578e+00	-1.620111e+00	-1.264669e-01
7.540000e-01	-7.468082e-01	6.920646e-01	-1.746551e+00	-1.620084e+00	-1.264675e-01
7.550000e-01	-7.468095e-01	6.920676e-01	-1.746559e+00	-1.620089e+00	-1.264701e-01
7.560000e-01	-7.468071e-01	6.920657e-01	-1.746552e+00	-1.620083e+00	-1.264691e-01
7.570000e-01	-7.468179e-01	6.920777e-01	-1.746573e+00	-1.620105e+00	-1.264688e-01
7.580000e-01	-7.468084e-01	6.920655e-01	-1.746557e+00	-1.620087e+00	-1.264703e-01
7.590000e-01	-7.468120e-01	6.920694e-01	-1.746564e+00	-1.620094e+00	-1.264701e-01
7.600000e-01	-7.468130e-01	6.920702e-01	-1.746560e+00	-1.620093e+00	-1.264669e-01
7.610000e-01	-7.468299e-01	6.920891e-01	-1.746588e+00	-1.620124e+00	-1.264639e-01
7.620000e-01	-7.468280e-01	6.920864e-01	-1.746581e+00	-1.620118e+00	-1.264624e-01
7.630000e-01	-7.468302e-01	6.920883e-01	-1.746589e+00	-1.620124e+00	-1.264641e-01
7.640000e-01	-7.468234e-01	6.920799e-01	-1.746580e+00	-1.620113e+00	-1.264664e-01
7.650000e-01	-7.468228e-01	6.920800e-01	-1.746584e+00	-1.620115e+00	-1.264690e-01
7.660000e-01	-7.468189e-01	6.920758e-01	-1.746572e+00	-1.620105e+00	-1.264669e-01
7.670000e-01	-7.468253e-01	6.920843e-01	-1.746582e+00	-1.620116e+00	-1.264658e-01
7.680000e-01	-7.468166e-01	6.920747e-01	-1.746563e+00	-1.620098e+00	-1.264651e-01
7.690000e-01	-7.468192e-01	6.920775e-01	-1.746574e+00	-1.620106e+00	-1.264678e-01
7.700000e-01	-7.468091e-01	6.920654e-01	-1.746560e+00	-1.620089e+00	-1.264709e-01
7.710000e-01	-7.468173e-01	6.920750e-01	-1.746572e+00	-1.620103e+00	-1.264686e-01
7.720000e-01	-7.468156e-01	6.920732e-01	-1.746565e+00	-1.620098e+00	-1.264671e-01
7.730000e-01	-7.468245e-01	6.920828e-01	-1.746584e+00	-1.620117e+00	-1.264675e-01
7.740000e-01	-7.468202e-01	6.920773e-01	-1.746572e+00	-1.620106e+00	-1.264657e-01
7.750000e-01	-7.468231e-01	6.920806e-01	-1.746579e+00	-1.620113e+00	-1.264666e-01
7.760000e-01	-7.468229e-01	6.920804e-01	-1.746575e+00	-1.620110e+00	-1.264646e-01
7.770000e-01	-7.468334e-01	6.920927e-01	-1.746593e+00	-1.620130e+00	-1.264632e-01
7.780000e-01	-7.468266e-01	6.920840e-01	-1.746582e+00	-1.620118e+00	-1.264644e-01
7.790000e-01	-7.468239e-01	6.920810e-01	-1.746585e+00	-1.620116e+00	-1.264685e-01
7.800000e-01	-7.468122e-01	6.920688e-01	-1.746565e+00	-1.620095e+00	-1.264705e-01
7.810000e-01	-7.468161e-01	6.920736e-01	-1.746574e+00	-1.620103e+00	-1.264710e-01
7.820000e-01	-7.468157e-01	6.920728e-01	-1.746568e+00	-1.620100e+00	-1.264686e-01
7.830000e-01	-7.468247e-01	6.920833e-01	-1.746583e+00	-1.620116e+00	-1.264670e-01
7.840000e-01	-7.468195e-01	6.920776e-01	-1.746572e+00	-1.620105e+00	-1.264664e-01
7.850000e-01	-7.468270e-01	6.920860e-01	-1.746586e+00	-1.620120e+00	-1.264658e-01
7.860000e-01	-7.468170e-01	6.920732e-01	-1.746569e+00	-1.620102e+00	-1.264677e-01
7.870000e-01	-7.468173e-01	6.920729e-01	-1.746577e+00	-1.620106e+00	-1.264713e-01
7.880000e-01	-7.468183e-01	6.920738e-01	-1.746573e+00	-1.620105e+00	-1.264682e-01
7.890000e-01	-7.468254e-01	6.920831e-01	-1.746582e+00	-1.620117e+00	-1.264658e-01
7.900000e-01	-7.468195e-01	6.920765e-01	-1.746573e+00	-1.620106e+00	-1.264669e-01
7.910000e-01	-7.468254e-01	6.920836e-01	-1.746586e+00	-1.620118e+00	-1.264674e-01
7.920000e-01	-7.468225e-01	6.920803e-01	-1.746580e+00	-1.620112e+00	-1.264672e-01
7.930000e-01	-7.468238e-01	6.920821e-01	-1.746585e+00	-1.620116e+00	-1.264688e-01
7.940000e-01	-7.468124e-01	6.920687e-01	-1.746564e+00	-1.620094e+00	-1.264694e-01
7.950000e-01	-7.468206e-01	6.920781e-01	-1.746578e+00	-1.620110e+00	-1.264685e-01
7.960000e-01	-7.468217e-01	6.920786e-01	-1.746573e+00	-1.620108e+00	-1.264650e-01
7.970000e-01	-7.468273e-01	6.920850e-01	-1.746586e+00	-1.620120e+00	-1.264658e-01
7.980000e-01	-7.468217e-01	6.920784e-01	-1.746576e+00	-1.620110e+00	-1.264665e-01
7.990000e-01	-7.468258e-01	6.920833e-01	-1.746587e+00	-1.620119e+00	-1.264675e-01
8.000000e-01	-7.468228e-01	6.920795e-01	-1.746580e+00	-1.620113e+00	-1.264672e-01
8.010000e-01	-7.468296e-01	6.920879e-01	-1.746591e+00	-1.620125e+00	-1.264659e-01
8.020000e-01	-7.468230e-01	6.920806e-01	-1.746577e+00	-1.620112e+00	-1.264657e-01
8.030000e-01	-7.468202e-01	6.920778e-01	-1.746579e+00	-1.620110e+00	-1.264691e-01
8.040000e-01	-7.468173e-01	6.920737e-01	-1.746571e+00	-1.620103e+00	-1.264684e-01
8.050000e-01	-7.468178e-01	6.920745e-01	-1.746577e+00	-1.620106e+00	-1.264704e-01
8.060000e-01	-7.468088e-01	6.920642e-01	-1.746561e+00	-1.620089e+00	-1.264716e-01
8.070000e-01	-7.468149e-01	6.920721e-01	-1.746573e+00	-1.620101e+00	-1.264715e-01
8.080000e-01	-7.468202e-01	6.920770e-01	-1.746576e+00	-1.620108e+00	-1.264677e-01
8.090000e-01	-7.468339e-01	6.920921e-01	-1.746598e+00	-1.620133e+00	-1.264649e-01
8.100000e-01	-7.468329e-01	6.920901e-01	-1.746592e+00	-1.620129e+00	-1.264630e-01
8.110000e-01	-7.468312e-01	6.920882e-01	-1.746596e+00	-1.620129e+00	-1.264670e-01
8.120000e-01	-7.468181e-01	6.920737e-01	-1.746577e+00	-1.620107e+00	-1.264703e-01
8.130000e-01	-7.468207e-01	6.920779e-01	-1.746578e+00	-1.620110e+00	-1.264684e-01
8.140000e-01	-7.468181e-01	6.920749e-01	-1.746567e+00	-1.620102e+00	-1.264655e-01
8.150000e-01	-7.468263e-01	6.920846e-01	-1.746587e+00	-1.620120e+00	-1.264671e-01
8.160000e-01	-7.468206e-01	6.920783e-01	-1.746575e+00	-1.620108e+00	-1.264668e-01
8.170000e-01	-7.468264e-01	6.920848e-01	-1.746585e+00	-1.620119e+00	-1.264664e-01
8.180000e-01	-7.468210e-01	6.920771e-01	-1.746577e+00	-1.620110e+00	-1.264675e-01
8.190000e-01	-7.468232e-01	6.920798e-01	-1.746581e+00	-1.620114e+00	-1.264675e-01
8.200000e-01	-7.468258e-01	6.920816e-01	-1.746586e+00	-1.620119e+00	-1.264669e-01
8.210000e-01	-7.468317e-01	6.920881e-01	-1.746600e+00	-1.620131e+00	-1.264680e-01
8.220000e-01	-7.468190e-01	6.920747e-01	-1.746576e+00	-1.620107e+00	-1.264691e-01
8.230000e-01	-7.468181e-01	6.920751e-01	-1.746576e+00	-1.620106e+00	-1.264700e-01
8.240000e-01	-7.468169e-01	6.920739e-01	-1.746570e+00	-1.620102e+00	-1.264683e-01
8.250000e-01	-7.468231e-01	6.920819e-01	-1.746582e+00	-1.620114e+00	-1.264679e-01
8.260000e-01	-7.468160e-01	6.920732e-01	-1.746568e+00	-1.620100e+00	-1.264678e-01
8.270000e-01	-7.468166e-01	6.920736e-01	-1.746574e+00	-1.620103e+00	-1.264703e-01
8.280000e-01	-7.468146e-01	6.920702e-01	-1.746569e+00	-1.620099e+00	-1.264697e-01
8.290000e-01	-7.468273e-01	6.920845e-01	-1.746591e+00	-1.620123e+00	-1.264681e-01
8.300000e-01	-7.468287e-01	6.920862e-01	-1.746587e+00	-1.620122e+00	-1.264650e-01
8.310000e-01	-7.468341e-01	6.920928e-01	-1.746595e+00	-1.620132e+00	-1.264635e-01
8.320000e-01	-7.468258e-01	6.920830e-01	-1.746582e+00	-1.620117e+00	-1.264654e-01
8.330000e-01	-7.468220e-01	6.920786e-01	-1.746584e+00	-1.620114e+00	-1.264699e-01
8.340000e-01	-7.468100e-01	6.920654e-01	-1.746559e+00	-1.620089e+00	-1.264694e-01
8.350000e-01	-7.468126e-01	6.920691e-01	-1.746568e+00	-1.620097e+00	-1.264713e-01
8.360000e-01	-7.468155e-01	6.920721e-01	-1.746570e+00	-1.620101e+00	-1.264695e-01
8.370000e-01	-7.468225e-01	6.920804e-01	-1.746584e+00	-1.620115e+00	-1.264697e-01
8.380000e-01	-7.468127e-01	6.920683e-01	-1.746568e+00	-1.620097e+00	-1.264711e-01
8.390000e-01	-7.468164e-01	6.920726e-01	-1.746576e+00	-1.620105e+00	-1.264718e-01
8.400000e-01	-7.468217e-01	6.920784e-01	-1.746580e+00	-1.620112e+00	-1.264685e-01
8.410000e-01	-7.468310e-01	6.920886e-01	-1.746598e+00	-1.620130e+00	-1.264679e-01
8.420000e-01	-7.468263e-01	6.920833e-01	-1.746583e+00	-1.620118e+00	-1.264653e-01
8.430000e-01	-7.468263e-01	6.920841e-01	-1.746584e+00	-1.620118e+00	-1.264657e-01
8.440000e-01	-7.468184e-01	6.920746e-01	-1.746571e+00	-1.620104e+00	-1.264670e-01
8.450000e-01	-7.468217e-01	6.920794e-01	-1.746580e+00	-1.620112e+00	-1.264682e-01
8.460000e-01	-7.468154e-01	6.920718e-01	-1.746565e+00	-1.620098e+00	-1.264671e-01
8.470000e-01	-7.468216e-01	6.920786e-01	-1.746580e+00	-1.620112e+00	-1.264685e-01
8.480000e-01	-7.468218e-01	6.920775e-01	-1.746580e+00	-1.620112e+00	-1.264681e-01
8.490000e-01	-7.468226e-01	6.920795e-01	-1.746584e+00	-1.620115e+00	-1.264695e-01
8.500000e-01	-7.468139e-01	6.920696e-01	-1.746569e+00	-1.620098e+00	-1.264705e-01
8.510000e-01	-7.468280e-01	6.920860e-01	-1.746590e+00	-1.620123e+00	-1.264670e-01
8.520000e-01	-7.468312e-01	6.920896e-01	-1.746587e+00	-1.620125e+00	-1.264622e-01
8.530000e-01	-7.468291e-01	6.920876e-01	-1.746591e+00	-1.620124e+00	-1.264663e-01
8.540000e-01	-7.468174e-01	6.920743e-01	-1.746566e+00	-1.620101e+00	-1.264658e-01
8.550000e-01	-7.468137e-01	6.920706e-01	-1.746567e+00	-1.620097e+00	-1.264698e-01
8.560000e-01	-7.468131e-01	6.920689e-01	-1.746562e+00	-1.620094e+00	-1.264678e-01
8.570000e-01	-7.468243e-01	6.920816e-01	-1.746586e+00	-1.620117e+00	-1.264685e-01
8.580000e-01	-7.468195e-01	6.920751e-01	-1.746576e+00	-1.620108e+00	-1.264686e-01
8.590000e-01	-7.468241e-01	6.920806e-01	-1.746587e+00	-1.620118e+00	-1.264696e-01
8.600000e-01	-7.468273e-01	6.920832e-01	-1.746589e+00	-1.620122e+00	-1.264672e-01
8.610000e-01	-7.468335e-01	6.920910e-01	-1.746599e+00	-1.620133e+00	-1.264661e-01
8.620000e-01	-7.468181e-01	6.920745e-01	-1.746574e+00	-1.620105e+00	-1.264687e-01
8.630000e-01	-7.468143e-01	6.920717e-01	-1.746570e+00	-1.620099e+00	-1.264708e-01
8.640000e-01	-7.468111e-01	6.920683e-01	-1.746562e+00	-1.620092e+00	-1.264701e-01
8.650000e-01	-7.468228e-01	6.920825e-01	-1.746580e+00	-1.620113e+00	-1.264673e-01
8.660000e-01	-7.468250e-01	6.920832e-01	-1.746577e+00	-1.620113e+00	-1.264636e-01
8.670000e-01	-7.468290e-01	6.920866e-01	-1.746588e+00	-1.620123e+00	-1.264649e-01
8.680000e-01	-7.468202e-01	6.920752e-01	-1.746575e+00	-1.620108e+00	-1.264674e-01
8.690000e-01	-7.468252e-01	6.920806e-01	-1.746589e+00	-1.620120e+00	-1.264695e-01
8.700000e-01	-7.468257e-01	6.920812e-01	-1.746583e+00	-1.620117e+00	-1.264657e-01
8.710000e-01	-7.468265e-01	6.920834e-01	-1.746589e+00	-1.620121e+00	-1.264680e-01
8.720000e-01	-7.468164e-01	6.920733e-01	-1.746570e+00	-1.620101e+00	-1.264686e-01
8.730000e-01	-7.468148e-01	6.920734e-01	-1.746570e+00	-1.620100e+00	-1.264703e-01
8.740000e-01	-7.468068e-01	6.920639e-01	-1.746552e+00	-1.620083e+00	-1.264694e-01
8.750000e-01	-7.468099e-01	6.920679e-01	-1.746563e+00	-1.620091e+00	-1.264715e-01
8.760000e-01	-7.468125e-01	6.920703e-01	-1.746565e+00	-1.620095e+00	-1.264698e-01
8.770000e-01	-7.468286e-01	6.920879e-01	-1.746590e+00	-1.620124e+00	-1.264666e-01
8.780000e-01	-7.468291e-01	6.920863e-01	-1.746585e+00	-1.620121e+00	-1.264632e-01
8.790000e-01	-7.468303e-01	6.920874e-01	-1.746591e+00	-1.620126e+00	-1.264652e-01
8.800000e-01	-7.468240e-01	6.920791e-01	-1.746580e+00	-1.620114e+00	-1.264660e-01
8.810000e-01	-7.468329e-01	6.920897e-01	-1.746596e+00	-1.620131e+00	-1.264649e-01
8.820000e-01	-7.468231e-01	6.920797e-01	-1.746578e+00	-1.620112e+00	-1.264660e-01
8.830000e-01	-7.468214e-01	6.920793e-01	-1.746582e+00	-1.620112e+00	-1.264695e-01
8.840000e-01	-7.468139e-01	6.920710e-01	-1.746568e+00	-1.620098e+00	-1.264702e-01
8.850000e-01	-7.468167e-01	6.920755e-01	-1.746574e+00	-1.620104e+00	-1.264704e-01
8.860000e-01	-7.468047e-01	6.920615e-01	-1.746554e+00	-1.620081e+00	-1.264721e-01
8.870000e-01	-7.468167e-01	6.920747e-01	-1.746573e+00	-1.620103e+00	-1.264697e-01
8.880000e-01	-7.468165e-01	6.920734e-01	-1.746568e+00	-1.620101e+00	-1.264674e-01
8.890000e-01	-7.468200e-01	6.920768e-01	-1.746576e+00	-1.620108e+00	-1.264678e-01
8.900000e-01	-7.468228e-01	6.920786e-01	-1.746576e+00	-1.620111e+00	-1.264650e-01
8.910000e-01	-7.468344e-01	6.920916e-01	-1.746595e+00	-1.620132e+00	-1.264630e-01
8.920000e-01	-7.468287e-01	6.920855e-01	-1.746587e+00	-1.620122e+00	-1.264646e-01
8.930000e-01	-7.468294e-01	6.920880e-01	-1.746592e+00	-1.620125e+00	-1.264664e-01
8.940000e-01	-7.468153e-01	6.920721e-01	-1.746568e+00	-1.620099e+00	-1.264689e-01
8.950000e-01	-7.468154e-01	6.920729e-01	-1.746572e+00	-1.620102e+00	-1.264707e-01
8.960000e-01	-7.468095e-01	6.920664e-01	-1.746561e+00	-1.620090e+00	-1.264712e-01
8.970000e-01	-7.468142e-01	6.920728e-01	-1.746569e+00	-1.620099e+00	-1.264701e-01
8.980000e-01	-7.468106e-01	6.920672e-01	-1.746561e+00	-1.620091e+00	-1.264700e-01
8.990000e-01	-7.468184e-01	6.920752e-01	-1.746577e+00	-1.620107e+00	-1.264704e-01
9.000000e-01	-7.468207e-01	6.920774e-01	-1.746572e+00	-1.620107e+00	-1.264651e-01
9.010000e-01	-7.468295e-01	6.920877e-01	-1.746588e+00	-1.620123e+00	-1.264643e-01
9.020000e-01	-7.468233e-01	6.920796e-01	-1.746577e+00	-1.620112e+00	-1.264652e-01
9.030000e-01	-7.468233e-01	6.920812e-01	-1.746580e+00	-1.620113e+00	-1.264665e-01
9.040000e-01	-7.468087e-01	6.920650e-01	-1.746560e+00	-1.620089e+00	-1.264712e-01
9.050000e-01	-7.468131e-01	6.920708e-01	-1.746574e+00	-1.620100e+00	-1.264737e-01
9.060000e-01	-7.468094e-01	6.920667e-01	-1.746560e+00	-1.620090e+00	-1.264708e-01
9.070000e-01	-7.468150e-01	6.920733e-01	-1.746571e+00	-1.620100e+00	-1.264704e-01
9.080000e-01	-7.468143e-01	6.920711e-01	-1.746566e+00	-1.620097e+00	-1.264685e-01
9.090000e-01	-7.468198e-01	6.920776e-01	-1.746573e+00	-1.620106e+00	-1.264668e-01
9.100000e-01	-7.468156e-01	6.920726e-01	-1.746562e+00	-1.620097e+00	-1.264654e-01
9.110000e-01	-7.468239e-01	6.920816e-01	-1.746581e+00	-1.620114e+00	-1.264665e-01
9.120000e-01	-7.468242e-01	6.920812e-01	-1.746581e+00	-1.620115e+00	-1.264663e-01
9.130000e-01	-7.468300e-01	6.920884e-01	-1.746593e+00	-1.620126e+00	-1.264665e-01
9.140000e-01	-7.468205e-01	6.920784e-01	-1.746572e+00	-1.620106e+00	-1.264654e-01
9.150000e-01	-7.468245e-01	6.920844e-01	-1.746579e+00	-1.620114e+00	-1.264649e-01
9.160000e-01	-7.468132e-01	6.920708e-01	-1.746562e+00	-1.620094e+00	-1.264678e-01
9.170000e-01	-7.468113e-01	6.920687e-01	-1.746568e+00	-1.620095e+00	-1.264727e-01
9.180000e-01	-7.468054e-01	6.920614e-01	-1.746554e+00	-1.620082e+00	-1.264716e-01
9.190000e-01	-7.468126e-01	6.920697e-01	-1.746566e+00	-1.620096e+00	-1.264703e-01
9.200000e-01	-7.468174e-01	6.920742e-01	-1.746570e+00	-1.620103e+00	-1.264676e-01
9.210000e-01	-7.468288e-01	6.920873e-01	-1.746589e+00	-1.620123e+00	-1.264655e-01
9.220000e-01	-7.468238e-01	6.920808e-01	-1.746579e+00	-1.620113e+00	-1.264657e-01
9.230000e-01	-7.468242e-01	6.920817e-01	-1.746585e+00	-1.620117e+00	-1.264683e-01
9.240000e-01	-7.468200e-01	6.920769e-01	-1.746574e+00	-1.620107e+00	-1.264669e-01
9.250000e-01	-7.468266e-01	6.920858e-01	-1.746584e+00	-1.620119e+00	-1.264652e-01
9.260000e-01	-7.468244e-01	6.920832e-01	-1.746576e+00	-1.620112e+00	-1.264636e-01
9.270000e-01	-7.468188e-01	6.920778e-01	-1.746573e+00	-1.620105e+00	-1.264677e-01
9.280000e-01	-7.468087e-01	6.920649e-01	-1.746559e+00	-1.620088e+00	-1.264707e-01
9.290000e-01	-7.468136e-01	6.920708e-01	-1.746569e+00	-1.620098e+00	-1.264707e-01
9.300000e-01	-7.468162e-01	6.920732e-01	-1.746566e+00	-1.620099e+00	-1.264670e-01
9.310000e-01	-7.468305e-01	6.920884e-01	-1.746592e+00	-1.620127e+00	-1.264656e-01
9.320000e-01	-7.468346e-01	6.920924e-01	-1.746593e+00	-1.620131e+00	-1.264618e-01
9.330000e-01	-7.468345e-01	6.920936e-01	-1.746593e+00	-1.620131e+00	-1.264619e-01
9.340000e-01	-7.468123e-01	6.920692e-01	-1.746561e+00	-1.620093e+00	-1.264680e-01
9.350000e-01	-7.468093e-01	6.920662e-01	-1.746564e+00	-1.620091e+00	-1.264728e-01
9.360000e-01	-7.468060e-01	6.920616e-01	-1.746559e+00	-1.620086e+00	-1.264736e-01
9.370000e-01	-7.468144e-01	6.920721e-01	-1.746571e+00	-1.620100e+00	-1.264713e-01
9.380000e-01	-7.468155e-01	6.920731e-01	-1.746565e+00	-1.620098e+00	-1.264668e-01
9.390000e-01	-7.468248e-01	6.920836e-01	-1.746578e+00	-1.620114e+00	-1.264641e-01
9.400000e-01	-7.468264e-01	6.920843e-01	-1.746577e+00	-1.620115e+00	-1.264622e-01
9.410000e-01	-7.468290e-01	6.920872e-01	-1.746589e+00	-1.620123e+00	-1.264653e-01
9.420000e-01	-7.468225e-01	6.920793e-01	-1.746576e+00	-1.620111e+00	-1.264657e-01
9.430000e-01	-7.468235e-01	6.920807e-01	-1.746583e+00	-1.620115e+00	-1.264679e-01
9.440000e-01	-7.468190e-01	6.920760e-01	-1.746572e+00	-1.620105e+00	-1.264670e-01
9.450000e-01	-7.468203e-01	6.920793e-01	-1.746574e+00	-1.620107e+00	-1.264667e-01
9.460000e-01	-7.468188e-01	6.920768e-01	-1.746570e+00	-1.620104e+00	-1.264660e-01
9.470000e-01	-7.468254e-01	6.920838e-01	-1.746584e+00	-1.620118e+00	-1.264669e-01
9.480000e-01	-7.468191e-01	6.920765e-01	-1.746572e+00	-1.620105e+00	-1.264670e-01
9.490000e-01	-7.468211e-01	6.920786e-01	-1.746579e+00	-1.620111e+00	-1.264684e-01
9.500000e-01	-7.468246e-01	6.920810e-01	-1.746579e+00	-1.620114e+00	-1.264649e-01
9.510000e-01	-7.468251e-01	6.920817e-01	-1.746584e+00	-1.620117e+00	-1.264667e-01
9.520000e-01	-7.468135e-01	6.920690e-01	-1.746566e+00	-1.620096e+00	-1.264695e-01
9.530000e-01	-7.468123e-01	6.920695e-01	-1.746568e+00	-1.620096e+00	-1.264716e-01
9.540000e-01	-7.468108e-01	6.920683e-01	-1.746561e+00	-1.620091e+00	-1.264696e-01
9.550000e-01	-7.468294e-01	6.920897e-01	-1.746586e+00	-1.620123e+00	-1.264637e-01
9.560000e-01	-7.468299e-01	6.920898e-01	-1.746583e+00	-1.620121e+00	-1.264614e-01
9.570000e-01	-7.468307e-01	6.920911e-01	-1.746590e+00	-1.620126e+00	-1.264642e-01
9.580000e-01	-7.468180e-01	6.920752e-01	-1.746569e+00	-1.620103e+00	-1.264667e-01
9.590000e-01	-7.468176e-01	6.920737e-01	-1.746574e+00	-1.620105e+00	-1.264696e-01
9.600000e-01	-7.468224e-01	6.920785e-01	-1.746578e+00	-1.620111e+00	-1.264665e-01
9.610000e-01	-7.468394e-01	6.920978e-01	-1.746604e+00	-1.620141e+00	-1.264626e-01
9.620000e-01	-7.468308e-01	6.920888e-01	-1.746585e+00	-1.620123e+00	-1.264616e-01
9.630000e-01	-7.468213e-01	6.920797e-01	-1.746576e+00	-1.620109e+00	-1.264665e-01
9.640000e-01	-7.468080e-01	6.920641e-01	-1.746558e+00	-1.620087e+00	-1.264708e-01
9.650000e-01	-7.468167e-01	6.920744e-01	-1.746575e+00	-1.620104e+00	-1.264708e-01
9.660000e-01	-7.468131e-01	6.920704e-01	-1.746564e+00	-1.620095e+00	-1.264689e-01
9.670000e-01	-7.468188e-01	6.920773e-01	-1.746575e+00	-1.620106e+00	-1.264688e-01
9.680000e-01	-7.468139e-01	6.920706e-01	-1.746567e+00	-1.620097e+00	-1.264697e-01
9.690000e-01	-7.468184e-01	6.920763e-01	-1.746572e+00	-1.620104e+00	-1.264676e-01
9.700000e-01	-7.468153e-01	6.920721e-01	-1.746563e+00	-1.620097e+00	-1.264662e-01
9.710000e-01	-7.468292e-01	6.920879e-01	-1.746585e+00	-1.620122e+00	-1.264635e-01
9.720000e-01	-7.468335e-01	6.920922e-01	-1.746588e+00	-1.620127e+00	-1.264605e-01
9.730000e-01	-7.468329e-01	6.920920e-01	-1.746592e+00	-1.620129e+00	-1.264633e-01
9.740000e-01	-7.468234e-01	6.920812e-01	-1.746574e+00	-1.620110e+00	-1.264634e-01
9.750000e-01	-7.468162e-01	6.920745e-01	-1.746568e+00	-1.620100e+00	-1.264677e-01
9.760000e-01	-7.468114e-01	6.920678e-01	-1.746561e+00	-1.620092e+00	-1.264693e-01
9.770000e-01	-7.468183e-01	6.920761e-01	-1.746577e+00	-1.620107e+00	-1.264704e-01
9.780000e-01	-7.468136e-01	6.920702e-01	-1.746565e+00	-1.620096e+00	-1.264691e-01
9.790000e-01	-7.468183e-01	6.920762e-01	-1.746573e+00	-1.620105e+00	-1.264684e-01
9.800000e-01	-7.468220e-01	6.920799e-01	-1.746572e+00	-1.620108e+00	-1.264641e-01
9.810000e-01	-7.468240e-01	6.920828e-01	-1.746577e+00	-1.620112e+00	-1.264645e-01
9.820000e-01	-7.468187e-01	6.920757e-01	-1.746572e+00	-1.620105e+00	-1.264674e-01
9.830000e-01	-7.468241e-01	6.920815e-01	-1.746585e+00	-1.620117e+00	-1.264685e-01
9.840000e-01	-7.468194e-01	6.920767e-01	-1.746572e+00	-1.620106e+00	-1.264668e-01
9.850000e-01	-7.468252e-01	6.920851e-01	-1.746579e+00	-1.620115e+00	-1.264645e-01
9.860000e-01	-7.468226e-01	6.920809e-01	-1.746572e+00	-1.620109e+00	-1.264634e-01
9.870000e-01	-7.468246e-01	6.920831e-01	-1.746580e+00	-1.620115e+00	-1.264654e-01
9.880000e-01	-7.468105e-01	6.920662e-01	-1.746559e+00	-1.620090e+00	-1.264692e-01
9.890000e-01	-7.468135e-01	6.920705e-01	-1.746568e+00	-1.620098e+00	-1.264704e-01
9.900000e-01	-7.468124e-01	6.920687e-01	-1.746565e+00	-1.620095e+00	-1.264699e-01
9.910000e-01	-7.468216e-01	6.920794e-01	-1.746582e+00	-1.620113e+00	-1.264694e-01
9.920000e-01	-7.468231e-01	6.920816e-01	-1.746578e+00	-1.620112e+00	-1.264658e-01
9.930000e-01	-7.468260e-01	6.920859e-01	-1.746585e+00	-1.620118e+00	-1.264663e-01
9.940000e-01	-7.468204e-01	6.920786e-01	-1.746571e+00	-1.620106e+00	-1.264651e-01
9.950000e-01	-7.468188e-01	6.920771e-01	-1.746572e+00	-1.620105e+00	-1.264671e-01
9.960000e-01	-7.468104e-01	6.920667e-01	-1.746559e+00	-1.620090e+00	-1.264692e-01
9.970000e-01	-7.468193e-01	6.920767e-01	-1.746577e+00	-1.620108e+00	-1.264694e-01
9.980000e-01	-7.468136e-01	6.920696e-01	-1.746564e+00	-1.620096e+00	-1.264683e-01
9.990000e-01	-7.468156e-01	6.920736e-01	-1.746567e+00	-1.620099e+00	-1.264678e-01
1.000000e+00	-7.468207e-01	6.920788e-01	-1.746570e+00	-1.620106e+00	-1.264643e-01
