# Force coefficients
# liftDir    : (0.000000e+00 1.000000e+00 0.000000e+00)
# dragDir    : (1.000000e+00 0.000000e+00 0.000000e+00)
# pitchAxis  : (0.000000e+00 0.000000e+00 1.000000e+00)
# magUInf    : 5.148000e+01
# lRef       : 4.530000e-01
# Aref       : 4.348800e-01
# CofR       : (0.000000e+00 0.000000e+00 0.000000e+00)
# Time       	Cm           	Cd           	Cl           	Cl(f)        	Cl(r)        	Cm	Cd	Cl	Cl(f)	Cl(r)
1.000000e-03	-1.408078e-03	1.538450e-03	-2.372903e-03	-2.594529e-03	2.216262e-04
2.000000e-03	-5.373359e-03	6.051569e-03	-9.591913e-03	-1.016932e-02	5.774021e-04
3.000000e-03	-7.933803e-03	8.974819e-03	-1.490128e-02	-1.538444e-02	4.831603e-04
4.000000e-03	-8.403963e-03	9.504194e-03	-1.666145e-02	-1.673469e-02	7.323534e-05
5.000000e-03	-8.041655e-03	9.026675e-03	-1.707715e-02	-1.658023e-02	-4.969202e-04
6.000000e-03	-7.947259e-03	8.736058e-03	-1.803154e-02	-1.696303e-02	-1.068509e-03
7.000000e-03	-8.335472e-03	8.896857e-03	-1.975465e-02	-1.821280e-02	-1.541853e-03
8.000000e-03	-9.622042e-03	1.002880e-02	-2.302735e-02	-2.113572e-02	-1.891632e-03
9.000000e-03	-1.150577e-02	1.183491e-02	-2.736534e-02	-2.518844e-02	-2.176896e-03
1.000000e-02	-1.353562e-02	1.383683e-02	-3.195483e-02	-2.951304e-02	-2.441795e-03
1.100000e-02	-1.533482e-02	1.560760e-02	-3.618248e-02	-3.342606e-02	-2.756420e-03
1.200000e-02	-1.700816e-02	1.726654e-02	-4.021010e-02	-3.711321e-02	-3.096890e-03
1.300000e-02	-1.855539e-02	1.878611e-02	-4.409854e-02	-4.060466e-02	-3.493883e-03
1.400000e-02	-2.007969e-02	2.028007e-02	-4.796519e-02	-4.406229e-02	-3.902903e-03
1.500000e-02	-2.184027e-02	2.202598e-02	-5.233847e-02	-4.800951e-02	-4.328961e-03
1.600000e-02	-2.405736e-02	2.425492e-02	-5.767496e-02	-5.289484e-02	-4.780121e-03
1.700000e-02	-2.668953e-02	2.689421e-02	-6.394975e-02	-5.866440e-02	-5.285348e-03
1.800000e-02	-2.968090e-02	2.987704e-02	-7.109975e-02	-6.523077e-02	-5.868980e-03
1.900000e-02	-3.275411e-02	3.290403e-02	-7.860186e-02	-7.205504e-02	-6.546820e-03
2.000000e-02	-3.583436e-02	3.589210e-02	-8.627611e-02	-7.897241e-02	-7.303700e-03
2.100000e-02	-3.879177e-02	3.871532e-02	-9.382563e-02	-8.570458e-02	-8.121041e-03
2.200000e-02	-4.158213e-02	4.134208e-02	-1.010913e-01	-9.212780e-02	-8.963542e-03
2.300000e-02	-4.438336e-02	4.396331e-02	-1.083865e-01	-9.857662e-02	-9.809894e-03
2.400000e-02	-4.734864e-02	4.674153e-02	-1.160034e-01	-1.053503e-01	-1.065304e-02
2.500000e-02	-5.061657e-02	4.983865e-02	-1.242379e-01	-1.127355e-01	-1.150235e-02
2.600000e-02	-5.428550e-02	5.335164e-02	-1.333244e-01	-1.209477e-01	-1.237670e-02
2.700000e-02	-5.826545e-02	5.719579e-02	-1.431217e-01	-1.298263e-01	-1.329539e-02
2.800000e-02	-6.254781e-02	6.136134e-02	-1.536274e-01	-1.393615e-01	-1.426590e-02
2.900000e-02	-6.700280e-02	6.570860e-02	-1.646123e-01	-1.493089e-01	-1.530334e-02
3.000000e-02	-7.154928e-02	7.015383e-02	-1.758761e-01	-1.594873e-01	-1.638878e-02
3.100000e-02	-7.614064e-02	7.464780e-02	-1.873065e-01	-1.697939e-01	-1.751261e-02
3.200000e-02	-8.077375e-02	7.918817e-02	-1.988108e-01	-1.801792e-01	-1.863167e-02
3.300000e-02	-8.545411e-02	8.378933e-02	-2.104115e-01	-1.906599e-01	-1.975166e-02
3.400000e-02	-9.026014e-02	8.853724e-02	-2.222641e-01	-2.013922e-01	-2.087190e-02
3.500000e-02	-9.519050e-02	9.343234e-02	-2.343704e-01	-2.123757e-01	-2.199469e-02
3.600000e-02	-1.003163e-01	9.855099e-02	-2.468403e-01	-2.237364e-01	-2.310391e-02
3.700000e-02	-1.056391e-01	1.038932e-01	-2.596719e-01	-2.354751e-01	-2.419681e-02
3.800000e-02	-1.112071e-01	1.095032e-01	-2.729647e-01	-2.476894e-01	-2.527525e-02
3.900000e-02	-1.169940e-01	1.153426e-01	-2.867203e-01	-2.603542e-01	-2.636609e-02
4.000000e-02	-1.229258e-01	1.213347e-01	-3.007970e-01	-2.733243e-01	-2.747275e-02
4.100000e-02	-1.290141e-01	1.274822e-01	-3.152107e-01	-2.866194e-01	-2.859125e-02
4.200000e-02	-1.351365e-01	1.336649e-01	-3.296741e-01	-2.999736e-01	-2.970050e-02
4.300000e-02	-1.413750e-01	1.399579e-01	-3.443243e-01	-3.135372e-01	-3.078715e-02
4.400000e-02	-1.476105e-01	1.462622e-01	-3.587817e-01	-3.270014e-01	-3.178036e-02
4.500000e-02	-1.539467e-01	1.526740e-01	-3.732296e-01	-3.405615e-01	-3.266810e-02
4.600000e-02	-1.602423e-01	1.590683e-01	-3.873157e-01	-3.539001e-01	-3.341556e-02
4.700000e-02	-1.665693e-01	1.655073e-01	-4.012507e-01	-3.671947e-01	-3.405605e-02
4.800000e-02	-1.728591e-01	1.719301e-01	-4.148601e-01	-3.802892e-01	-3.457093e-02
4.900000e-02	-1.791855e-01	1.783976e-01	-4.283543e-01	-3.933626e-01	-3.499168e-02
5.000000e-02	-1.854359e-01	1.848017e-01	-4.415421e-01	-4.062069e-01	-3.533517e-02
5.100000e-02	-1.914718e-01	1.910129e-01	-4.541098e-01	-4.185268e-01	-3.558307e-02
5.200000e-02	-1.972132e-01	1.969501e-01	-4.658644e-01	-4.301454e-01	-3.571898e-02
5.300000e-02	-2.025532e-01	2.025177e-01	-4.765618e-01	-4.408341e-01	-3.572765e-02
5.400000e-02	-2.073861e-01	2.076199e-01	-4.859124e-01	-4.503423e-01	-3.557007e-02
5.500000e-02	-2.118290e-01	2.123760e-01	-4.941613e-01	-4.589096e-01	-3.525168e-02
5.600000e-02	-2.158874e-01	2.168044e-01	-5.012509e-01	-4.665129e-01	-3.473805e-02
5.700000e-02	-2.195651e-01	2.209077e-01	-5.071952e-01	-4.731627e-01	-3.403243e-02
5.800000e-02	-2.229714e-01	2.247821e-01	-5.122806e-01	-4.791116e-01	-3.316894e-02
5.900000e-02	-2.262129e-01	2.285146e-01	-5.167900e-01	-4.846079e-01	-3.218212e-02
6.000000e-02	-2.292496e-01	2.320488e-01	-5.207397e-01	-4.896194e-01	-3.112027e-02
6.100000e-02	-2.321487e-01	2.354386e-01	-5.243221e-01	-4.943098e-01	-3.001235e-02
6.200000e-02	-2.348809e-01	2.386379e-01	-5.275727e-01	-4.986672e-01	-2.890543e-02
6.300000e-02	-2.374381e-01	2.416321e-01	-5.305208e-01	-5.026985e-01	-2.782231e-02
6.400000e-02	-2.398433e-01	2.444405e-01	-5.332545e-01	-5.064706e-01	-2.678389e-02
6.500000e-02	-2.421367e-01	2.471026e-01	-5.358935e-01	-5.100835e-01	-2.581006e-02
6.600000e-02	-2.443575e-01	2.496458e-01	-5.385949e-01	-5.136550e-01	-2.493996e-02
6.700000e-02	-2.465756e-01	2.521371e-01	-5.415711e-01	-5.173611e-01	-2.420996e-02
6.800000e-02	-2.488084e-01	2.545896e-01	-5.448887e-01	-5.212527e-01	-2.363601e-02
6.900000e-02	-2.510344e-01	2.569806e-01	-5.485057e-01	-5.252873e-01	-2.321838e-02
7.000000e-02	-2.532042e-01	2.592660e-01	-5.522832e-01	-5.293458e-01	-2.293745e-02
7.100000e-02	-2.552709e-01	2.614080e-01	-5.561047e-01	-5.333232e-01	-2.278142e-02
7.200000e-02	-2.572986e-01	2.634614e-01	-5.600516e-01	-5.373244e-01	-2.272722e-02
7.300000e-02	-2.594682e-01	2.656080e-01	-5.645410e-01	-5.417387e-01	-2.280228e-02
7.400000e-02	-2.618980e-01	2.679306e-01	-5.698708e-01	-5.468335e-01	-2.303738e-02
7.500000e-02	-2.646926e-01	2.705548e-01	-5.763091e-01	-5.528472e-01	-2.346192e-02
7.600000e-02	-2.677009e-01	2.733011e-01	-5.835683e-01	-5.594850e-01	-2.408325e-02
7.700000e-02	-2.708285e-01	2.761359e-01	-5.913711e-01	-5.665140e-01	-2.485707e-02
7.800000e-02	-2.742401e-01	2.792012e-01	-5.999461e-01	-5.742132e-01	-2.573288e-02
7.900000e-02	-2.779395e-01	2.825578e-01	-6.092172e-01	-5.825481e-01	-2.666916e-02
8.000000e-02	-2.817342e-01	2.859901e-01	-6.187609e-01	-5.911147e-01	-2.764619e-02
8.100000e-02	-2.855307e-01	2.894599e-01	-6.283805e-01	-5.997210e-01	-2.865950e-02
8.200000e-02	-2.891914e-01	2.927930e-01	-6.378367e-01	-6.081097e-01	-2.972699e-02
8.300000e-02	-2.927443e-01	2.960546e-01	-6.472299e-01	-6.163592e-01	-3.087066e-02
8.400000e-02	-2.959670e-01	2.989741e-01	-6.562980e-01	-6.241160e-01	-3.218204e-02
8.500000e-02	-2.986623e-01	3.013719e-01	-6.647888e-01	-6.310567e-01	-3.373211e-02
8.600000e-02	-3.006165e-01	3.029535e-01	-6.724416e-01	-6.368373e-01	-3.560433e-02
8.700000e-02	-3.016413e-01	3.035689e-01	-6.787691e-01	-6.410258e-01	-3.774325e-02
8.800000e-02	-3.019840e-01	3.034590e-01	-6.840337e-01	-6.440008e-01	-4.003291e-02
8.900000e-02	-3.017996e-01	3.028211e-01	-6.883194e-01	-6.459593e-01	-4.236009e-02
9.000000e-02	-3.016543e-01	3.022034e-01	-6.925457e-01	-6.479272e-01	-4.461855e-02
9.100000e-02	-3.020541e-01	3.021762e-01	-6.974682e-01	-6.507882e-01	-4.667996e-02
9.200000e-02	-3.031759e-01	3.029132e-01	-7.033914e-01	-6.548716e-01	-4.851979e-02
9.300000e-02	-3.049991e-01	3.043988e-01	-7.104051e-01	-6.602016e-01	-5.020347e-02
9.400000e-02	-3.073401e-01	3.063787e-01	-7.182795e-01	-6.664799e-01	-5.179962e-02
9.500000e-02	-3.098867e-01	3.085141e-01	-7.265810e-01	-6.731772e-01	-5.340384e-02
9.600000e-02	-3.125032e-01	3.106379e-01	-7.351069e-01	-6.800567e-01	-5.505026e-02
9.700000e-02	-3.152370e-01	3.128515e-01	-7.437943e-01	-6.871342e-01	-5.666009e-02
9.800000e-02	-3.181047e-01	3.151794e-01	-7.526154e-01	-6.944124e-01	-5.820300e-02
9.900000e-02	-3.212836e-01	3.178634e-01	-7.617877e-01	-7.021775e-01	-5.961025e-02
1.000000e-01	-3.248485e-01	3.210081e-01	-7.714188e-01	-7.105579e-01	-6.086090e-02
1.010000e-01	-3.287404e-01	3.245877e-01	-7.814622e-01	-7.194715e-01	-6.199075e-02
1.020000e-01	-3.327589e-01	3.283541e-01	-7.917022e-01	-7.286100e-01	-6.309221e-02
1.030000e-01	-3.368894e-01	3.322791e-01	-8.021337e-01	-7.379562e-01	-6.417750e-02
1.040000e-01	-3.410291e-01	3.362147e-01	-8.126625e-01	-7.473604e-01	-6.530215e-02
1.050000e-01	-3.451301e-01	3.400881e-01	-8.232384e-01	-7.567493e-01	-6.648908e-02
1.060000e-01	-3.490993e-01	3.437809e-01	-8.336988e-01	-7.659487e-01	-6.775012e-02
1.070000e-01	-3.528249e-01	3.471879e-01	-8.438319e-01	-7.747408e-01	-6.909105e-02
1.080000e-01	-3.562249e-01	3.502277e-01	-8.534723e-01	-7.829610e-01	-7.051129e-02
1.090000e-01	-3.592486e-01	3.528663e-01	-8.625165e-01	-7.905069e-01	-7.200959e-02
1.100000e-01	-3.618856e-01	3.550898e-01	-8.709460e-01	-7.973586e-01	-7.358743e-02
1.110000e-01	-3.642759e-01	3.570479e-01	-8.789968e-01	-8.037742e-01	-7.522253e-02
1.120000e-01	-3.665349e-01	3.588488e-01	-8.868065e-01	-8.099381e-01	-7.686836e-02
1.130000e-01	-3.688077e-01	3.606438e-01	-8.946191e-01	-8.161173e-01	-7.850185e-02
1.140000e-01	-3.711493e-01	3.624885e-01	-9.024735e-01	-8.223860e-01	-8.008748e-02
1.150000e-01	-3.737033e-01	3.645375e-01	-9.106304e-01	-8.290185e-01	-8.161189e-02
1.160000e-01	-3.764549e-01	3.667663e-01	-9.190322e-01	-8.359710e-01	-8.306117e-02
1.170000e-01	-3.794068e-01	3.691887e-01	-9.276875e-01	-8.432506e-01	-8.443689e-02
1.180000e-01	-3.824986e-01	3.717353e-01	-9.364772e-01	-8.507372e-01	-8.574003e-02
1.190000e-01	-3.857755e-01	3.744667e-01	-9.455211e-01	-8.585360e-01	-8.698502e-02
1.200000e-01	-3.892460e-01	3.773880e-01	-9.548118e-01	-8.666519e-01	-8.815986e-02
1.210000e-01	-3.929036e-01	3.804935e-01	-9.643693e-01	-8.750883e-01	-8.928106e-02
1.220000e-01	-3.967438e-01	3.837733e-01	-9.741691e-01	-8.838283e-01	-9.034079e-02
1.230000e-01	-4.007670e-01	3.872348e-01	-9.842229e-01	-8.928784e-01	-9.134448e-02
1.240000e-01	-4.050104e-01	3.909209e-01	-9.945528e-01	-9.022868e-01	-9.226599e-02
1.250000e-01	-4.095534e-01	3.949277e-01	-1.005305e+00	-9.122060e-01	-9.309915e-02
1.260000e-01	-4.144701e-01	3.993430e-01	-1.016545e+00	-9.227426e-01	-9.380242e-02
1.270000e-01	-4.197788e-01	4.041979e-01	-1.028328e+00	-9.339427e-01	-9.438506e-02
1.280000e-01	-4.250033e-01	4.089713e-01	-1.039955e+00	-9.449809e-01	-9.497421e-02
1.290000e-01	-4.297402e-01	4.132230e-01	-1.050877e+00	-9.551786e-01	-9.569815e-02
1.300000e-01	-4.338290e-01	4.167910e-01	-1.060807e+00	-9.642325e-01	-9.657456e-02
1.310000e-01	-4.374745e-01	4.199091e-01	-1.070037e+00	-9.724930e-01	-9.754410e-02
1.320000e-01	-4.410992e-01	4.230662e-01	-1.079074e+00	-9.806362e-01	-9.843792e-02
1.330000e-01	-4.448129e-01	4.263903e-01	-1.088057e+00	-9.888412e-01	-9.921544e-02
1.340000e-01	-4.488691e-01	4.301625e-01	-1.097322e+00	-9.975302e-01	-9.979194e-02
1.350000e-01	-4.532151e-01	4.342915e-01	-1.106887e+00	-1.006659e+00	-1.002286e-01
1.360000e-01	-4.578032e-01	4.386941e-01	-1.116712e+00	-1.016159e+00	-1.005530e-01
1.370000e-01	-4.624263e-01	4.431035e-01	-1.126614e+00	-1.025733e+00	-1.008805e-01
1.380000e-01	-4.668201e-01	4.472182e-01	-1.136215e+00	-1.034928e+00	-1.012873e-01
1.390000e-01	-4.709708e-01	4.510150e-01	-1.145543e+00	-1.043742e+00	-1.018010e-01
1.400000e-01	-4.748630e-01	4.545027e-01	-1.154505e+00	-1.052115e+00	-1.023894e-01
1.410000e-01	-4.786227e-01	4.578255e-01	-1.163282e+00	-1.060264e+00	-1.030185e-01
1.420000e-01	-4.823021e-01	4.610704e-01	-1.171878e+00	-1.068241e+00	-1.036368e-01
1.430000e-01	-4.859815e-01	4.643194e-01	-1.180427e+00	-1.076195e+00	-1.042317e-01
1.440000e-01	-4.896450e-01	4.675666e-01	-1.188865e+00	-1.084078e+00	-1.047875e-01
1.450000e-01	-4.933273e-01	4.708347e-01	-1.197295e+00	-1.091975e+00	-1.053204e-01
1.460000e-01	-4.969336e-01	4.740277e-01	-1.205550e+00	-1.099709e+00	-1.058416e-01
1.470000e-01	-5.004869e-01	4.771573e-01	-1.213711e+00	-1.107342e+00	-1.063685e-01
1.480000e-01	-5.039151e-01	4.801632e-01	-1.221620e+00	-1.114725e+00	-1.068951e-01
1.490000e-01	-5.073287e-01	4.831584e-01	-1.229478e+00	-1.122068e+00	-1.074102e-01
1.500000e-01	-5.107181e-01	4.861467e-01	-1.237221e+00	-1.129329e+00	-1.078924e-01
1.510000e-01	-5.141908e-01	4.892348e-01	-1.245047e+00	-1.136714e+00	-1.083327e-01
1.520000e-01	-5.176912e-01	4.923665e-01	-1.252836e+00	-1.144109e+00	-1.087269e-01
1.530000e-01	-5.212769e-01	4.955841e-01	-1.260733e+00	-1.151644e+00	-1.090898e-01
1.540000e-01	-5.248921e-01	4.988290e-01	-1.268628e+00	-1.159206e+00	-1.094220e-01
1.550000e-01	-5.285506e-01	5.021053e-01	-1.276585e+00	-1.166843e+00	-1.097420e-01
1.560000e-01	-5.322136e-01	5.053831e-01	-1.284506e+00	-1.174467e+00	-1.100395e-01
1.570000e-01	-5.359236e-01	5.087011e-01	-1.292496e+00	-1.182172e+00	-1.103245e-01
1.580000e-01	-5.396384e-01	5.120285e-01	-1.300452e+00	-1.189864e+00	-1.105877e-01
1.590000e-01	-5.433334e-01	5.153307e-01	-1.308384e+00	-1.197526e+00	-1.108587e-01
1.600000e-01	-5.469123e-01	5.185145e-01	-1.316112e+00	-1.204968e+00	-1.111434e-01
1.610000e-01	-5.503434e-01	5.215357e-01	-1.323647e+00	-1.212167e+00	-1.114801e-01
1.620000e-01	-5.535724e-01	5.243542e-01	-1.330851e+00	-1.218998e+00	-1.118529e-01
1.630000e-01	-5.566795e-01	5.270492e-01	-1.337874e+00	-1.225617e+00	-1.122577e-01
1.640000e-01	-5.596981e-01	5.296674e-01	-1.344693e+00	-1.232045e+00	-1.126483e-01
1.650000e-01	-5.626600e-01	5.322267e-01	-1.351393e+00	-1.238357e+00	-1.130367e-01
1.660000e-01	-5.655938e-01	5.347737e-01	-1.357955e+00	-1.244571e+00	-1.133838e-01
1.670000e-01	-5.685761e-01	5.373785e-01	-1.364545e+00	-1.250848e+00	-1.136963e-01
1.680000e-01	-5.715687e-01	5.400062e-01	-1.371073e+00	-1.257105e+00	-1.139680e-01
1.690000e-01	-5.746281e-01	5.427033e-01	-1.377679e+00	-1.263467e+00	-1.142111e-01
1.700000e-01	-5.776963e-01	5.454147e-01	-1.384242e+00	-1.269817e+00	-1.144247e-01
1.710000e-01	-5.808029e-01	5.481614e-01	-1.390864e+00	-1.276235e+00	-1.146290e-01
1.720000e-01	-5.838738e-01	5.508713e-01	-1.397397e+00	-1.282572e+00	-1.148246e-01
1.730000e-01	-5.869099e-01	5.535347e-01	-1.403882e+00	-1.288851e+00	-1.150311e-01
1.740000e-01	-5.898457e-01	5.560924e-01	-1.410182e+00	-1.294937e+00	-1.152455e-01
1.750000e-01	-5.927486e-01	5.586114e-01	-1.416431e+00	-1.300964e+00	-1.154669e-01
1.760000e-01	-5.955989e-01	5.610844e-01	-1.422557e+00	-1.306877e+00	-1.156796e-01
1.770000e-01	-5.984537e-01	5.635687e-01	-1.428668e+00	-1.312788e+00	-1.158804e-01
1.780000e-01	-6.012669e-01	5.660279e-01	-1.434651e+00	-1.318592e+00	-1.160585e-01
1.790000e-01	-6.040765e-01	5.684922e-01	-1.440604e+00	-1.324379e+00	-1.162257e-01
1.800000e-01	-6.068226e-01	5.709031e-01	-1.446413e+00	-1.330029e+00	-1.163841e-01
1.810000e-01	-6.095576e-01	5.733008e-01	-1.452194e+00	-1.335655e+00	-1.165394e-01
1.820000e-01	-6.121993e-01	5.756059e-01	-1.457792e+00	-1.341095e+00	-1.166966e-01
1.830000e-01	-6.148149e-01	5.778780e-01	-1.463345e+00	-1.346487e+00	-1.168575e-01
1.840000e-01	-6.173389e-01	5.800583e-01	-1.468726e+00	-1.351702e+00	-1.170240e-01
1.850000e-01	-6.198133e-01	5.821821e-01	-1.474033e+00	-1.356830e+00	-1.172031e-01
1.860000e-01	-6.222143e-01	5.842403e-01	-1.479183e+00	-1.361806e+00	-1.173772e-01
1.870000e-01	-6.246297e-01	5.863211e-01	-1.484334e+00	-1.366797e+00	-1.175371e-01
1.880000e-01	-6.269872e-01	5.883577e-01	-1.489341e+00	-1.371658e+00	-1.176834e-01
1.890000e-01	-6.293581e-01	5.904151e-01	-1.494348e+00	-1.376532e+00	-1.178159e-01
1.900000e-01	-6.316708e-01	5.924301e-01	-1.499209e+00	-1.381275e+00	-1.179337e-01
1.910000e-01	-6.339926e-01	5.944614e-01	-1.504070e+00	-1.386028e+00	-1.180424e-01
1.920000e-01	-6.362591e-01	5.964552e-01	-1.508795e+00	-1.390657e+00	-1.181386e-01
1.930000e-01	-6.385399e-01	5.984683e-01	-1.513525e+00	-1.395303e+00	-1.182228e-01
1.940000e-01	-6.407749e-01	6.004480e-01	-1.518131e+00	-1.399841e+00	-1.182907e-01
1.950000e-01	-6.430287e-01	6.024479e-01	-1.522759e+00	-1.404408e+00	-1.183508e-01
1.960000e-01	-6.452098e-01	6.043833e-01	-1.527239e+00	-1.408829e+00	-1.184095e-01
1.970000e-01	-6.473973e-01	6.063228e-01	-1.531726e+00	-1.413260e+00	-1.184656e-01
1.980000e-01	-6.495167e-01	6.082013e-01	-1.536073e+00	-1.417553e+00	-1.185200e-01
1.990000e-01	-6.516355e-01	6.100788e-01	-1.540416e+00	-1.421843e+00	-1.185725e-01
2.000000e-01	-6.536854e-01	6.118972e-01	-1.544615e+00	-1.425993e+00	-1.186220e-01
2.010000e-01	-6.557428e-01	6.137236e-01	-1.548817e+00	-1.430151e+00	-1.186656e-01
2.020000e-01	-6.577388e-01	6.154976e-01	-1.552889e+00	-1.434183e+00	-1.187057e-01
2.030000e-01	-6.597425e-01	6.172792e-01	-1.556965e+00	-1.438225e+00	-1.187403e-01
2.040000e-01	-6.616742e-01	6.189978e-01	-1.560901e+00	-1.442125e+00	-1.187763e-01
2.050000e-01	-6.636120e-01	6.207230e-01	-1.564840e+00	-1.446032e+00	-1.188078e-01
2.060000e-01	-6.654739e-01	6.223807e-01	-1.568633e+00	-1.449791e+00	-1.188428e-01
2.070000e-01	-6.673481e-01	6.240506e-01	-1.572441e+00	-1.453569e+00	-1.188727e-01
2.080000e-01	-6.691397e-01	6.256454e-01	-1.576095e+00	-1.457187e+00	-1.189076e-01
2.090000e-01	-6.709395e-01	6.272474e-01	-1.579748e+00	-1.460814e+00	-1.189347e-01
2.100000e-01	-6.726542e-01	6.287711e-01	-1.583250e+00	-1.464279e+00	-1.189708e-01
2.110000e-01	-6.743935e-01	6.303195e-01	-1.586783e+00	-1.467785e+00	-1.189981e-01
2.120000e-01	-6.760436e-01	6.317866e-01	-1.590152e+00	-1.471120e+00	-1.190326e-01
2.130000e-01	-6.777221e-01	6.332822e-01	-1.593557e+00	-1.474501e+00	-1.190564e-01
2.140000e-01	-6.793170e-01	6.347013e-01	-1.596812e+00	-1.477723e+00	-1.190888e-01
2.150000e-01	-6.809300e-01	6.361394e-01	-1.600086e+00	-1.480973e+00	-1.191128e-01
2.160000e-01	-6.824448e-01	6.374865e-01	-1.603184e+00	-1.484037e+00	-1.191474e-01
2.170000e-01	-6.839833e-01	6.388591e-01	-1.606304e+00	-1.487135e+00	-1.191686e-01
2.180000e-01	-6.854379e-01	6.401529e-01	-1.609278e+00	-1.490077e+00	-1.192008e-01
2.190000e-01	-6.869223e-01	6.414779e-01	-1.612286e+00	-1.493065e+00	-1.192209e-01
2.200000e-01	-6.883177e-01	6.427182e-01	-1.615141e+00	-1.495888e+00	-1.192530e-01
2.210000e-01	-6.897537e-01	6.440000e-01	-1.618053e+00	-1.498780e+00	-1.192731e-01
2.220000e-01	-6.911009e-01	6.451981e-01	-1.620804e+00	-1.501503e+00	-1.193011e-01
2.230000e-01	-6.924807e-01	6.464319e-01	-1.623594e+00	-1.504278e+00	-1.193162e-01
2.240000e-01	-6.937788e-01	6.475870e-01	-1.626240e+00	-1.506899e+00	-1.193411e-01
2.250000e-01	-6.951136e-01	6.487815e-01	-1.628939e+00	-1.509583e+00	-1.193560e-01
2.260000e-01	-6.963598e-01	6.498905e-01	-1.631470e+00	-1.512095e+00	-1.193755e-01
2.270000e-01	-6.976351e-01	6.510325e-01	-1.634036e+00	-1.514653e+00	-1.193831e-01
2.280000e-01	-6.988360e-01	6.521024e-01	-1.636477e+00	-1.517075e+00	-1.194028e-01
2.290000e-01	-7.000710e-01	6.532110e-01	-1.638972e+00	-1.519557e+00	-1.194149e-01
2.300000e-01	-7.012273e-01	6.542424e-01	-1.641317e+00	-1.521886e+00	-1.194311e-01
2.310000e-01	-7.024153e-01	6.553096e-01	-1.643702e+00	-1.524266e+00	-1.194358e-01
2.320000e-01	-7.035205e-01	6.562949e-01	-1.645949e+00	-1.526495e+00	-1.194537e-01
2.330000e-01	-7.046569e-01	6.573157e-01	-1.648233e+00	-1.528773e+00	-1.194594e-01
2.340000e-01	-7.057241e-01	6.582680e-01	-1.650400e+00	-1.530924e+00	-1.194760e-01
2.350000e-01	-7.068253e-01	6.592596e-01	-1.652602e+00	-1.533126e+00	-1.194755e-01
2.360000e-01	-7.078564e-01	6.601811e-01	-1.654686e+00	-1.535199e+00	-1.194866e-01
2.370000e-01	-7.089129e-01	6.611315e-01	-1.656810e+00	-1.537318e+00	-1.194922e-01
2.380000e-01	-7.098982e-01	6.620102e-01	-1.658807e+00	-1.539302e+00	-1.195053e-01
2.390000e-01	-7.109113e-01	6.629217e-01	-1.660845e+00	-1.541334e+00	-1.195114e-01
2.400000e-01	-7.118516e-01	6.637613e-01	-1.662753e+00	-1.543228e+00	-1.195251e-01
2.410000e-01	-7.128201e-01	6.646360e-01	-1.664695e+00	-1.545168e+00	-1.195276e-01
2.420000e-01	-7.137251e-01	6.654462e-01	-1.666526e+00	-1.546988e+00	-1.195378e-01
2.430000e-01	-7.146631e-01	6.662937e-01	-1.668401e+00	-1.548864e+00	-1.195374e-01
2.440000e-01	-7.155335e-01	6.670710e-01	-1.670160e+00	-1.550614e+00	-1.195465e-01
2.450000e-01	-7.164321e-01	6.678799e-01	-1.671958e+00	-1.552411e+00	-1.195471e-01
2.460000e-01	-7.172598e-01	6.686177e-01	-1.673636e+00	-1.554078e+00	-1.195580e-01
2.470000e-01	-7.181250e-01	6.693983e-01	-1.675371e+00	-1.555811e+00	-1.195607e-01
2.480000e-01	-7.189237e-01	6.701131e-01	-1.676987e+00	-1.557417e+00	-1.195696e-01
2.490000e-01	-7.197484e-01	6.708570e-01	-1.678631e+00	-1.559064e+00	-1.195672e-01
2.500000e-01	-7.205019e-01	6.715295e-01	-1.680156e+00	-1.560580e+00	-1.195762e-01
2.510000e-01	-7.212853e-01	6.722363e-01	-1.681727e+00	-1.562149e+00	-1.195780e-01
2.520000e-01	-7.220111e-01	6.728858e-01	-1.683199e+00	-1.563611e+00	-1.195885e-01
2.530000e-01	-7.227717e-01	6.735731e-01	-1.684724e+00	-1.565134e+00	-1.195902e-01
2.540000e-01	-7.234681e-01	6.741950e-01	-1.686137e+00	-1.566537e+00	-1.196004e-01
2.550000e-01	-7.241942e-01	6.748495e-01	-1.687590e+00	-1.567989e+00	-1.196006e-01
2.560000e-01	-7.248583e-01	6.754428e-01	-1.688934e+00	-1.569325e+00	-1.196088e-01
2.570000e-01	-7.255570e-01	6.760737e-01	-1.690325e+00	-1.570719e+00	-1.196054e-01
2.580000e-01	-7.261956e-01	6.766456e-01	-1.691615e+00	-1.572003e+00	-1.196120e-01
2.590000e-01	-7.268659e-01	6.772525e-01	-1.692950e+00	-1.573341e+00	-1.196089e-01
2.600000e-01	-7.274773e-01	6.778017e-01	-1.694183e+00	-1.574569e+00	-1.196143e-01
2.610000e-01	-7.281188e-01	6.783848e-01	-1.695456e+00	-1.575847e+00	-1.196090e-01
2.620000e-01	-7.286992e-01	6.789077e-01	-1.696627e+00	-1.577013e+00	-1.196142e-01
2.630000e-01	-7.293148e-01	6.794672e-01	-1.697848e+00	-1.578239e+00	-1.196094e-01
2.640000e-01	-7.298690e-01	6.799651e-01	-1.698968e+00	-1.579353e+00	-1.196151e-01
2.650000e-01	-7.304596e-01	6.805019e-01	-1.700146e+00	-1.580533e+00	-1.196134e-01
2.660000e-01	-7.309900e-01	6.809768e-01	-1.701221e+00	-1.581601e+00	-1.196205e-01
2.670000e-01	-7.315573e-01	6.814908e-01	-1.702343e+00	-1.582729e+00	-1.196140e-01
2.680000e-01	-7.320614e-01	6.819420e-01	-1.703365e+00	-1.583744e+00	-1.196213e-01
2.690000e-01	-7.326021e-01	6.824339e-01	-1.704438e+00	-1.584821e+00	-1.196169e-01
2.700000e-01	-7.330777e-01	6.828611e-01	-1.705400e+00	-1.585778e+00	-1.196222e-01
2.710000e-01	-7.335993e-01	6.833369e-01	-1.706431e+00	-1.586815e+00	-1.196162e-01
2.720000e-01	-7.340751e-01	6.837678e-01	-1.707378e+00	-1.587764e+00	-1.196141e-01
2.730000e-01	-7.345922e-01	6.842414e-01	-1.708391e+00	-1.588788e+00	-1.196032e-01
2.740000e-01	-7.350364e-01	6.846406e-01	-1.709286e+00	-1.589680e+00	-1.196068e-01
2.750000e-01	-7.355086e-01	6.850694e-01	-1.710224e+00	-1.590621e+00	-1.196035e-01
2.760000e-01	-7.359218e-01	6.854399e-01	-1.711060e+00	-1.591452e+00	-1.196084e-01
2.770000e-01	-7.363770e-01	6.858544e-01	-1.711964e+00	-1.592359e+00	-1.196052e-01
2.780000e-01	-7.367711e-01	6.862074e-01	-1.712765e+00	-1.593153e+00	-1.196112e-01
2.790000e-01	-7.372020e-01	6.866005e-01	-1.713612e+00	-1.594008e+00	-1.196040e-01
2.800000e-01	-7.375836e-01	6.869458e-01	-1.714383e+00	-1.594775e+00	-1.196078e-01
2.810000e-01	-7.380072e-01	6.873350e-01	-1.715213e+00	-1.595614e+00	-1.195995e-01
2.820000e-01	-7.383710e-01	6.876638e-01	-1.715945e+00	-1.596343e+00	-1.196014e-01
2.830000e-01	-7.387718e-01	6.880305e-01	-1.716733e+00	-1.597138e+00	-1.195947e-01
2.840000e-01	-7.391225e-01	6.883471e-01	-1.717439e+00	-1.597842e+00	-1.195971e-01
2.850000e-01	-7.395138e-01	6.887067e-01	-1.718199e+00	-1.598613e+00	-1.195855e-01
2.860000e-01	-7.398430e-01	6.890037e-01	-1.718865e+00	-1.599275e+00	-1.195893e-01
2.870000e-01	-7.402073e-01	6.893375e-01	-1.719581e+00	-1.599998e+00	-1.195834e-01
2.880000e-01	-7.405167e-01	6.896169e-01	-1.720204e+00	-1.600619e+00	-1.195853e-01
2.890000e-01	-7.408676e-01	6.899399e-01	-1.720888e+00	-1.601312e+00	-1.195766e-01
2.900000e-01	-7.411598e-01	6.902024e-01	-1.721484e+00	-1.601902e+00	-1.195822e-01
2.910000e-01	-7.414974e-01	6.905129e-01	-1.722148e+00	-1.602571e+00	-1.195764e-01
2.920000e-01	-7.417830e-01	6.907712e-01	-1.722730e+00	-1.603148e+00	-1.195820e-01
2.930000e-01	-7.421083e-01	6.910718e-01	-1.723365e+00	-1.603791e+00	-1.195743e-01
2.940000e-01	-7.423703e-01	6.913075e-01	-1.723897e+00	-1.604319e+00	-1.195781e-01
2.950000e-01	-7.426758e-01	6.915895e-01	-1.724490e+00	-1.604921e+00	-1.195691e-01
2.960000e-01	-7.429338e-01	6.918226e-01	-1.725012e+00	-1.605440e+00	-1.195722e-01
2.970000e-01	-7.432297e-01	6.920963e-01	-1.725587e+00	-1.606023e+00	-1.195638e-01
2.980000e-01	-7.434696e-01	6.923114e-01	-1.726081e+00	-1.606510e+00	-1.195707e-01
2.990000e-01	-7.437495e-01	6.925686e-01	-1.726628e+00	-1.607064e+00	-1.195644e-01
3.000000e-01	-7.439822e-01	6.927787e-01	-1.727093e+00	-1.607529e+00	-1.195645e-01
3.010000e-01	-7.442556e-01	6.930329e-01	-1.727621e+00	-1.608066e+00	-1.195549e-01
3.020000e-01	-7.444675e-01	6.932242e-01	-1.728061e+00	-1.608498e+00	-1.195632e-01
3.030000e-01	-7.447217e-01	6.934608e-01	-1.728555e+00	-1.608999e+00	-1.195559e-01
3.040000e-01	-7.449286e-01	6.936490e-01	-1.728975e+00	-1.609416e+00	-1.195590e-01
3.050000e-01	-7.451768e-01	6.938799e-01	-1.729455e+00	-1.609904e+00	-1.195505e-01
3.060000e-01	-7.453671e-01	6.940499e-01	-1.729844e+00	-1.610289e+00	-1.195549e-01
3.070000e-01	-7.456004e-01	6.942663e-01	-1.730294e+00	-1.610747e+00	-1.195464e-01
3.080000e-01	-7.457838e-01	6.944307e-01	-1.730672e+00	-1.611120e+00	-1.195522e-01
3.090000e-01	-7.460193e-01	6.946500e-01	-1.731121e+00	-1.611580e+00	-1.195412e-01
3.100000e-01	-7.461969e-01	6.948100e-01	-1.731484e+00	-1.611939e+00	-1.195449e-01
3.110000e-01	-7.464196e-01	6.950191e-01	-1.731908e+00	-1.612374e+00	-1.195342e-01
3.120000e-01	-7.465860e-01	6.951703e-01	-1.732245e+00	-1.612708e+00	-1.195364e-01
3.130000e-01	-7.467960e-01	6.953663e-01	-1.732651e+00	-1.613122e+00	-1.195295e-01
3.140000e-01	-7.469411e-01	6.954942e-01	-1.732960e+00	-1.613421e+00	-1.195388e-01
3.150000e-01	-7.471343e-01	6.956734e-01	-1.733336e+00	-1.613802e+00	-1.195338e-01
3.160000e-01	-7.472900e-01	6.958148e-01	-1.733647e+00	-1.614114e+00	-1.195334e-01
3.170000e-01	-7.474829e-01	6.959943e-01	-1.734024e+00	-1.614495e+00	-1.195293e-01
3.180000e-01	-7.476168e-01	6.961132e-01	-1.734304e+00	-1.614769e+00	-1.195353e-01
3.190000e-01	-7.477994e-01	6.962838e-01	-1.734657e+00	-1.615128e+00	-1.195288e-01
3.200000e-01	-7.479300e-01	6.964001e-01	-1.734935e+00	-1.615398e+00	-1.195377e-01
3.210000e-01	-7.481140e-01	6.965737e-01	-1.735284e+00	-1.615756e+00	-1.195280e-01
3.220000e-01	-7.482398e-01	6.966869e-01	-1.735541e+00	-1.616010e+00	-1.195305e-01
3.230000e-01	-7.484088e-01	6.968451e-01	-1.735866e+00	-1.616342e+00	-1.195240e-01
3.240000e-01	-7.485229e-01	6.969471e-01	-1.736098e+00	-1.616572e+00	-1.195260e-01
3.250000e-01	-7.486802e-01	6.970943e-01	-1.736401e+00	-1.616881e+00	-1.195201e-01
3.260000e-01	-7.487802e-01	6.971811e-01	-1.736624e+00	-1.617092e+00	-1.195318e-01
3.270000e-01	-7.489373e-01	6.973298e-01	-1.736919e+00	-1.617397e+00	-1.195221e-01
3.280000e-01	-7.490505e-01	6.974328e-01	-1.737142e+00	-1.617621e+00	-1.195206e-01
3.290000e-01	-7.492051e-01	6.975802e-01	-1.737430e+00	-1.617920e+00	-1.195099e-01
3.300000e-01	-7.492991e-01	6.976635e-01	-1.737623e+00	-1.618111e+00	-1.195124e-01
3.310000e-01	-7.494399e-01	6.977971e-01	-1.737893e+00	-1.618386e+00	-1.195065e-01
3.320000e-01	-7.495271e-01	6.978729e-01	-1.738084e+00	-1.618569e+00	-1.195147e-01
3.330000e-01	-7.496574e-01	6.979949e-01	-1.738333e+00	-1.618824e+00	-1.195090e-01
3.340000e-01	-7.497397e-01	6.980659e-01	-1.738507e+00	-1.618993e+00	-1.195139e-01
3.350000e-01	-7.498677e-01	6.981870e-01	-1.738758e+00	-1.619247e+00	-1.195110e-01
3.360000e-01	-7.499548e-01	6.982652e-01	-1.738938e+00	-1.619424e+00	-1.195141e-01
3.370000e-01	-7.500862e-01	6.983926e-01	-1.739178e+00	-1.619675e+00	-1.195027e-01
3.380000e-01	-7.501661e-01	6.984634e-01	-1.739340e+00	-1.619836e+00	-1.195039e-01
3.390000e-01	-7.502874e-01	6.985782e-01	-1.739564e+00	-1.620070e+00	-1.194948e-01
3.400000e-01	-7.503579e-01	6.986384e-01	-1.739719e+00	-1.620217e+00	-1.195016e-01
3.410000e-01	-7.504717e-01	6.987465e-01	-1.739936e+00	-1.620440e+00	-1.194964e-01
3.420000e-01	-7.505354e-01	6.988012e-01	-1.740071e+00	-1.620571e+00	-1.195003e-01
3.430000e-01	-7.506498e-01	6.989111e-01	-1.740283e+00	-1.620791e+00	-1.194916e-01
3.440000e-01	-7.507087e-01	6.989611e-01	-1.740414e+00	-1.620915e+00	-1.194982e-01
3.450000e-01	-7.508185e-01	6.990674e-01	-1.740617e+00	-1.621127e+00	-1.194900e-01
3.460000e-01	-7.508725e-01	6.991129e-01	-1.740740e+00	-1.621242e+00	-1.194973e-01
3.470000e-01	-7.509753e-01	6.992110e-01	-1.740934e+00	-1.621442e+00	-1.194914e-01
3.480000e-01	-7.510286e-01	6.992561e-01	-1.741046e+00	-1.621552e+00	-1.194944e-01
3.490000e-01	-7.511295e-01	6.993537e-01	-1.741230e+00	-1.621745e+00	-1.194856e-01
3.500000e-01	-7.511737e-01	6.993893e-01	-1.741334e+00	-1.621841e+00	-1.194931e-01
3.510000e-01	-7.512695e-01	6.994815e-01	-1.741513e+00	-1.622026e+00	-1.194869e-01
3.520000e-01	-7.513221e-01	6.995267e-01	-1.741628e+00	-1.622136e+00	-1.194918e-01
3.530000e-01	-7.514197e-01	6.996215e-01	-1.741808e+00	-1.622323e+00	-1.194840e-01
3.540000e-01	-7.514534e-01	6.996482e-01	-1.741882e+00	-1.622395e+00	-1.194878e-01
3.550000e-01	-7.515328e-01	6.997238e-01	-1.742029e+00	-1.622547e+00	-1.194816e-01
3.560000e-01	-7.515726e-01	6.997572e-01	-1.742121e+00	-1.622633e+00	-1.194878e-01
3.570000e-01	-7.516654e-01	6.998481e-01	-1.742286e+00	-1.622808e+00	-1.194776e-01
3.580000e-01	-7.517053e-01	6.998818e-01	-1.742378e+00	-1.622894e+00	-1.194836e-01
3.590000e-01	-7.517936e-01	6.999680e-01	-1.742540e+00	-1.623063e+00	-1.194763e-01
3.600000e-01	-7.518274e-01	6.999966e-01	-1.742609e+00	-1.623132e+00	-1.194772e-01
3.610000e-01	-7.519022e-01	7.000692e-01	-1.742751e+00	-1.623278e+00	-1.194735e-01
3.620000e-01	-7.519262e-01	7.000854e-01	-1.742818e+00	-1.623335e+00	-1.194830e-01
3.630000e-01	-7.520019e-01	7.001585e-01	-1.742958e+00	-1.623481e+00	-1.194770e-01
3.640000e-01	-7.520358e-01	7.001874e-01	-1.743028e+00	-1.623550e+00	-1.194781e-01
3.650000e-01	-7.521139e-01	7.002642e-01	-1.743172e+00	-1.623700e+00	-1.194718e-01
3.660000e-01	-7.521296e-01	7.002733e-01	-1.743215e+00	-1.623737e+00	-1.194780e-01
3.670000e-01	-7.521987e-01	7.003411e-01	-1.743342e+00	-1.623870e+00	-1.194723e-01
3.680000e-01	-7.522210e-01	7.003588e-01	-1.743402e+00	-1.623922e+00	-1.194798e-01
3.690000e-01	-7.522963e-01	7.004346e-01	-1.743533e+00	-1.624063e+00	-1.194702e-01
3.700000e-01	-7.523165e-01	7.004495e-01	-1.743579e+00	-1.624106e+00	-1.194731e-01
3.710000e-01	-7.523849e-01	7.005161e-01	-1.743709e+00	-1.624239e+00	-1.194694e-01
3.720000e-01	-7.524018e-01	7.005276e-01	-1.743753e+00	-1.624279e+00	-1.194749e-01
3.730000e-01	-7.524701e-01	7.005956e-01	-1.743872e+00	-1.624406e+00	-1.194658e-01
3.740000e-01	-7.524855e-01	7.006052e-01	-1.743918e+00	-1.624444e+00	-1.194733e-01
3.750000e-01	-7.525492e-01	7.006678e-01	-1.744025e+00	-1.624562e+00	-1.194633e-01
3.760000e-01	-7.525610e-01	7.006742e-01	-1.744065e+00	-1.624593e+00	-1.194714e-01
3.770000e-01	-7.526249e-01	7.007380e-01	-1.744181e+00	-1.624716e+00	-1.194658e-01
3.780000e-01	-7.526291e-01	7.007370e-01	-1.744201e+00	-1.624730e+00	-1.194715e-01
3.790000e-01	-7.526868e-01	7.007936e-01	-1.744306e+00	-1.624840e+00	-1.194661e-01
3.800000e-01	-7.527001e-01	7.008019e-01	-1.744347e+00	-1.624874e+00	-1.194735e-01
3.810000e-01	-7.527620e-01	7.008651e-01	-1.744452e+00	-1.624988e+00	-1.194642e-01
3.820000e-01	-7.527713e-01	7.008694e-01	-1.744485e+00	-1.625014e+00	-1.194711e-01
3.830000e-01	-7.528260e-01	7.009240e-01	-1.744583e+00	-1.625118e+00	-1.194657e-01
3.840000e-01	-7.528295e-01	7.009230e-01	-1.744599e+00	-1.625129e+00	-1.194701e-01
3.850000e-01	-7.528895e-01	7.009835e-01	-1.744704e+00	-1.625242e+00	-1.194626e-01
3.860000e-01	-7.528927e-01	7.009804e-01	-1.744730e+00	-1.625258e+00	-1.194725e-01
3.870000e-01	-7.529462e-01	7.010342e-01	-1.744822e+00	-1.625357e+00	-1.194648e-01
3.880000e-01	-7.529505e-01	7.010342e-01	-1.744843e+00	-1.625372e+00	-1.194711e-01
3.890000e-01	-7.530033e-01	7.010891e-01	-1.744929e+00	-1.625468e+00	-1.194611e-01
3.900000e-01	-7.530063e-01	7.010881e-01	-1.744938e+00	-1.625475e+00	-1.194628e-01
3.910000e-01	-7.530634e-01	7.011470e-01	-1.745034e+00	-1.625580e+00	-1.194534e-01
3.920000e-01	-7.530636e-01	7.011440e-01	-1.745049e+00	-1.625588e+00	-1.194607e-01
3.930000e-01	-7.531137e-01	7.011961e-01	-1.745133e+00	-1.625680e+00	-1.194526e-01
3.940000e-01	-7.531005e-01	7.011765e-01	-1.745127e+00	-1.625664e+00	-1.194630e-01
3.950000e-01	-7.531443e-01	7.012193e-01	-1.745212e+00	-1.625750e+00	-1.194615e-01
3.960000e-01	-7.531400e-01	7.012097e-01	-1.745220e+00	-1.625750e+00	-1.194700e-01
3.970000e-01	-7.532008e-01	7.012740e-01	-1.745315e+00	-1.625858e+00	-1.194569e-01
3.980000e-01	-7.532017e-01	7.012715e-01	-1.745321e+00	-1.625862e+00	-1.194588e-01
3.990000e-01	-7.532452e-01	7.013173e-01	-1.745388e+00	-1.625939e+00	-1.194490e-01
4.000000e-01	-7.532383e-01	7.013072e-01	-1.745386e+00	-1.625931e+00	-1.194546e-01
4.010000e-01	-7.532811e-01	7.013516e-01	-1.745465e+00	-1.626013e+00	-1.194511e-01
4.020000e-01	-7.532763e-01	7.013416e-01	-1.745468e+00	-1.626010e+00	-1.194576e-01
4.030000e-01	-7.533215e-01	7.013877e-01	-1.745544e+00	-1.626094e+00	-1.194504e-01
4.040000e-01	-7.533203e-01	7.013820e-01	-1.745558e+00	-1.626099e+00	-1.194585e-01
4.050000e-01	-7.533608e-01	7.014254e-01	-1.745626e+00	-1.626174e+00	-1.194520e-01
4.060000e-01	-7.533521e-01	7.014129e-01	-1.745620e+00	-1.626162e+00	-1.194577e-01
4.070000e-01	-7.533937e-01	7.014561e-01	-1.745688e+00	-1.626238e+00	-1.194505e-01
4.080000e-01	-7.533922e-01	7.014518e-01	-1.745689e+00	-1.626237e+00	-1.194524e-01
4.090000e-01	-7.534334e-01	7.014952e-01	-1.745753e+00	-1.626310e+00	-1.194429e-01
4.100000e-01	-7.534260e-01	7.014839e-01	-1.745753e+00	-1.626303e+00	-1.194506e-01
4.110000e-01	-7.534617e-01	7.015211e-01	-1.745812e+00	-1.626368e+00	-1.194443e-01
4.120000e-01	-7.534509e-01	7.015059e-01	-1.745806e+00	-1.626354e+00	-1.194518e-01
4.130000e-01	-7.534853e-01	7.015423e-01	-1.745865e+00	-1.626418e+00	-1.194470e-01
4.140000e-01	-7.534736e-01	7.015271e-01	-1.745853e+00	-1.626400e+00	-1.194530e-01
4.150000e-01	-7.535119e-01	7.015679e-01	-1.745916e+00	-1.626470e+00	-1.194460e-01
4.160000e-01	-7.535062e-01	7.015596e-01	-1.745910e+00	-1.626461e+00	-1.194487e-01
4.170000e-01	-7.535370e-01	7.015924e-01	-1.745961e+00	-1.626518e+00	-1.194435e-01
4.180000e-01	-7.535218e-01	7.015725e-01	-1.745944e+00	-1.626494e+00	-1.194504e-01
4.190000e-01	-7.535585e-01	7.016109e-01	-1.746007e+00	-1.626562e+00	-1.194450e-01
4.200000e-01	-7.535518e-01	7.016014e-01	-1.746003e+00	-1.626553e+00	-1.194498e-01
4.210000e-01	-7.535927e-01	7.016456e-01	-1.746068e+00	-1.626627e+00	-1.194414e-01
4.220000e-01	-7.535829e-01	7.016327e-01	-1.746054e+00	-1.626610e+00	-1.194442e-01
4.230000e-01	-7.536141e-01	7.016662e-01	-1.746102e+00	-1.626665e+00	-1.194370e-01
4.240000e-01	-7.535971e-01	7.016457e-01	-1.746083e+00	-1.626639e+00	-1.194446e-01
4.250000e-01	-7.536331e-01	7.016849e-01	-1.746141e+00	-1.626704e+00	-1.194373e-01
4.260000e-01	-7.536196e-01	7.016666e-01	-1.746128e+00	-1.626684e+00	-1.194443e-01
4.270000e-01	-7.536458e-01	7.016934e-01	-1.746176e+00	-1.626734e+00	-1.194421e-01
4.280000e-01	-7.536282e-01	7.016713e-01	-1.746157e+00	-1.626707e+00	-1.194503e-01
4.290000e-01	-7.536636e-01	7.017110e-01	-1.746206e+00	-1.626767e+00	-1.194396e-01
4.300000e-01	-7.536595e-01	7.017049e-01	-1.746205e+00	-1.626762e+00	-1.194430e-01
4.310000e-01	-7.536987e-01	7.017471e-01	-1.746268e+00	-1.626833e+00	-1.194353e-01
4.320000e-01	-7.536858e-01	7.017317e-01	-1.746252e+00	-1.626812e+00	-1.194400e-01
4.330000e-01	-7.537128e-01	7.017615e-01	-1.746292e+00	-1.626859e+00	-1.194331e-01
4.340000e-01	-7.536893e-01	7.017342e-01	-1.746260e+00	-1.626819e+00	-1.194405e-01
4.350000e-01	-7.537189e-01	7.017664e-01	-1.746307e+00	-1.626872e+00	-1.194346e-01
4.360000e-01	-7.537014e-01	7.017453e-01	-1.746287e+00	-1.626845e+00	-1.194420e-01
4.370000e-01	-7.537327e-01	7.017790e-01	-1.746339e+00	-1.626902e+00	-1.194366e-01
4.380000e-01	-7.537175e-01	7.017604e-01	-1.746319e+00	-1.626877e+00	-1.194418e-01
4.390000e-01	-7.537474e-01	7.017925e-01	-1.746369e+00	-1.626932e+00	-1.194370e-01
4.400000e-01	-7.537331e-01	7.017753e-01	-1.746349e+00	-1.626908e+00	-1.194415e-01
4.410000e-01	-7.537661e-01	7.018117e-01	-1.746394e+00	-1.626963e+00	-1.194307e-01
4.420000e-01	-7.537502e-01	7.017927e-01	-1.746372e+00	-1.626936e+00	-1.194357e-01
4.430000e-01	-7.537852e-01	7.018300e-01	-1.746430e+00	-1.627000e+00	-1.194300e-01
4.440000e-01	-7.537683e-01	7.018112e-01	-1.746402e+00	-1.626969e+00	-1.194326e-01
4.450000e-01	-7.537990e-01	7.018453e-01	-1.746451e+00	-1.627025e+00	-1.194266e-01
4.460000e-01	-7.537808e-01	7.018239e-01	-1.746425e+00	-1.626993e+00	-1.194316e-01
4.470000e-01	-7.538059e-01	7.018513e-01	-1.746462e+00	-1.627037e+00	-1.194252e-01
4.480000e-01	-7.537792e-01	7.018205e-01	-1.746430e+00	-1.626994e+00	-1.194356e-01
4.490000e-01	-7.537985e-01	7.018416e-01	-1.746465e+00	-1.627031e+00	-1.194339e-01
4.500000e-01	-7.537778e-01	7.018167e-01	-1.746439e+00	-1.626997e+00	-1.194418e-01
4.510000e-01	-7.538027e-01	7.018418e-01	-1.746481e+00	-1.627043e+00	-1.194379e-01
4.520000e-01	-7.537997e-01	7.018371e-01	-1.746477e+00	-1.627038e+00	-1.194391e-01
4.530000e-01	-7.538394e-01	7.018820e-01	-1.746528e+00	-1.627103e+00	-1.194248e-01
4.540000e-01	-7.538230e-01	7.018636e-01	-1.746507e+00	-1.627076e+00	-1.194303e-01
4.550000e-01	-7.538541e-01	7.018974e-01	-1.746558e+00	-1.627133e+00	-1.194250e-01
4.560000e-01	-7.538372e-01	7.018779e-01	-1.746538e+00	-1.627106e+00	-1.194318e-01
4.570000e-01	-7.538604e-01	7.019030e-01	-1.746572e+00	-1.627146e+00	-1.194254e-01
4.580000e-01	-7.538367e-01	7.018752e-01	-1.746539e+00	-1.627106e+00	-1.194326e-01
4.590000e-01	-7.538601e-01	7.019004e-01	-1.746577e+00	-1.627149e+00	-1.194284e-01
4.600000e-01	-7.538358e-01	7.018727e-01	-1.746546e+00	-1.627109e+00	-1.194372e-01
4.610000e-01	-7.538661e-01	7.019056e-01	-1.746595e+00	-1.627164e+00	-1.194314e-01
4.620000e-01	-7.538515e-01	7.018884e-01	-1.746574e+00	-1.627139e+00	-1.194357e-01
4.630000e-01	-7.538784e-01	7.019167e-01	-1.746614e+00	-1.627185e+00	-1.194286e-01
4.640000e-01	-7.538611e-01	7.018968e-01	-1.746592e+00	-1.627157e+00	-1.194350e-01
4.650000e-01	-7.538912e-01	7.019305e-01	-1.746638e+00	-1.627210e+00	-1.194279e-01
4.660000e-01	-7.538617e-01	7.018970e-01	-1.746596e+00	-1.627160e+00	-1.194365e-01
4.670000e-01	-7.538797e-01	7.019167e-01	-1.746625e+00	-1.627192e+00	-1.194326e-01
4.680000e-01	-7.538626e-01	7.018978e-01	-1.746601e+00	-1.627163e+00	-1.194381e-01
4.690000e-01	-7.538927e-01	7.019324e-01	-1.746641e+00	-1.627213e+00	-1.194277e-01
4.700000e-01	-7.538791e-01	7.019163e-01	-1.746624e+00	-1.627191e+00	-1.194330e-01
4.710000e-01	-7.539103e-01	7.019500e-01	-1.746672e+00	-1.627246e+00	-1.194256e-01
4.720000e-01	-7.538853e-01	7.019214e-01	-1.746634e+00	-1.627202e+00	-1.194318e-01
4.730000e-01	-7.539054e-01	7.019429e-01	-1.746664e+00	-1.627237e+00	-1.194266e-01
4.740000e-01	-7.538899e-01	7.019237e-01	-1.746642e+00	-1.627211e+00	-1.194310e-01
4.750000e-01	-7.539232e-01	7.019594e-01	-1.746696e+00	-1.627271e+00	-1.194250e-01
4.760000e-01	-7.539078e-01	7.019415e-01	-1.746681e+00	-1.627248e+00	-1.194325e-01
4.770000e-01	-7.539303e-01	7.019682e-01	-1.746709e+00	-1.627285e+00	-1.194243e-01
4.780000e-01	-7.539057e-01	7.019410e-01	-1.746674e+00	-1.627243e+00	-1.194315e-01
4.790000e-01	-7.539246e-01	7.019618e-01	-1.746703e+00	-1.627276e+00	-1.194266e-01
4.800000e-01	-7.538981e-01	7.019327e-01	-1.746664e+00	-1.627230e+00	-1.194340e-01
4.810000e-01	-7.539266e-01	7.019640e-01	-1.746710e+00	-1.627282e+00	-1.194283e-01
4.820000e-01	-7.539054e-01	7.019396e-01	-1.746682e+00	-1.627246e+00	-1.194353e-01
4.830000e-01	-7.539369e-01	7.019742e-01	-1.746722e+00	-1.627298e+00	-1.194243e-01
4.840000e-01	-7.539190e-01	7.019537e-01	-1.746696e+00	-1.627267e+00	-1.194292e-01
4.850000e-01	-7.539457e-01	7.019828e-01	-1.746738e+00	-1.627315e+00	-1.194233e-01
4.860000e-01	-7.539204e-01	7.019546e-01	-1.746701e+00	-1.627271e+00	-1.194302e-01
4.870000e-01	-7.539441e-01	7.019810e-01	-1.746737e+00	-1.627313e+00	-1.194245e-01
4.880000e-01	-7.539215e-01	7.019563e-01	-1.746707e+00	-1.627275e+00	-1.194320e-01
4.890000e-01	-7.539428e-01	7.019809e-01	-1.746736e+00	-1.627311e+00	-1.194254e-01
4.900000e-01	-7.539163e-01	7.019502e-01	-1.746701e+00	-1.627267e+00	-1.194342e-01
4.910000e-01	-7.539420e-01	7.019782e-01	-1.746743e+00	-1.627314e+00	-1.194296e-01
4.920000e-01	-7.539275e-01	7.019623e-01	-1.746716e+00	-1.627286e+00	-1.194305e-01
4.930000e-01	-7.539595e-01	7.019983e-01	-1.746758e+00	-1.627339e+00	-1.194196e-01
4.940000e-01	-7.539412e-01	7.019765e-01	-1.746733e+00	-1.627308e+00	-1.194254e-01
4.950000e-01	-7.539645e-01	7.020008e-01	-1.746772e+00	-1.627351e+00	-1.194216e-01
4.960000e-01	-7.539422e-01	7.019749e-01	-1.746744e+00	-1.627314e+00	-1.194299e-01
4.970000e-01	-7.539648e-01	7.020003e-01	-1.746783e+00	-1.627357e+00	-1.194269e-01
4.980000e-01	-7.539418e-01	7.019737e-01	-1.746752e+00	-1.627318e+00	-1.194340e-01
4.990000e-01	-7.539677e-01	7.020021e-01	-1.746793e+00	-1.627364e+00	-1.194287e-01
5.000000e-01	-7.539478e-01	7.019805e-01	-1.746759e+00	-1.627327e+00	-1.194318e-01
5.010000e-01	-7.539701e-01	7.020078e-01	-1.746781e+00	-1.627361e+00	-1.194204e-01
5.020000e-01	-7.539439e-01	7.019797e-01	-1.746746e+00	-1.627317e+00	-1.194290e-01
5.030000e-01	-7.539686e-01	7.020064e-01	-1.746785e+00	-1.627361e+00	-1.194239e-01
5.040000e-01	-7.539460e-01	7.019807e-01	-1.746752e+00	-1.627322e+00	-1.194301e-01
5.050000e-01	-7.539730e-01	7.020101e-01	-1.746796e+00	-1.627371e+00	-1.194250e-01
5.060000e-01	-7.539489e-01	7.019820e-01	-1.746758e+00	-1.627328e+00	-1.194302e-01
5.070000e-01	-7.539724e-01	7.020076e-01	-1.746786e+00	-1.627365e+00	-1.194204e-01
5.080000e-01	-7.539500e-01	7.019830e-01	-1.746754e+00	-1.627327e+00	-1.194267e-01
5.090000e-01	-7.539805e-01	7.020166e-01	-1.746800e+00	-1.627380e+00	-1.194196e-01
5.100000e-01	-7.539640e-01	7.019981e-01	-1.746780e+00	-1.627354e+00	-1.194260e-01
5.110000e-01	-7.539883e-01	7.020251e-01	-1.746820e+00	-1.627398e+00	-1.194216e-01
5.120000e-01	-7.539647e-01	7.019994e-01	-1.746785e+00	-1.627357e+00	-1.194278e-01
5.130000e-01	-7.539856e-01	7.020246e-01	-1.746810e+00	-1.627391e+00	-1.194197e-01
5.140000e-01	-7.539585e-01	7.019930e-01	-1.746775e+00	-1.627346e+00	-1.194289e-01
5.150000e-01	-7.539835e-01	7.020192e-01	-1.746812e+00	-1.627390e+00	-1.194225e-01
5.160000e-01	-7.539611e-01	7.019939e-01	-1.746778e+00	-1.627350e+00	-1.194281e-01
5.170000e-01	-7.539835e-01	7.020182e-01	-1.746818e+00	-1.627392e+00	-1.194253e-01
5.180000e-01	-7.539619e-01	7.019931e-01	-1.746787e+00	-1.627355e+00	-1.194315e-01
5.190000e-01	-7.539863e-01	7.020204e-01	-1.746822e+00	-1.627397e+00	-1.194248e-01
5.200000e-01	-7.539610e-01	7.019927e-01	-1.746783e+00	-1.627352e+00	-1.194303e-01
5.210000e-01	-7.539854e-01	7.020213e-01	-1.746817e+00	-1.627394e+00	-1.194232e-01
5.220000e-01	-7.539660e-01	7.020004e-01	-1.746787e+00	-1.627359e+00	-1.194274e-01
5.230000e-01	-7.539930e-01	7.020304e-01	-1.746826e+00	-1.627406e+00	-1.194202e-01
5.240000e-01	-7.539810e-01	7.020172e-01	-1.746805e+00	-1.627383e+00	-1.194215e-01
5.250000e-01	-7.540091e-01	7.020484e-01	-1.746845e+00	-1.627431e+00	-1.194132e-01
5.260000e-01	-7.539778e-01	7.020119e-01	-1.746805e+00	-1.627381e+00	-1.194249e-01
5.270000e-01	-7.539949e-01	7.020294e-01	-1.746840e+00	-1.627415e+00	-1.194253e-01
5.280000e-01	-7.539691e-01	7.020011e-01	-1.746801e+00	-1.627370e+00	-1.194314e-01
5.290000e-01	-7.539928e-01	7.020282e-01	-1.746837e+00	-1.627411e+00	-1.194256e-01
5.300000e-01	-7.539755e-01	7.020086e-01	-1.746808e+00	-1.627379e+00	-1.194284e-01
5.310000e-01	-7.539957e-01	7.020315e-01	-1.746830e+00	-1.627411e+00	-1.194193e-01
5.320000e-01	-7.539740e-01	7.020074e-01	-1.746799e+00	-1.627373e+00	-1.194254e-01
5.330000e-01	-7.540019e-01	7.020396e-01	-1.746838e+00	-1.627421e+00	-1.194170e-01
5.340000e-01	-7.539827e-01	7.020183e-01	-1.746811e+00	-1.627388e+00	-1.194230e-01
5.350000e-01	-7.540106e-01	7.020487e-01	-1.746856e+00	-1.627439e+00	-1.194177e-01
5.360000e-01	-7.539844e-01	7.020184e-01	-1.746822e+00	-1.627395e+00	-1.194265e-01
5.370000e-01	-7.539967e-01	7.020325e-01	-1.746840e+00	-1.627417e+00	-1.194233e-01
5.380000e-01	-7.539703e-01	7.020024e-01	-1.746797e+00	-1.627369e+00	-1.194284e-01
5.390000e-01	-7.539885e-01	7.020220e-01	-1.746828e+00	-1.627402e+00	-1.194253e-01
5.400000e-01	-7.539735e-01	7.020053e-01	-1.746804e+00	-1.627376e+00	-1.194287e-01
5.410000e-01	-7.540021e-01	7.020377e-01	-1.746850e+00	-1.627427e+00	-1.194230e-01
5.420000e-01	-7.539847e-01	7.020183e-01	-1.746824e+00	-1.627397e+00	-1.194272e-01
5.430000e-01	-7.540063e-01	7.020430e-01	-1.746852e+00	-1.627432e+00	-1.194197e-01
5.440000e-01	-7.539828e-01	7.020172e-01	-1.746814e+00	-1.627390e+00	-1.194241e-01
5.450000e-01	-7.540105e-01	7.020481e-01	-1.746857e+00	-1.627439e+00	-1.194179e-01
5.460000e-01	-7.539914e-01	7.020265e-01	-1.746827e+00	-1.627405e+00	-1.194220e-01
5.470000e-01	-7.540145e-01	7.020511e-01	-1.746865e+00	-1.627447e+00	-1.194181e-01
5.480000e-01	-7.539994e-01	7.020335e-01	-1.746843e+00	-1.627421e+00	-1.194222e-01
5.490000e-01	-7.540143e-01	7.020508e-01	-1.746868e+00	-1.627448e+00	-1.194198e-01
5.500000e-01	-7.539861e-01	7.020187e-01	-1.746828e+00	-1.627400e+00	-1.194281e-01
5.510000e-01	-7.539970e-01	7.020306e-01	-1.746852e+00	-1.627423e+00	-1.194288e-01
5.520000e-01	-7.539701e-01	7.020007e-01	-1.746812e+00	-1.627376e+00	-1.194360e-01
5.530000e-01	-7.539892e-01	7.020229e-01	-1.746838e+00	-1.627408e+00	-1.194296e-01
5.540000e-01	-7.539764e-01	7.020090e-01	-1.746813e+00	-1.627383e+00	-1.194301e-01
5.550000e-01	-7.540079e-01	7.020442e-01	-1.746856e+00	-1.627436e+00	-1.194203e-01
5.560000e-01	-7.539916e-01	7.020265e-01	-1.746832e+00	-1.627408e+00	-1.194244e-01
5.570000e-01	-7.540180e-01	7.020568e-01	-1.746869e+00	-1.627453e+00	-1.194167e-01
5.580000e-01	-7.539976e-01	7.020338e-01	-1.746839e+00	-1.627417e+00	-1.194220e-01
5.590000e-01	-7.540113e-01	7.020481e-01	-1.746863e+00	-1.627443e+00	-1.194203e-01
5.600000e-01	-7.539863e-01	7.020189e-01	-1.746829e+00	-1.627401e+00	-1.194280e-01
5.610000e-01	-7.539993e-01	7.020341e-01	-1.746845e+00	-1.627422e+00	-1.194234e-01
5.620000e-01	-7.539746e-01	7.020063e-01	-1.746808e+00	-1.627379e+00	-1.194295e-01
5.630000e-01	-7.540022e-01	7.020368e-01	-1.746852e+00	-1.627428e+00	-1.194235e-01
5.640000e-01	-7.539905e-01	7.020236e-01	-1.746835e+00	-1.627408e+00	-1.194271e-01
5.650000e-01	-7.540234e-01	7.020600e-01	-1.746885e+00	-1.627466e+00	-1.194188e-01
5.660000e-01	-7.540041e-01	7.020378e-01	-1.746859e+00	-1.627434e+00	-1.194254e-01
5.670000e-01	-7.540189e-01	7.020554e-01	-1.746880e+00	-1.627459e+00	-1.194210e-01
5.680000e-01	-7.539904e-01	7.020235e-01	-1.746836e+00	-1.627408e+00	-1.194276e-01
5.690000e-01	-7.540072e-01	7.020418e-01	-1.746863e+00	-1.627439e+00	-1.194245e-01
5.700000e-01	-7.539893e-01	7.020208e-01	-1.746833e+00	-1.627406e+00	-1.194272e-01
5.710000e-01	-7.540110e-01	7.020441e-01	-1.746869e+00	-1.627446e+00	-1.194236e-01
5.720000e-01	-7.539924e-01	7.020235e-01	-1.746843e+00	-1.627414e+00	-1.194292e-01
5.730000e-01	-7.540165e-01	7.020521e-01	-1.746877e+00	-1.627455e+00	-1.194221e-01
5.740000e-01	-7.539962e-01	7.020299e-01	-1.746846e+00	-1.627419e+00	-1.194268e-01
5.750000e-01	-7.540183e-01	7.020547e-01	-1.746879e+00	-1.627458e+00	-1.194211e-01
5.760000e-01	-7.539952e-01	7.020302e-01	-1.746841e+00	-1.627416e+00	-1.194254e-01
5.770000e-01	-7.540127e-01	7.020504e-01	-1.746865e+00	-1.627445e+00	-1.194199e-01
5.780000e-01	-7.539888e-01	7.020231e-01	-1.746831e+00	-1.627404e+00	-1.194265e-01
5.790000e-01	-7.540082e-01	7.020437e-01	-1.746860e+00	-1.627438e+00	-1.194217e-01
5.800000e-01	-7.539920e-01	7.020239e-01	-1.746837e+00	-1.627411e+00	-1.194267e-01
5.810000e-01	-7.540184e-01	7.020532e-01	-1.746879e+00	-1.627458e+00	-1.194210e-01
5.820000e-01	-7.540008e-01	7.020337e-01	-1.746850e+00	-1.627426e+00	-1.194243e-01
5.830000e-01	-7.540213e-01	7.020566e-01	-1.746883e+00	-1.627463e+00	-1.194203e-01
5.840000e-01	-7.540033e-01	7.020362e-01	-1.746855e+00	-1.627431e+00	-1.194243e-01
5.850000e-01	-7.540237e-01	7.020600e-01	-1.746883e+00	-1.627465e+00	-1.194181e-01
5.860000e-01	-7.539978e-01	7.020309e-01	-1.746845e+00	-1.627420e+00	-1.194248e-01
5.870000e-01	-7.540156e-01	7.020507e-01	-1.746875e+00	-1.627453e+00	-1.194218e-01
5.880000e-01	-7.540002e-01	7.020335e-01	-1.746853e+00	-1.627427e+00	-1.194262e-01
5.890000e-01	-7.540200e-01	7.020563e-01	-1.746883e+00	-1.627462e+00	-1.194217e-01
5.900000e-01	-7.539989e-01	7.020313e-01	-1.746856e+00	-1.627427e+00	-1.194289e-01
5.910000e-01	-7.540159e-01	7.020503e-01	-1.746879e+00	-1.627455e+00	-1.194234e-01
5.920000e-01	-7.539975e-01	7.020300e-01	-1.746847e+00	-1.627421e+00	-1.194261e-01
5.930000e-01	-7.540215e-01	7.020568e-01	-1.746881e+00	-1.627462e+00	-1.194190e-01
5.940000e-01	-7.539989e-01	7.020317e-01	-1.746847e+00	-1.627423e+00	-1.194249e-01
5.950000e-01	-7.540195e-01	7.020537e-01	-1.746883e+00	-1.627461e+00	-1.194219e-01
5.960000e-01	-7.540052e-01	7.020373e-01	-1.746866e+00	-1.627438e+00	-1.194276e-01
5.970000e-01	-7.540271e-01	7.020627e-01	-1.746899e+00	-1.627477e+00	-1.194224e-01
5.980000e-01	-7.540051e-01	7.020382e-01	-1.746862e+00	-1.627436e+00	-1.194262e-01
5.990000e-01	-7.540223e-01	7.020576e-01	-1.746886e+00	-1.627465e+00	-1.194206e-01
6.000000e-01	-7.539990e-01	7.020324e-01	-1.746849e+00	-1.627424e+00	-1.194256e-01
6.010000e-01	-7.540198e-01	7.020558e-01	-1.746879e+00	-1.627459e+00	-1.194198e-01
6.020000e-01	-7.540006e-01	7.020337e-01	-1.746850e+00	-1.627426e+00	-1.194245e-01
6.030000e-01	-7.540202e-01	7.020553e-01	-1.746878e+00	-1.627459e+00	-1.194188e-01
6.040000e-01	-7.540030e-01	7.020360e-01	-1.746851e+00	-1.627428e+00	-1.194225e-01
6.050000e-01	-7.540260e-01	7.020613e-01	-1.746887e+00	-1.627469e+00	-1.194174e-01
6.060000e-01	-7.540079e-01	7.020400e-01	-1.746860e+00	-1.627438e+00	-1.194219e-01
6.070000e-01	-7.540254e-01	7.020587e-01	-1.746890e+00	-1.627470e+00	-1.194195e-01
6.080000e-01	-7.540044e-01	7.020344e-01	-1.746860e+00	-1.627434e+00	-1.194255e-01
6.090000e-01	-7.540249e-01	7.020583e-01	-1.746888e+00	-1.627469e+00	-1.194190e-01
6.100000e-01	-7.540040e-01	7.020367e-01	-1.746854e+00	-1.627431e+00	-1.194229e-01
6.110000e-01	-7.540227e-01	7.020575e-01	-1.746888e+00	-1.627467e+00	-1.194214e-01
6.120000e-01	-7.540035e-01	7.020364e-01	-1.746859e+00	-1.627433e+00	-1.194261e-01
6.130000e-01	-7.540271e-01	7.020628e-01	-1.746893e+00	-1.627474e+00	-1.194195e-01
6.140000e-01	-7.540065e-01	7.020390e-01	-1.746866e+00	-1.627439e+00	-1.194264e-01
6.150000e-01	-7.540307e-01	7.020659e-01	-1.746900e+00	-1.627481e+00	-1.194192e-01
6.160000e-01	-7.540072e-01	7.020398e-01	-1.746865e+00	-1.627440e+00	-1.194251e-01
6.170000e-01	-7.540245e-01	7.020591e-01	-1.746893e+00	-1.627471e+00	-1.194221e-01
6.180000e-01	-7.540112e-01	7.020439e-01	-1.746869e+00	-1.627446e+00	-1.194234e-01
6.190000e-01	-7.540352e-01	7.020703e-01	-1.746903e+00	-1.627487e+00	-1.194165e-01
6.200000e-01	-7.540170e-01	7.020498e-01	-1.746880e+00	-1.627457e+00	-1.194231e-01
6.210000e-01	-7.540279e-01	7.020640e-01	-1.746896e+00	-1.627476e+00	-1.194201e-01
6.220000e-01	-7.540029e-01	7.020371e-01	-1.746859e+00	-1.627433e+00	-1.194268e-01
6.230000e-01	-7.540207e-01	7.020570e-01	-1.746884e+00	-1.627463e+00	-1.194215e-01
6.240000e-01	-7.540042e-01	7.020387e-01	-1.746853e+00	-1.627431e+00	-1.194226e-01
6.250000e-01	-7.540281e-01	7.020651e-01	-1.746886e+00	-1.627471e+00	-1.194150e-01
6.260000e-01	-7.540138e-01	7.020483e-01	-1.746866e+00	-1.627447e+00	-1.194194e-01
6.270000e-01	-7.540327e-01	7.020695e-01	-1.746897e+00	-1.627481e+00	-1.194160e-01
6.280000e-01	-7.540156e-01	7.020493e-01	-1.746872e+00	-1.627451e+00	-1.194203e-01
6.290000e-01	-7.540377e-01	7.020733e-01	-1.746909e+00	-1.627492e+00	-1.194167e-01
6.300000e-01	-7.540185e-01	7.020519e-01	-1.746879e+00	-1.627458e+00	-1.194210e-01
6.310000e-01	-7.540343e-01	7.020708e-01	-1.746899e+00	-1.627484e+00	-1.194154e-01
6.320000e-01	-7.540012e-01	7.020355e-01	-1.746854e+00	-1.627428e+00	-1.194255e-01
6.330000e-01	-7.540164e-01	7.020537e-01	-1.746875e+00	-1.627454e+00	-1.194212e-01
6.340000e-01	-7.539982e-01	7.020327e-01	-1.746848e+00	-1.627422e+00	-1.194256e-01
6.350000e-01	-7.540263e-01	7.020630e-01	-1.746888e+00	-1.627470e+00	-1.194177e-01
6.360000e-01	-7.540191e-01	7.020549e-01	-1.746873e+00	-1.627456e+00	-1.194175e-01
6.370000e-01	-7.540393e-01	7.020781e-01	-1.746905e+00	-1.627492e+00	-1.194130e-01
6.380000e-01	-7.540236e-01	7.020594e-01	-1.746883e+00	-1.627465e+00	-1.194176e-01
6.390000e-01	-7.540415e-01	7.020790e-01	-1.746907e+00	-1.627495e+00	-1.194120e-01
6.400000e-01	-7.540186e-01	7.020530e-01	-1.746878e+00	-1.627458e+00	-1.194204e-01
6.410000e-01	-7.540336e-01	7.020699e-01	-1.746902e+00	-1.627485e+00	-1.194176e-01
6.420000e-01	-7.540100e-01	7.020445e-01	-1.746861e+00	-1.627440e+00	-1.194205e-01
6.430000e-01	-7.540281e-01	7.020659e-01	-1.746888e+00	-1.627472e+00	-1.194160e-01
6.440000e-01	-7.540106e-01	7.020466e-01	-1.746862e+00	-1.627442e+00	-1.194204e-01
6.450000e-01	-7.540273e-01	7.020661e-01	-1.746885e+00	-1.627470e+00	-1.194150e-01
6.460000e-01	-7.540057e-01	7.020414e-01	-1.746852e+00	-1.627431e+00	-1.194201e-01
6.470000e-01	-7.540186e-01	7.020556e-01	-1.746874e+00	-1.627455e+00	-1.194182e-01
6.480000e-01	-7.540030e-01	7.020381e-01	-1.746851e+00	-1.627429e+00	-1.194227e-01
6.490000e-01	-7.540279e-01	7.020654e-01	-1.746887e+00	-1.627472e+00	-1.194157e-01
6.500000e-01	-7.540184e-01	7.020533e-01	-1.746873e+00	-1.627455e+00	-1.194181e-01
6.510000e-01	-7.540381e-01	7.020749e-01	-1.746902e+00	-1.627489e+00	-1.194127e-01
6.520000e-01	-7.540151e-01	7.020505e-01	-1.746861e+00	-1.627446e+00	-1.194156e-01
6.530000e-01	-7.540331e-01	7.020724e-01	-1.746886e+00	-1.627476e+00	-1.194100e-01
6.540000e-01	-7.540146e-01	7.020522e-01	-1.746860e+00	-1.627445e+00	-1.194156e-01
6.550000e-01	-7.540323e-01	7.020715e-01	-1.746890e+00	-1.627477e+00	-1.194128e-01
6.560000e-01	-7.540085e-01	7.020443e-01	-1.746859e+00	-1.627438e+00	-1.194210e-01
6.570000e-01	-7.540229e-01	7.020604e-01	-1.746882e+00	-1.627464e+00	-1.194179e-01
6.580000e-01	-7.540042e-01	7.020392e-01	-1.746852e+00	-1.627430e+00	-1.194219e-01
6.590000e-01	-7.540270e-01	7.020639e-01	-1.746889e+00	-1.627471e+00	-1.194174e-01
6.600000e-01	-7.540159e-01	7.020510e-01	-1.746869e+00	-1.627450e+00	-1.194186e-01
6.610000e-01	-7.540393e-01	7.020770e-01	-1.746905e+00	-1.627492e+00	-1.194129e-01
6.620000e-01	-7.540226e-01	7.020582e-01	-1.746884e+00	-1.627464e+00	-1.194192e-01
6.630000e-01	-7.540408e-01	7.020787e-01	-1.746911e+00	-1.627496e+00	-1.194145e-01
6.640000e-01	-7.540152e-01	7.020521e-01	-1.746877e+00	-1.627454e+00	-1.194233e-01
6.650000e-01	-7.540310e-01	7.020703e-01	-1.746904e+00	-1.627483e+00	-1.194211e-01
6.660000e-01	-7.540075e-01	7.020447e-01	-1.746868e+00	-1.627441e+00	-1.194263e-01
6.670000e-01	-7.540262e-01	7.020653e-01	-1.746896e+00	-1.627474e+00	-1.194216e-01
6.680000e-01	-7.540108e-01	7.020477e-01	-1.746872e+00	-1.627447e+00	-1.194251e-01
6.690000e-01	-7.540356e-01	7.020759e-01	-1.746901e+00	-1.627486e+00	-1.194150e-01
6.700000e-01	-7.540225e-01	7.020616e-01	-1.746879e+00	-1.627462e+00	-1.194170e-01
6.710000e-01	-7.540438e-01	7.020842e-01	-1.746909e+00	-1.627498e+00	-1.194106e-01
6.720000e-01	-7.540195e-01	7.020576e-01	-1.746869e+00	-1.627454e+00	-1.194148e-01
6.730000e-01	-7.540355e-01	7.020750e-01	-1.746893e+00	-1.627482e+00	-1.194112e-01
6.740000e-01	-7.540119e-01	7.020490e-01	-1.746858e+00	-1.627441e+00	-1.194170e-01
6.750000e-01	-7.540269e-01	7.020662e-01	-1.746881e+00	-1.627467e+00	-1.194135e-01
6.760000e-01	-7.540044e-01	7.020423e-01	-1.746849e+00	-1.627429e+00	-1.194202e-01
6.770000e-01	-7.540199e-01	7.020600e-01	-1.746874e+00	-1.627457e+00	-1.194170e-01
6.780000e-01	-7.540012e-01	7.020386e-01	-1.746843e+00	-1.627423e+00	-1.194204e-01
6.790000e-01	-7.540251e-01	7.020644e-01	-1.746877e+00	-1.627464e+00	-1.194137e-01
6.800000e-01	-7.540153e-01	7.020544e-01	-1.746860e+00	-1.627445e+00	-1.194150e-01
6.810000e-01	-7.540414e-01	7.020841e-01	-1.746898e+00	-1.627490e+00	-1.194076e-01
6.820000e-01	-7.540247e-01	7.020657e-01	-1.746875e+00	-1.627462e+00	-1.194127e-01
6.830000e-01	-7.540443e-01	7.020863e-01	-1.746906e+00	-1.627497e+00	-1.194087e-01
6.840000e-01	-7.540255e-01	7.020650e-01	-1.746873e+00	-1.627462e+00	-1.194110e-01
6.850000e-01	-7.540417e-01	7.020832e-01	-1.746898e+00	-1.627491e+00	-1.194072e-01
6.860000e-01	-7.540193e-01	7.020584e-01	-1.746870e+00	-1.627454e+00	-1.194154e-01
6.870000e-01	-7.540316e-01	7.020728e-01	-1.746887e+00	-1.627475e+00	-1.194120e-01
6.880000e-01	-7.540082e-01	7.020481e-01	-1.746850e+00	-1.627433e+00	-1.194169e-01
6.890000e-01	-7.540283e-01	7.020710e-01	-1.746875e+00	-1.627466e+00	-1.194094e-01
6.900000e-01	-7.540088e-01	7.020489e-01	-1.746842e+00	-1.627430e+00	-1.194124e-01
6.910000e-01	-7.540286e-01	7.020706e-01	-1.746874e+00	-1.627466e+00	-1.194085e-01
6.920000e-01	-7.540089e-01	7.020490e-01	-1.746846e+00	-1.627432e+00	-1.194143e-01
6.930000e-01	-7.540336e-01	7.020761e-01	-1.746884e+00	-1.627476e+00	-1.194085e-01
6.940000e-01	-7.540139e-01	7.020543e-01	-1.746856e+00	-1.627442e+00	-1.194142e-01
6.950000e-01	-7.540344e-01	7.020765e-01	-1.746888e+00	-1.627478e+00	-1.194094e-01
6.960000e-01	-7.540112e-01	7.020525e-01	-1.746850e+00	-1.627436e+00	-1.194137e-01
6.970000e-01	-7.540263e-01	7.020698e-01	-1.746871e+00	-1.627462e+00	-1.194095e-01
6.980000e-01	-7.540086e-01	7.020493e-01	-1.746844e+00	-1.627431e+00	-1.194136e-01
6.990000e-01	-7.540314e-01	7.020745e-01	-1.746872e+00	-1.627467e+00	-1.194046e-01
7.000000e-01	-7.540203e-01	7.020628e-01	-1.746851e+00	-1.627446e+00	-1.194051e-01
7.010000e-01	-7.540364e-01	7.020812e-01	-1.746874e+00	-1.627473e+00	-1.194007e-01
7.020000e-01	-7.540143e-01	7.020566e-01	-1.746841e+00	-1.627435e+00	-1.194061e-01
7.030000e-01	-7.540355e-01	7.020794e-01	-1.746875e+00	-1.627473e+00	-1.194022e-01
7.040000e-01	-7.540197e-01	7.020620e-01	-1.746855e+00	-1.627447e+00	-1.194077e-01
7.050000e-01	-7.540430e-01	7.020873e-01	-1.746892e+00	-1.627489e+00	-1.194032e-01
7.060000e-01	-7.540178e-01	7.020593e-01	-1.746861e+00	-1.627448e+00	-1.194126e-01
7.070000e-01	-7.540312e-01	7.020736e-01	-1.746882e+00	-1.627472e+00	-1.194096e-01
7.080000e-01	-7.540063e-01	7.020461e-01	-1.746840e+00	-1.627426e+00	-1.194138e-01
7.090000e-01	-7.540268e-01	7.020689e-01	-1.746869e+00	-1.627461e+00	-1.194076e-01
7.100000e-01	-7.540103e-01	7.020508e-01	-1.746840e+00	-1.627431e+00	-1.194098e-01
7.110000e-01	-7.540300e-01	7.020729e-01	-1.746867e+00	-1.627464e+00	-1.194037e-01
7.120000e-01	-7.540117e-01	7.020544e-01	-1.746842e+00	-1.627433e+00	-1.194092e-01
7.130000e-01	-7.540291e-01	7.020734e-01	-1.746870e+00	-1.627464e+00	-1.194059e-01
7.140000e-01	-7.540100e-01	7.020516e-01	-1.746843e+00	-1.627431e+00	-1.194113e-01
7.150000e-01	-7.540348e-01	7.020781e-01	-1.746879e+00	-1.627474e+00	-1.194049e-01
7.160000e-01	-7.540191e-01	7.020612e-01	-1.746856e+00	-1.627447e+00	-1.194091e-01
7.170000e-01	-7.540378e-01	7.020828e-01	-1.746882e+00	-1.627479e+00	-1.194030e-01
7.180000e-01	-7.540167e-01	7.020598e-01	-1.746848e+00	-1.627441e+00	-1.194073e-01
7.190000e-01	-7.540291e-01	7.020720e-01	-1.746872e+00	-1.627465e+00	-1.194070e-01
7.200000e-01	-7.540031e-01	7.020432e-01	-1.746834e+00	-1.627420e+00	-1.194137e-01
7.210000e-01	-7.540274e-01	7.020700e-01	-1.746868e+00	-1.627462e+00	-1.194068e-01
7.220000e-01	-7.540123e-01	7.020538e-01	-1.746847e+00	-1.627436e+00	-1.194114e-01
7.230000e-01	-7.540355e-01	7.020791e-01	-1.746879e+00	-1.627475e+00	-1.194042e-01
7.240000e-01	-7.540166e-01	7.020581e-01	-1.746850e+00	-1.627442e+00	-1.194084e-01
7.250000e-01	-7.540304e-01	7.020722e-01	-1.746875e+00	-1.627468e+00	-1.194073e-01
7.260000e-01	-7.540046e-01	7.020431e-01	-1.746837e+00	-1.627423e+00	-1.194140e-01
7.270000e-01	-7.540217e-01	7.020618e-01	-1.746865e+00	-1.627454e+00	-1.194106e-01
7.280000e-01	-7.540038e-01	7.020439e-01	-1.746838e+00	-1.627423e+00	-1.194150e-01
7.290000e-01	-7.540287e-01	7.020727e-01	-1.746868e+00	-1.627463e+00	-1.194052e-01
7.300000e-01	-7.540127e-01	7.020553e-01	-1.746846e+00	-1.627436e+00	-1.194102e-01
7.310000e-01	-7.540347e-01	7.020791e-01	-1.746883e+00	-1.627476e+00	-1.194070e-01
7.320000e-01	-7.540135e-01	7.020560e-01	-1.746850e+00	-1.627439e+00	-1.194117e-01
7.330000e-01	-7.540303e-01	7.020748e-01	-1.746875e+00	-1.627468e+00	-1.194072e-01
7.340000e-01	-7.540148e-01	7.020571e-01	-1.746850e+00	-1.627440e+00	-1.194101e-01
7.350000e-01	-7.540343e-01	7.020774e-01	-1.746877e+00	-1.627473e+00	-1.194044e-01
7.360000e-01	-7.540087e-01	7.020495e-01	-1.746840e+00	-1.627429e+00	-1.194116e-01
7.370000e-01	-7.540247e-01	7.020669e-01	-1.746866e+00	-1.627458e+00	-1.194085e-01
7.380000e-01	-7.540050e-01	7.020457e-01	-1.746837e+00	-1.627424e+00	-1.194137e-01
7.390000e-01	-7.540305e-01	7.020734e-01	-1.746874e+00	-1.627467e+00	-1.194063e-01
7.400000e-01	-7.540144e-01	7.020556e-01	-1.746852e+00	-1.627440e+00	-1.194114e-01
7.410000e-01	-7.540339e-01	7.020781e-01	-1.746878e+00	-1.627473e+00	-1.194051e-01
7.420000e-01	-7.540086e-01	7.020508e-01	-1.746842e+00	-1.627430e+00	-1.194125e-01
7.430000e-01	-7.540196e-01	7.020627e-01	-1.746859e+00	-1.627449e+00	-1.194101e-01
7.440000e-01	-7.539951e-01	7.020365e-01	-1.746819e+00	-1.627405e+00	-1.194146e-01
7.450000e-01	-7.540186e-01	7.020620e-01	-1.746852e+00	-1.627445e+00	-1.194074e-01
7.460000e-01	-7.540022e-01	7.020430e-01	-1.746832e+00	-1.627418e+00	-1.194137e-01
7.470000e-01	-7.540252e-01	7.020677e-01	-1.746867e+00	-1.627459e+00	-1.194083e-01
7.480000e-01	-7.540066e-01	7.020472e-01	-1.746842e+00	-1.627428e+00	-1.194143e-01
7.490000e-01	-7.540271e-01	7.020701e-01	-1.746874e+00	-1.627464e+00	-1.194097e-01
7.500000e-01	-7.540128e-01	7.020544e-01	-1.746845e+00	-1.627436e+00	-1.194099e-01
7.510000e-01	-7.540346e-01	7.020783e-01	-1.746875e+00	-1.627472e+00	-1.194029e-01
7.520000e-01	-7.540153e-01	7.020582e-01	-1.746845e+00	-1.627438e+00	-1.194070e-01
7.530000e-01	-7.540300e-01	7.020754e-01	-1.746864e+00	-1.627462e+00	-1.194017e-01
7.540000e-01	-7.540076e-01	7.020508e-01	-1.746835e+00	-1.627425e+00	-1.194099e-01
7.550000e-01	-7.540281e-01	7.020722e-01	-1.746871e+00	-1.627464e+00	-1.194076e-01
7.560000e-01	-7.540086e-01	7.020504e-01	-1.746844e+00	-1.627431e+00	-1.194136e-01
7.570000e-01	-7.540258e-01	7.020690e-01	-1.746870e+00	-1.627461e+00	-1.194094e-01
7.580000e-01	-7.540069e-01	7.020474e-01	-1.746845e+00	-1.627429e+00	-1.194154e-01
7.590000e-01	-7.540257e-01	7.020684e-01	-1.746864e+00	-1.627458e+00	-1.194064e-01
7.600000e-01	-7.539964e-01	7.020373e-01	-1.746816e+00	-1.627404e+00	-1.194117e-01
7.610000e-01	-7.540149e-01	7.020576e-01	-1.746845e+00	-1.627437e+00	-1.194076e-01
7.620000e-01	-7.540002e-01	7.020414e-01	-1.746826e+00	-1.627413e+00	-1.194129e-01
7.630000e-01	-7.540256e-01	7.020696e-01	-1.746866e+00	-1.627458e+00	-1.194072e-01
7.640000e-01	-7.540087e-01	7.020513e-01	-1.746843e+00	-1.627430e+00	-1.194131e-01
7.650000e-01	-7.540266e-01	7.020712e-01	-1.746868e+00	-1.627460e+00	-1.194072e-01
7.660000e-01	-7.540068e-01	7.020492e-01	-1.746837e+00	-1.627425e+00	-1.194120e-01
7.670000e-01	-7.540265e-01	7.020708e-01	-1.746866e+00	-1.627459e+00	-1.194063e-01
7.680000e-01	-7.540074e-01	7.020504e-01	-1.746828e+00	-1.627421e+00	-1.194064e-01
7.690000e-01	-7.540291e-01	7.020744e-01	-1.746859e+00	-1.627459e+00	-1.194003e-01
7.700000e-01	-7.540115e-01	7.020544e-01	-1.746837e+00	-1.627430e+00	-1.194071e-01
7.710000e-01	-7.540301e-01	7.020741e-01	-1.746868e+00	-1.627464e+00	-1.194037e-01
7.720000e-01	-7.540070e-01	7.020482e-01	-1.746838e+00	-1.627426e+00	-1.194121e-01
7.730000e-01	-7.540261e-01	7.020687e-01	-1.746867e+00	-1.627460e+00	-1.194076e-01
7.740000e-01	-7.540100e-01	7.020511e-01	-1.746841e+00	-1.627431e+00	-1.194107e-01
7.750000e-01	-7.540333e-01	7.020766e-01	-1.746874e+00	-1.627470e+00	-1.194039e-01
7.760000e-01	-7.540090e-01	7.020511e-01	-1.746837e+00	-1.627428e+00	-1.194095e-01
7.770000e-01	-7.540243e-01	7.020689e-01	-1.746858e+00	-1.627453e+00	-1.194048e-01
7.780000e-01	-7.540001e-01	7.020425e-01	-1.746822e+00	-1.627411e+00	-1.194111e-01
7.790000e-01	-7.540208e-01	7.020643e-01	-1.746858e+00	-1.627450e+00	-1.194080e-01
7.800000e-01	-7.540090e-01	7.020509e-01	-1.746840e+00	-1.627429e+00	-1.194111e-01
7.810000e-01	-7.540287e-01	7.020733e-01	-1.746869e+00	-1.627463e+00	-1.194056e-01
7.820000e-01	-7.540107e-01	7.020536e-01	-1.746840e+00	-1.627431e+00	-1.194094e-01
7.830000e-01	-7.540214e-01	7.020653e-01	-1.746855e+00	-1.627449e+00	-1.194060e-01
7.840000e-01	-7.539970e-01	7.020389e-01	-1.746819e+00	-1.627406e+00	-1.194123e-01
7.850000e-01	-7.540191e-01	7.020628e-01	-1.746849e+00	-1.627443e+00	-1.194053e-01
7.860000e-01	-7.540068e-01	7.020497e-01	-1.746829e+00	-1.627421e+00	-1.194079e-01
7.870000e-01	-7.540257e-01	7.020697e-01	-1.746863e+00	-1.627457e+00	-1.194058e-01
7.880000e-01	-7.540073e-01	7.020494e-01	-1.746838e+00	-1.627426e+00	-1.194116e-01
7.890000e-01	-7.540277e-01	7.020726e-01	-1.746861e+00	-1.627458e+00	-1.194026e-01
7.900000e-01	-7.540089e-01	7.020518e-01	-1.746830e+00	-1.627424e+00	-1.194058e-01
7.910000e-01	-7.540276e-01	7.020719e-01	-1.746861e+00	-1.627458e+00	-1.194031e-01
7.920000e-01	-7.540051e-01	7.020480e-01	-1.746829e+00	-1.627420e+00	-1.194094e-01
7.930000e-01	-7.540211e-01	7.020661e-01	-1.746852e+00	-1.627447e+00	-1.194048e-01
7.940000e-01	-7.540067e-01	7.020502e-01	-1.746829e+00	-1.627421e+00	-1.194078e-01
7.950000e-01	-7.540284e-01	7.020729e-01	-1.746865e+00	-1.627461e+00	-1.194041e-01
7.960000e-01	-7.540059e-01	7.020473e-01	-1.746836e+00	-1.627424e+00	-1.194122e-01
7.970000e-01	-7.540234e-01	7.020662e-01	-1.746865e+00	-1.627456e+00	-1.194090e-01
7.980000e-01	-7.540053e-01	7.020454e-01	-1.746836e+00	-1.627423e+00	-1.194126e-01
7.990000e-01	-7.540262e-01	7.020688e-01	-1.746860e+00	-1.627456e+00	-1.194038e-01
8.000000e-01	-7.540066e-01	7.020481e-01	-1.746831e+00	-1.627422e+00	-1.194089e-01
8.010000e-01	-7.540270e-01	7.020714e-01	-1.746862e+00	-1.627458e+00	-1.194042e-01
8.020000e-01	-7.540010e-01	7.020442e-01	-1.746828e+00	-1.627415e+00	-1.194132e-01
8.030000e-01	-7.540217e-01	7.020669e-01	-1.746857e+00	-1.627450e+00	-1.194070e-01
8.040000e-01	-7.540031e-01	7.020473e-01	-1.746823e+00	-1.627415e+00	-1.194086e-01
8.050000e-01	-7.540281e-01	7.020745e-01	-1.746858e+00	-1.627457e+00	-1.194007e-01
8.060000e-01	-7.540084e-01	7.020522e-01	-1.746832e+00	-1.627424e+00	-1.194076e-01
8.070000e-01	-7.540257e-01	7.020709e-01	-1.746857e+00	-1.627454e+00	-1.194028e-01
8.080000e-01	-7.540035e-01	7.020465e-01	-1.746825e+00	-1.627416e+00	-1.194090e-01
8.090000e-01	-7.540267e-01	7.020712e-01	-1.746863e+00	-1.627458e+00	-1.194048e-01
8.100000e-01	-7.540108e-01	7.020524e-01	-1.746836e+00	-1.627429e+00	-1.194073e-01
8.110000e-01	-7.540272e-01	7.020699e-01	-1.746863e+00	-1.627459e+00	-1.194044e-01
8.120000e-01	-7.540055e-01	7.020471e-01	-1.746831e+00	-1.627421e+00	-1.194101e-01
8.130000e-01	-7.540206e-01	7.020655e-01	-1.746853e+00	-1.627447e+00	-1.194056e-01
8.140000e-01	-7.539945e-01	7.020372e-01	-1.746812e+00	-1.627401e+00	-1.194116e-01
8.150000e-01	-7.540101e-01	7.020536e-01	-1.746841e+00	-1.627431e+00	-1.194104e-01
8.160000e-01	-7.539874e-01	7.020292e-01	-1.746806e+00	-1.627390e+00	-1.194157e-01
8.170000e-01	-7.540103e-01	7.020549e-01	-1.746838e+00	-1.627429e+00	-1.194087e-01
8.180000e-01	-7.539982e-01	7.020414e-01	-1.746817e+00	-1.627407e+00	-1.194102e-01
8.190000e-01	-7.540262e-01	7.020708e-01	-1.746858e+00	-1.627455e+00	-1.194025e-01
8.200000e-01	-7.540181e-01	7.020614e-01	-1.746845e+00	-1.627440e+00	-1.194043e-01
8.210000e-01	-7.540432e-01	7.020885e-01	-1.746887e+00	-1.627487e+00	-1.194002e-01
8.220000e-01	-7.540207e-01	7.020640e-01	-1.746853e+00	-1.627447e+00	-1.194057e-01
8.230000e-01	-7.540342e-01	7.020788e-01	-1.746873e+00	-1.627470e+00	-1.194021e-01
8.240000e-01	-7.540022e-01	7.020440e-01	-1.746829e+00	-1.627416e+00	-1.194121e-01
8.250000e-01	-7.540194e-01	7.020633e-01	-1.746853e+00	-1.627446e+00	-1.194071e-01
8.260000e-01	-7.539984e-01	7.020408e-01	-1.746819e+00	-1.627408e+00	-1.194110e-01
8.270000e-01	-7.540169e-01	7.020605e-01	-1.746851e+00	-1.627442e+00	-1.194087e-01
8.280000e-01	-7.539911e-01	7.020327e-01	-1.746813e+00	-1.627397e+00	-1.194152e-01
8.290000e-01	-7.540151e-01	7.020590e-01	-1.746849e+00	-1.627440e+00	-1.194095e-01
8.300000e-01	-7.540029e-01	7.020448e-01	-1.746831e+00	-1.627418e+00	-1.194124e-01
8.310000e-01	-7.540279e-01	7.020724e-01	-1.746861e+00	-1.627458e+00	-1.194024e-01
8.320000e-01	-7.540067e-01	7.020502e-01	-1.746828e+00	-1.627420e+00	-1.194070e-01
8.330000e-01	-7.540222e-01	7.020674e-01	-1.746852e+00	-1.627448e+00	-1.194039e-01
8.340000e-01	-7.540029e-01	7.020463e-01	-1.746823e+00	-1.627414e+00	-1.194085e-01
8.350000e-01	-7.540292e-01	7.020744e-01	-1.746862e+00	-1.627460e+00	-1.194018e-01
8.360000e-01	-7.540077e-01	7.020507e-01	-1.746835e+00	-1.627425e+00	-1.194096e-01
8.370000e-01	-7.540213e-01	7.020658e-01	-1.746854e+00	-1.627448e+00	-1.194058e-01
8.380000e-01	-7.539970e-01	7.020389e-01	-1.746820e+00	-1.627407e+00	-1.194132e-01
8.390000e-01	-7.540164e-01	7.020602e-01	-1.746848e+00	-1.627440e+00	-1.194076e-01
8.400000e-01	-7.539985e-01	7.020406e-01	-1.746817e+00	-1.627407e+00	-1.194103e-01
8.410000e-01	-7.540260e-01	7.020713e-01	-1.746858e+00	-1.627455e+00	-1.194030e-01
8.420000e-01	-7.540166e-01	7.020602e-01	-1.746844e+00	-1.627439e+00	-1.194055e-01
8.430000e-01	-7.540385e-01	7.020838e-01	-1.746877e+00	-1.627477e+00	-1.194000e-01
8.440000e-01	-7.540157e-01	7.020590e-01	-1.746844e+00	-1.627438e+00	-1.194066e-01
8.450000e-01	-7.540277e-01	7.020716e-01	-1.746867e+00	-1.627461e+00	-1.194056e-01
8.460000e-01	-7.540004e-01	7.020409e-01	-1.746827e+00	-1.627414e+00	-1.194130e-01
8.470000e-01	-7.540218e-01	7.020646e-01	-1.746861e+00	-1.627452e+00	-1.194087e-01
8.480000e-01	-7.540016e-01	7.020431e-01	-1.746831e+00	-1.627417e+00	-1.194138e-01
8.490000e-01	-7.540192e-01	7.020635e-01	-1.746851e+00	-1.627445e+00	-1.194063e-01
8.500000e-01	-7.539978e-01	7.020404e-01	-1.746819e+00	-1.627407e+00	-1.194119e-01
8.510000e-01	-7.540209e-01	7.020655e-01	-1.746856e+00	-1.627449e+00	-1.194071e-01
8.520000e-01	-7.540024e-01	7.020460e-01	-1.746823e+00	-1.627414e+00	-1.194092e-01
8.530000e-01	-7.540255e-01	7.020714e-01	-1.746858e+00	-1.627455e+00	-1.194037e-01
8.540000e-01	-7.540115e-01	7.020550e-01	-1.746838e+00	-1.627430e+00	-1.194075e-01
8.550000e-01	-7.540285e-01	7.020736e-01	-1.746867e+00	-1.627462e+00	-1.194051e-01
8.560000e-01	-7.540060e-01	7.020496e-01	-1.746833e+00	-1.627422e+00	-1.194103e-01
8.570000e-01	-7.540230e-01	7.020686e-01	-1.746857e+00	-1.627451e+00	-1.194052e-01
8.580000e-01	-7.540047e-01	7.020479e-01	-1.746828e+00	-1.627419e+00	-1.194092e-01
8.590000e-01	-7.540259e-01	7.020696e-01	-1.746862e+00	-1.627457e+00	-1.194049e-01
8.600000e-01	-7.540086e-01	7.020508e-01	-1.746836e+00	-1.627426e+00	-1.194092e-01
8.610000e-01	-7.540235e-01	7.020677e-01	-1.746856e+00	-1.627452e+00	-1.194046e-01
8.620000e-01	-7.539973e-01	7.020395e-01	-1.746817e+00	-1.627406e+00	-1.194111e-01
8.630000e-01	-7.540159e-01	7.020595e-01	-1.746847e+00	-1.627439e+00	-1.194075e-01
8.640000e-01	-7.539985e-01	7.020406e-01	-1.746821e+00	-1.627409e+00	-1.194118e-01
8.650000e-01	-7.540214e-01	7.020663e-01	-1.746858e+00	-1.627450e+00	-1.194075e-01
8.660000e-01	-7.540058e-01	7.020489e-01	-1.746832e+00	-1.627422e+00	-1.194102e-01
8.670000e-01	-7.540231e-01	7.020676e-01	-1.746856e+00	-1.627451e+00	-1.194050e-01
8.680000e-01	-7.540017e-01	7.020442e-01	-1.746824e+00	-1.627414e+00	-1.194103e-01
8.690000e-01	-7.540262e-01	7.020712e-01	-1.746859e+00	-1.627455e+00	-1.194031e-01
8.700000e-01	-7.540151e-01	7.020590e-01	-1.746840e+00	-1.627435e+00	-1.194049e-01
8.710000e-01	-7.540367e-01	7.020826e-01	-1.746874e+00	-1.627474e+00	-1.194006e-01
8.720000e-01	-7.540133e-01	7.020572e-01	-1.746840e+00	-1.627433e+00	-1.194067e-01
8.730000e-01	-7.540297e-01	7.020752e-01	-1.746865e+00	-1.627462e+00	-1.194027e-01
8.740000e-01	-7.540042e-01	7.020463e-01	-1.746830e+00	-1.627419e+00	-1.194109e-01
8.750000e-01	-7.540207e-01	7.020629e-01	-1.746859e+00	-1.627450e+00	-1.194086e-01
8.760000e-01	-7.540029e-01	7.020445e-01	-1.746829e+00	-1.627417e+00	-1.194116e-01
8.770000e-01	-7.540218e-01	7.020662e-01	-1.746856e+00	-1.627450e+00	-1.194063e-01
8.780000e-01	-7.540004e-01	7.020428e-01	-1.746824e+00	-1.627412e+00	-1.194114e-01
8.790000e-01	-7.540219e-01	7.020663e-01	-1.746856e+00	-1.627450e+00	-1.194059e-01
8.800000e-01	-7.540050e-01	7.020484e-01	-1.746831e+00	-1.627421e+00	-1.194108e-01
8.810000e-01	-7.540254e-01	7.020718e-01	-1.746860e+00	-1.627455e+00	-1.194047e-01
8.820000e-01	-7.540006e-01	7.020441e-01	-1.746822e+00	-1.627412e+00	-1.194103e-01
8.830000e-01	-7.540153e-01	7.020590e-01	-1.746846e+00	-1.627438e+00	-1.194075e-01
8.840000e-01	-7.540001e-01	7.020422e-01	-1.746822e+00	-1.627411e+00	-1.194107e-01
8.850000e-01	-7.540241e-01	7.020687e-01	-1.746855e+00	-1.627452e+00	-1.194035e-01
8.860000e-01	-7.540117e-01	7.020552e-01	-1.746835e+00	-1.627429e+00	-1.194060e-01
8.870000e-01	-7.540287e-01	7.020734e-01	-1.746863e+00	-1.627460e+00	-1.194030e-01
8.880000e-01	-7.540072e-01	7.020501e-01	-1.746828e+00	-1.627421e+00	-1.194070e-01
8.890000e-01	-7.540271e-01	7.020721e-01	-1.746859e+00	-1.627456e+00	-1.194022e-01
8.900000e-01	-7.540113e-01	7.020537e-01	-1.746837e+00	-1.627430e+00	-1.194074e-01
8.910000e-01	-7.540298e-01	7.020743e-01	-1.746866e+00	-1.627463e+00	-1.194033e-01
8.920000e-01	-7.540085e-01	7.020518e-01	-1.746838e+00	-1.627427e+00	-1.194102e-01
8.930000e-01	-7.540262e-01	7.020714e-01	-1.746863e+00	-1.627458e+00	-1.194053e-01
8.940000e-01	-7.540053e-01	7.020479e-01	-1.746829e+00	-1.627420e+00	-1.194094e-01
8.950000e-01	-7.540226e-01	7.020657e-01	-1.746858e+00	-1.627452e+00	-1.194066e-01
8.960000e-01	-7.540022e-01	7.020436e-01	-1.746831e+00	-1.627418e+00	-1.194131e-01
8.970000e-01	-7.540227e-01	7.020676e-01	-1.746858e+00	-1.627452e+00	-1.194064e-01
8.980000e-01	-7.539991e-01	7.020417e-01	-1.746822e+00	-1.627410e+00	-1.194118e-01
8.990000e-01	-7.540191e-01	7.020621e-01	-1.746855e+00	-1.627446e+00	-1.194082e-01
9.000000e-01	-7.540080e-01	7.020503e-01	-1.746835e+00	-1.627425e+00	-1.194093e-01
9.010000e-01	-7.540358e-01	7.020823e-01	-1.746870e+00	-1.627471e+00	-1.193994e-01
9.020000e-01	-7.540176e-01	7.020636e-01	-1.746844e+00	-1.627440e+00	-1.194044e-01
9.030000e-01	-7.540297e-01	7.020768e-01	-1.746861e+00	-1.627460e+00	-1.194006e-01
9.040000e-01	-7.540029e-01	7.020469e-01	-1.746822e+00	-1.627414e+00	-1.194080e-01
9.050000e-01	-7.540192e-01	7.020630e-01	-1.746851e+00	-1.627445e+00	-1.194065e-01
9.060000e-01	-7.540001e-01	7.020419e-01	-1.746820e+00	-1.627410e+00	-1.194097e-01
9.070000e-01	-7.540247e-01	7.020691e-01	-1.746856e+00	-1.627453e+00	-1.194033e-01
9.080000e-01	-7.540084e-01	7.020523e-01	-1.746832e+00	-1.627424e+00	-1.194074e-01
9.090000e-01	-7.540281e-01	7.020735e-01	-1.746861e+00	-1.627459e+00	-1.194024e-01
9.100000e-01	-7.540109e-01	7.020537e-01	-1.746838e+00	-1.627430e+00	-1.194081e-01
9.110000e-01	-7.540270e-01	7.020707e-01	-1.746866e+00	-1.627460e+00	-1.194061e-01
9.120000e-01	-7.540033e-01	7.020452e-01	-1.746828e+00	-1.627417e+00	-1.194105e-01
9.130000e-01	-7.540221e-01	7.020669e-01	-1.746854e+00	-1.627449e+00	-1.194048e-01
9.140000e-01	-7.540094e-01	7.020518e-01	-1.746836e+00	-1.627428e+00	-1.194088e-01
9.150000e-01	-7.540264e-01	7.020692e-01	-1.746866e+00	-1.627460e+00	-1.194068e-01
9.160000e-01	-7.540008e-01	7.020414e-01	-1.746830e+00	-1.627416e+00	-1.194141e-01
9.170000e-01	-7.540159e-01	7.020590e-01	-1.746850e+00	-1.627441e+00	-1.194089e-01
9.180000e-01	-7.540003e-01	7.020431e-01	-1.746822e+00	-1.627411e+00	-1.194107e-01
9.190000e-01	-7.540254e-01	7.020707e-01	-1.746857e+00	-1.627454e+00	-1.194030e-01
9.200000e-01	-7.540100e-01	7.020537e-01	-1.746836e+00	-1.627428e+00	-1.194078e-01
9.210000e-01	-7.540291e-01	7.020752e-01	-1.746865e+00	-1.627462e+00	-1.194035e-01
9.220000e-01	-7.540100e-01	7.020544e-01	-1.746838e+00	-1.627429e+00	-1.194090e-01
9.230000e-01	-7.540289e-01	7.020745e-01	-1.746868e+00	-1.627463e+00	-1.194050e-01
9.240000e-01	-7.540080e-01	7.020506e-01	-1.746835e+00	-1.627425e+00	-1.194093e-01
9.250000e-01	-7.540305e-01	7.020745e-01	-1.746869e+00	-1.627465e+00	-1.194039e-01
9.260000e-01	-7.540116e-01	7.020535e-01	-1.746842e+00	-1.627433e+00	-1.194093e-01
9.270000e-01	-7.540280e-01	7.020713e-01	-1.746864e+00	-1.627460e+00	-1.194040e-01
9.280000e-01	-7.539926e-01	7.020334e-01	-1.746815e+00	-1.627400e+00	-1.194151e-01
9.290000e-01	-7.540084e-01	7.020511e-01	-1.746840e+00	-1.627429e+00	-1.194118e-01
9.300000e-01	-7.539928e-01	7.020340e-01	-1.746813e+00	-1.627399e+00	-1.194138e-01
9.310000e-01	-7.540190e-01	7.020633e-01	-1.746852e+00	-1.627445e+00	-1.194069e-01
9.320000e-01	-7.540013e-01	7.020445e-01	-1.746825e+00	-1.627414e+00	-1.194110e-01
9.330000e-01	-7.540252e-01	7.020716e-01	-1.746858e+00	-1.627454e+00	-1.194039e-01
9.340000e-01	-7.540105e-01	7.020558e-01	-1.746833e+00	-1.627427e+00	-1.194061e-01
9.350000e-01	-7.540332e-01	7.020794e-01	-1.746865e+00	-1.627465e+00	-1.193991e-01
9.360000e-01	-7.540118e-01	7.020557e-01	-1.746829e+00	-1.627426e+00	-1.194027e-01
9.370000e-01	-7.540291e-01	7.020738e-01	-1.746860e+00	-1.627459e+00	-1.194006e-01
9.380000e-01	-7.540142e-01	7.020559e-01	-1.746843e+00	-1.627436e+00	-1.194071e-01
9.390000e-01	-7.540320e-01	7.020751e-01	-1.746874e+00	-1.627469e+00	-1.194049e-01
9.400000e-01	-7.540124e-01	7.020537e-01	-1.746845e+00	-1.627435e+00	-1.194099e-01
9.410000e-01	-7.540272e-01	7.020706e-01	-1.746869e+00	-1.627462e+00	-1.194074e-01
9.420000e-01	-7.540033e-01	7.020449e-01	-1.746833e+00	-1.627420e+00	-1.194131e-01
9.430000e-01	-7.540248e-01	7.020694e-01	-1.746863e+00	-1.627456e+00	-1.194066e-01
9.440000e-01	-7.540078e-01	7.020522e-01	-1.746833e+00	-1.627424e+00	-1.194089e-01
9.450000e-01	-7.540229e-01	7.020689e-01	-1.746853e+00	-1.627450e+00	-1.194038e-01
9.460000e-01	-7.540012e-01	7.020441e-01	-1.746824e+00	-1.627413e+00	-1.194109e-01
9.470000e-01	-7.540184e-01	7.020622e-01	-1.746853e+00	-1.627445e+00	-1.194081e-01
9.480000e-01	-7.540022e-01	7.020445e-01	-1.746822e+00	-1.627413e+00	-1.194087e-01
9.490000e-01	-7.540256e-01	7.020703e-01	-1.746856e+00	-1.627454e+00	-1.194026e-01
9.500000e-01	-7.540131e-01	7.020559e-01	-1.746839e+00	-1.627433e+00	-1.194065e-01
9.510000e-01	-7.540292e-01	7.020733e-01	-1.746864e+00	-1.627461e+00	-1.194027e-01
9.520000e-01	-7.540057e-01	7.020487e-01	-1.746827e+00	-1.627419e+00	-1.194076e-01
9.530000e-01	-7.540283e-01	7.020746e-01	-1.746860e+00	-1.627458e+00	-1.194015e-01
9.540000e-01	-7.540090e-01	7.020538e-01	-1.746831e+00	-1.627425e+00	-1.194067e-01
9.550000e-01	-7.540237e-01	7.020691e-01	-1.746860e+00	-1.627454e+00	-1.194061e-01
9.560000e-01	-7.540031e-01	7.020457e-01	-1.746831e+00	-1.627418e+00	-1.194121e-01
9.570000e-01	-7.540184e-01	7.020629e-01	-1.746850e+00	-1.627443e+00	-1.194065e-01
9.580000e-01	-7.539986e-01	7.020409e-01	-1.746817e+00	-1.627407e+00	-1.194099e-01
9.590000e-01	-7.540228e-01	7.020670e-01	-1.746855e+00	-1.627450e+00	-1.194045e-01
9.600000e-01	-7.540043e-01	7.020465e-01	-1.746825e+00	-1.627417e+00	-1.194084e-01
9.610000e-01	-7.540306e-01	7.020752e-01	-1.746863e+00	-1.627462e+00	-1.194007e-01
9.620000e-01	-7.540134e-01	7.020556e-01	-1.746839e+00	-1.627433e+00	-1.194060e-01
9.630000e-01	-7.540335e-01	7.020773e-01	-1.746871e+00	-1.627469e+00	-1.194019e-01
9.640000e-01	-7.540113e-01	7.020533e-01	-1.746840e+00	-1.627432e+00	-1.194089e-01
9.650000e-01	-7.540276e-01	7.020719e-01	-1.746870e+00	-1.627463e+00	-1.194073e-01
9.660000e-01	-7.540032e-01	7.020461e-01	-1.746830e+00	-1.627418e+00	-1.194116e-01
9.670000e-01	-7.540176e-01	7.020622e-01	-1.746853e+00	-1.627444e+00	-1.194087e-01
9.680000e-01	-7.539998e-01	7.020431e-01	-1.746823e+00	-1.627411e+00	-1.194116e-01
9.690000e-01	-7.540268e-01	7.020729e-01	-1.746860e+00	-1.627457e+00	-1.194032e-01
9.700000e-01	-7.540130e-01	7.020571e-01	-1.746838e+00	-1.627432e+00	-1.194062e-01
9.710000e-01	-7.540354e-01	7.020811e-01	-1.746873e+00	-1.627472e+00	-1.194011e-01
9.720000e-01	-7.540118e-01	7.020549e-01	-1.746835e+00	-1.627429e+00	-1.194058e-01
9.730000e-01	-7.540297e-01	7.020746e-01	-1.746862e+00	-1.627461e+00	-1.194014e-01
9.740000e-01	-7.540114e-01	7.020539e-01	-1.746839e+00	-1.627431e+00	-1.194083e-01
9.750000e-01	-7.540267e-01	7.020707e-01	-1.746859e+00	-1.627456e+00	-1.194029e-01
9.760000e-01	-7.539947e-01	7.020362e-01	-1.746817e+00	-1.627403e+00	-1.194139e-01
9.770000e-01	-7.540070e-01	7.020503e-01	-1.746840e+00	-1.627427e+00	-1.194130e-01
9.780000e-01	-7.539953e-01	7.020376e-01	-1.746817e+00	-1.627404e+00	-1.194133e-01
9.790000e-01	-7.540214e-01	7.020671e-01	-1.746850e+00	-1.627447e+00	-1.194037e-01
9.800000e-01	-7.540089e-01	7.020528e-01	-1.746830e+00	-1.627424e+00	-1.194064e-01
9.810000e-01	-7.540269e-01	7.020731e-01	-1.746858e+00	-1.627456e+00	-1.194021e-01
9.820000e-01	-7.540048e-01	7.020485e-01	-1.746827e+00	-1.627418e+00	-1.194088e-01
9.830000e-01	-7.540247e-01	7.020690e-01	-1.746860e+00	-1.627455e+00	-1.194055e-01
9.840000e-01	-7.540066e-01	7.020491e-01	-1.746830e+00	-1.627422e+00	-1.194086e-01
9.850000e-01	-7.540292e-01	7.020737e-01	-1.746865e+00	-1.627461e+00	-1.194031e-01
9.860000e-01	-7.540183e-01	7.020614e-01	-1.746848e+00	-1.627442e+00	-1.194056e-01
9.870000e-01	-7.540361e-01	7.020814e-01	-1.746874e+00	-1.627473e+00	-1.194007e-01
9.880000e-01	-7.540085e-01	7.020509e-01	-1.746836e+00	-1.627426e+00	-1.194093e-01
9.890000e-01	-7.540202e-01	7.020642e-01	-1.746858e+00	-1.627449e+00	-1.194086e-01
9.900000e-01	-7.540000e-01	7.020416e-01	-1.746825e+00	-1.627413e+00	-1.194126e-01
9.910000e-01	-7.540233e-01	7.020670e-01	-1.746860e+00	-1.627453e+00	-1.194069e-01
9.920000e-01	-7.540055e-01	7.020486e-01	-1.746834e+00	-1.627422e+00	-1.194113e-01
9.930000e-01	-7.540257e-01	7.020709e-01	-1.746865e+00	-1.627458e+00	-1.194069e-01
9.940000e-01	-7.540077e-01	7.020509e-01	-1.746836e+00	-1.627426e+00	-1.194105e-01
9.950000e-01	-7.540303e-01	7.020751e-01	-1.746868e+00	-1.627464e+00	-1.194037e-01
9.960000e-01	-7.540071e-01	7.020495e-01	-1.746834e+00	-1.627424e+00	-1.194098e-01
9.970000e-01	-7.540187e-01	7.020629e-01	-1.746851e+00	-1.627444e+00	-1.194066e-01
9.980000e-01	-7.540039e-01	7.020463e-01	-1.746830e+00	-1.627419e+00	-1.194110e-01
9.990000e-01	-7.540232e-01	7.020675e-01	-1.746859e+00	-1.627453e+00	-1.194064e-01
1.000000e+00	-7.540069e-01	7.020510e-01	-1.746832e+00	-1.627423e+00	-1.194088e-01
