# Force coefficients
# liftDir    : (0.000000e+00 1.000000e+00 0.000000e+00)
# dragDir    : (1.000000e+00 0.000000e+00 0.000000e+00)
# pitchAxis  : (0.000000e+00 0.000000e+00 1.000000e+00)
# magUInf    : 5.148000e+01
# lRef       : 4.530000e-01
# Aref       : 4.348800e-01
# CofR       : (0.000000e+00 0.000000e+00 0.000000e+00)
# Time       	Cm           	Cd           	Cl           	Cl(f)        	Cl(r)        	Cm	Cd	Cl	Cl(f)	Cl(r)
1.000000e-03	-1.775988e-03	1.970469e-03	-3.035773e-03	-3.293875e-03	2.581020e-04
2.000000e-03	-1.155545e-02	1.319649e-02	-2.100625e-02	-2.205857e-02	1.052328e-03
3.000000e-03	-1.991482e-02	2.272753e-02	-3.796710e-02	-3.889837e-02	9.312671e-04
4.000000e-03	-2.209957e-02	2.515663e-02	-4.404510e-02	-4.412211e-02	7.701766e-05
5.000000e-03	-2.255644e-02	2.536990e-02	-4.758202e-02	-4.634746e-02	-1.234568e-03
6.000000e-03	-2.339812e-02	2.573151e-02	-5.212362e-02	-4.945993e-02	-2.663691e-03
7.000000e-03	-2.503542e-02	2.680843e-02	-5.822539e-02	-5.414812e-02	-4.077268e-03
8.000000e-03	-2.874467e-02	3.013919e-02	-6.798837e-02	-6.273886e-02	-5.249514e-03
9.000000e-03	-3.393640e-02	3.512206e-02	-8.044160e-02	-7.415720e-02	-6.284405e-03
1.000000e-02	-3.954879e-02	4.064359e-02	-9.362882e-02	-8.636320e-02	-7.265623e-03
1.100000e-02	-4.459632e-02	4.558101e-02	-1.057745e-01	-9.748356e-02	-8.290925e-03
1.200000e-02	-4.940340e-02	5.030503e-02	-1.175016e-01	-1.081542e-01	-9.347390e-03
1.300000e-02	-5.370325e-02	5.450891e-02	-1.283699e-01	-1.178882e-01	-1.048171e-02
1.400000e-02	-5.789429e-02	5.862906e-02	-1.390940e-01	-1.274413e-01	-1.165271e-02
1.500000e-02	-6.305911e-02	6.383946e-02	-1.518044e-01	-1.389613e-01	-1.284310e-02
1.600000e-02	-6.965503e-02	7.058764e-02	-1.675433e-01	-1.534267e-01	-1.411661e-02
1.700000e-02	-7.773305e-02	7.886340e-02	-1.866470e-01	-1.710565e-01	-1.559043e-02
1.800000e-02	-8.691999e-02	8.820043e-02	-2.085396e-01	-1.911898e-01	-1.734980e-02
1.900000e-02	-9.622362e-02	9.751630e-02	-2.313254e-01	-2.118863e-01	-1.943910e-02
2.000000e-02	-1.051011e-01	1.062305e-01	-2.538081e-01	-2.320051e-01	-2.180298e-02
2.100000e-02	-1.134772e-01	1.142686e-01	-2.757413e-01	-2.513478e-01	-2.439346e-02
2.200000e-02	-1.213433e-01	1.216771e-01	-2.968429e-01	-2.697647e-01	-2.707819e-02
2.300000e-02	-1.293893e-01	1.292178e-01	-3.183364e-01	-2.885574e-01	-2.977893e-02
2.400000e-02	-1.379665e-01	1.372948e-01	-3.407749e-01	-3.083539e-01	-3.242098e-02
2.500000e-02	-1.476102e-01	1.465092e-01	-3.653318e-01	-3.302761e-01	-3.505565e-02
2.600000e-02	-1.584698e-01	1.569889e-01	-3.924958e-01	-3.547177e-01	-3.777808e-02
2.700000e-02	-1.703713e-01	1.685785e-01	-4.220586e-01	-3.814006e-01	-4.065795e-02
2.800000e-02	-1.831398e-01	1.810496e-01	-4.537847e-01	-4.100321e-01	-4.375260e-02
2.900000e-02	-1.964040e-01	1.940223e-01	-4.869581e-01	-4.398831e-01	-4.707500e-02
3.000000e-02	-2.098725e-01	2.071801e-01	-5.208338e-01	-4.702893e-01	-5.054441e-02
3.100000e-02	-2.233689e-01	2.203467e-01	-5.550253e-01	-5.008815e-01	-5.414375e-02
3.200000e-02	-2.368567e-01	2.335066e-01	-5.893099e-01	-5.315116e-01	-5.779823e-02
3.300000e-02	-2.507958e-01	2.471378e-01	-6.244416e-01	-5.630166e-01	-6.142499e-02
3.400000e-02	-2.656013e-01	2.616803e-01	-6.611472e-01	-5.961749e-01	-6.497232e-02
3.500000e-02	-2.811776e-01	2.770519e-01	-6.993166e-01	-6.308359e-01	-6.848075e-02
3.600000e-02	-2.973859e-01	2.930916e-01	-7.386895e-01	-6.667306e-01	-7.195887e-02
3.700000e-02	-3.139930e-01	3.095890e-01	-7.788456e-01	-7.034158e-01	-7.542978e-02
3.800000e-02	-3.310379e-01	3.265785e-01	-8.198264e-01	-7.409511e-01	-7.887528e-02
3.900000e-02	-3.486582e-01	3.441867e-01	-8.619591e-01	-7.796378e-01	-8.232135e-02
4.000000e-02	-3.668246e-01	3.623667e-01	-9.050375e-01	-8.193434e-01	-8.569413e-02
4.100000e-02	-3.854070e-01	3.809857e-01	-9.488992e-01	-8.598566e-01	-8.904267e-02
4.200000e-02	-4.043600e-01	3.999776e-01	-9.932108e-01	-9.009654e-01	-9.224543e-02
4.300000e-02	-4.237803e-01	4.194138e-01	-1.038340e+00	-9.429505e-01	-9.538993e-02
4.400000e-02	-4.434758e-01	4.391377e-01	-1.083381e+00	-9.851663e-01	-9.821473e-02
4.500000e-02	-4.634756e-01	4.591446e-01	-1.128730e+00	-1.027840e+00	-1.008892e-01
4.600000e-02	-4.835078e-01	4.792230e-01	-1.173557e+00	-1.070286e+00	-1.032709e-01
4.700000e-02	-5.032836e-01	4.991167e-01	-1.217033e+00	-1.111800e+00	-1.052331e-01
4.800000e-02	-5.230372e-01	5.190687e-01	-1.259614e+00	-1.152844e+00	-1.067696e-01
4.900000e-02	-5.429006e-01	5.391785e-01	-1.301715e+00	-1.193758e+00	-1.079567e-01
5.000000e-02	-5.628964e-01	5.594782e-01	-1.343395e+00	-1.234594e+00	-1.088013e-01
5.100000e-02	-5.828018e-01	5.796840e-01	-1.384398e+00	-1.275001e+00	-1.093973e-01
5.200000e-02	-6.023276e-01	5.994821e-01	-1.424393e+00	-1.314524e+00	-1.098689e-01
5.300000e-02	-6.210153e-01	6.184178e-01	-1.462455e+00	-1.352243e+00	-1.102123e-01
5.400000e-02	-6.387361e-01	6.363660e-01	-1.498283e+00	-1.387877e+00	-1.104052e-01
5.500000e-02	-6.551027e-01	6.529658e-01	-1.530951e+00	-1.420578e+00	-1.103728e-01
5.600000e-02	-6.704335e-01	6.685571e-01	-1.560977e+00	-1.450922e+00	-1.100552e-01
5.700000e-02	-6.847524e-01	6.831620e-01	-1.588385e+00	-1.478945e+00	-1.094403e-01
5.800000e-02	-6.983571e-01	6.970691e-01	-1.613934e+00	-1.505324e+00	-1.086097e-01
5.900000e-02	-7.114750e-01	7.104858e-01	-1.638176e+00	-1.530563e+00	-1.076129e-01
6.000000e-02	-7.243993e-01	7.236888e-01	-1.661841e+00	-1.555320e+00	-1.065214e-01
6.100000e-02	-7.370726e-01	7.365727e-01	-1.685008e+00	-1.579577e+00	-1.054314e-01
6.200000e-02	-7.494244e-01	7.490408e-01	-1.707722e+00	-1.603285e+00	-1.044365e-01
6.300000e-02	-7.614772e-01	7.610873e-01	-1.730220e+00	-1.626587e+00	-1.036330e-01
6.400000e-02	-7.732488e-01	7.727397e-01	-1.752568e+00	-1.649533e+00	-1.030351e-01
6.500000e-02	-7.850048e-01	7.842581e-01	-1.775388e+00	-1.672699e+00	-1.026891e-01
6.600000e-02	-7.966442e-01	7.955658e-01	-1.798480e+00	-1.695884e+00	-1.025960e-01
6.700000e-02	-8.080121e-01	8.065119e-01	-1.821636e+00	-1.718830e+00	-1.028061e-01
6.800000e-02	-8.188577e-01	8.168666e-01	-1.844335e+00	-1.741025e+00	-1.033100e-01
6.900000e-02	-8.291898e-01	8.266337e-01	-1.866656e+00	-1.762518e+00	-1.041380e-01
7.000000e-02	-8.390210e-01	8.358542e-01	-1.888494e+00	-1.783268e+00	-1.052261e-01
7.100000e-02	-8.484748e-01	8.446713e-01	-1.909983e+00	-1.803466e+00	-1.065168e-01
7.200000e-02	-8.577286e-01	8.532664e-01	-1.931399e+00	-1.823428e+00	-1.079710e-01
7.300000e-02	-8.670088e-01	8.618447e-01	-1.953206e+00	-1.843612e+00	-1.095942e-01
7.400000e-02	-8.763117e-01	8.704210e-01	-1.975323e+00	-1.863973e+00	-1.113498e-01
7.500000e-02	-8.855800e-01	8.789379e-01	-1.997609e+00	-1.884385e+00	-1.132244e-01
7.600000e-02	-8.947824e-01	8.873709e-01	-2.019917e+00	-1.904741e+00	-1.151759e-01
7.700000e-02	-9.039470e-01	8.957193e-01	-2.042337e+00	-1.925115e+00	-1.172213e-01
7.800000e-02	-9.131286e-01	9.040362e-01	-2.064975e+00	-1.945616e+00	-1.193589e-01
7.900000e-02	-9.222821e-01	9.122812e-01	-2.087747e+00	-1.966156e+00	-1.215916e-01
8.000000e-02	-9.316776e-01	9.207537e-01	-2.111092e+00	-1.987224e+00	-1.238684e-01
8.100000e-02	-9.415037e-01	9.296761e-01	-2.135196e+00	-2.009102e+00	-1.260942e-01
8.200000e-02	-9.519065e-01	9.392523e-01	-2.160082e+00	-2.031948e+00	-1.281347e-01
8.300000e-02	-9.628687e-01	9.494940e-01	-2.185588e+00	-2.055663e+00	-1.299256e-01
8.400000e-02	-9.744978e-01	9.604806e-01	-2.211970e+00	-2.080483e+00	-1.314873e-01
8.500000e-02	-9.868487e-01	9.722109e-01	-2.239423e+00	-2.106560e+00	-1.328627e-01
8.600000e-02	-9.995026e-01	9.842821e-01	-2.267163e+00	-2.133084e+00	-1.340788e-01
8.700000e-02	-1.011768e+00	9.959598e-01	-2.294172e+00	-2.158853e+00	-1.353184e-01
8.800000e-02	-1.023800e+00	1.007451e+00	-2.320694e+00	-2.184147e+00	-1.365471e-01
8.900000e-02	-1.035251e+00	1.018396e+00	-2.346234e+00	-2.208368e+00	-1.378662e-01
9.000000e-02	-1.046195e+00	1.028881e+00	-2.370873e+00	-2.231632e+00	-1.392409e-01
9.100000e-02	-1.056388e+00	1.038713e+00	-2.393961e+00	-2.253369e+00	-1.405926e-01
9.200000e-02	-1.065294e+00	1.047345e+00	-2.414562e+00	-2.272575e+00	-1.419873e-01
9.300000e-02	-1.073579e+00	1.055411e+00	-2.433873e+00	-2.290515e+00	-1.433572e-01
9.400000e-02	-1.081292e+00	1.062983e+00	-2.452002e+00	-2.307293e+00	-1.447086e-01
9.500000e-02	-1.088301e+00	1.069841e+00	-2.468977e+00	-2.322789e+00	-1.461880e-01
9.600000e-02	-1.093848e+00	1.075195e+00	-2.483473e+00	-2.335585e+00	-1.478885e-01
9.700000e-02	-1.097374e+00	1.078495e+00	-2.494151e+00	-2.344449e+00	-1.497018e-01
9.800000e-02	-1.099488e+00	1.080444e+00	-2.501513e+00	-2.350244e+00	-1.512686e-01
9.900000e-02	-1.100862e+00	1.081738e+00	-2.506409e+00	-2.354067e+00	-1.523428e-01
1.000000e-01	-1.102371e+00	1.083312e+00	-2.510258e+00	-2.357500e+00	-1.527577e-01
1.010000e-01	-1.105118e+00	1.086323e+00	-2.515016e+00	-2.362626e+00	-1.523901e-01
1.020000e-01	-1.109279e+00	1.090947e+00	-2.521188e+00	-2.369873e+00	-1.513154e-01
1.030000e-01	-1.114969e+00	1.097223e+00	-2.529434e+00	-2.379686e+00	-1.497482e-01
1.040000e-01	-1.121653e+00	1.104528e+00	-2.539268e+00	-2.391287e+00	-1.479814e-01
1.050000e-01	-1.129094e+00	1.112594e+00	-2.550448e+00	-2.404318e+00	-1.461302e-01
1.060000e-01	-1.136966e+00	1.121143e+00	-2.562322e+00	-2.418127e+00	-1.441956e-01
1.070000e-01	-1.145160e+00	1.130114e+00	-2.574603e+00	-2.432462e+00	-1.421415e-01
1.080000e-01	-1.153578e+00	1.139450e+00	-2.586969e+00	-2.447063e+00	-1.399066e-01
1.090000e-01	-1.162062e+00	1.149022e+00	-2.599076e+00	-2.461600e+00	-1.374761e-01
1.100000e-01	-1.170597e+00	1.158857e+00	-2.610830e+00	-2.476012e+00	-1.348183e-01
1.110000e-01	-1.178868e+00	1.168575e+00	-2.621915e+00	-2.489825e+00	-1.320891e-01
1.120000e-01	-1.186984e+00	1.178275e+00	-2.632532e+00	-2.503250e+00	-1.292815e-01
1.130000e-01	-1.194608e+00	1.187549e+00	-2.642351e+00	-2.515784e+00	-1.265672e-01
1.140000e-01	-1.201511e+00	1.196126e+00	-2.651063e+00	-2.527043e+00	-1.240205e-01
1.150000e-01	-1.207261e+00	1.203492e+00	-2.658109e+00	-2.536316e+00	-1.217935e-01
1.160000e-01	-1.211929e+00	1.209711e+00	-2.663569e+00	-2.543713e+00	-1.198555e-01
1.170000e-01	-1.215818e+00	1.215062e+00	-2.668003e+00	-2.549819e+00	-1.181838e-01
1.180000e-01	-1.219127e+00	1.219743e+00	-2.671661e+00	-2.554957e+00	-1.167036e-01
1.190000e-01	-1.222253e+00	1.224139e+00	-2.675198e+00	-2.559852e+00	-1.153457e-01
1.200000e-01	-1.225071e+00	1.228147e+00	-2.678325e+00	-2.564234e+00	-1.140909e-01
1.210000e-01	-1.227813e+00	1.232004e+00	-2.681441e+00	-2.568533e+00	-1.129080e-01
1.220000e-01	-1.230339e+00	1.235595e+00	-2.684231e+00	-2.572455e+00	-1.117760e-01
1.230000e-01	-1.232586e+00	1.238840e+00	-2.686581e+00	-2.575876e+00	-1.107046e-01
1.240000e-01	-1.234461e+00	1.241677e+00	-2.688238e+00	-2.578579e+00	-1.096583e-01
1.250000e-01	-1.236020e+00	1.244153e+00	-2.689299e+00	-2.580670e+00	-1.086295e-01
1.260000e-01	-1.237592e+00	1.246590e+00	-2.690347e+00	-2.582766e+00	-1.075811e-01
1.270000e-01	-1.239375e+00	1.249168e+00	-2.691779e+00	-2.585264e+00	-1.065149e-01
1.280000e-01	-1.241965e+00	1.252485e+00	-2.694712e+00	-2.589321e+00	-1.053906e-01
1.290000e-01	-1.245269e+00	1.256437e+00	-2.699097e+00	-2.594817e+00	-1.042800e-01
1.300000e-01	-1.249126e+00	1.260865e+00	-2.704763e+00	-2.601508e+00	-1.032551e-01
1.310000e-01	-1.253470e+00	1.265672e+00	-2.711725e+00	-2.609332e+00	-1.023925e-01
1.320000e-01	-1.258428e+00	1.270962e+00	-2.720234e+00	-2.618545e+00	-1.016888e-01
1.330000e-01	-1.264124e+00	1.276811e+00	-2.730551e+00	-2.629399e+00	-1.011515e-01
1.340000e-01	-1.270576e+00	1.283207e+00	-2.742818e+00	-2.641985e+00	-1.008330e-01
1.350000e-01	-1.277669e+00	1.289965e+00	-2.757009e+00	-2.656174e+00	-1.008358e-01
1.360000e-01	-1.285335e+00	1.296976e+00	-2.773178e+00	-2.671924e+00	-1.012536e-01
1.370000e-01	-1.293645e+00	1.304316e+00	-2.791516e+00	-2.689403e+00	-1.021126e-01
1.380000e-01	-1.302740e+00	1.312145e+00	-2.812327e+00	-2.708903e+00	-1.034235e-01
1.390000e-01	-1.312672e+00	1.320521e+00	-2.835695e+00	-2.730520e+00	-1.051752e-01
1.400000e-01	-1.323696e+00	1.329701e+00	-2.862105e+00	-2.754748e+00	-1.073568e-01
1.410000e-01	-1.336201e+00	1.340080e+00	-2.892225e+00	-2.782314e+00	-1.099112e-01
1.420000e-01	-1.350173e+00	1.351605e+00	-2.926068e+00	-2.813207e+00	-1.128606e-01
1.430000e-01	-1.365431e+00	1.364085e+00	-2.963349e+00	-2.847106e+00	-1.162439e-01
1.440000e-01	-1.381211e+00	1.376859e+00	-3.002446e+00	-2.882434e+00	-1.200116e-01
1.450000e-01	-1.397317e+00	1.389808e+00	-3.042795e+00	-2.918714e+00	-1.240801e-01
1.460000e-01	-1.413663e+00	1.402986e+00	-3.083852e+00	-2.955589e+00	-1.282632e-01
1.470000e-01	-1.430562e+00	1.416837e+00	-3.125796e+00	-2.993461e+00	-1.323358e-01
1.480000e-01	-1.448246e+00	1.431755e+00	-3.168695e+00	-3.032594e+00	-1.361013e-01
1.490000e-01	-1.467003e+00	1.448164e+00	-3.212872e+00	-3.073439e+00	-1.394328e-01
1.500000e-01	-1.487074e+00	1.466364e+00	-3.258511e+00	-3.116330e+00	-1.421811e-01
1.510000e-01	-1.507637e+00	1.485547e+00	-3.304020e+00	-3.159647e+00	-1.443731e-01
1.520000e-01	-1.526799e+00	1.503974e+00	-3.345716e+00	-3.199657e+00	-1.460591e-01
1.530000e-01	-1.541670e+00	1.518700e+00	-3.379240e+00	-3.231290e+00	-1.479502e-01
1.540000e-01	-1.550090e+00	1.527341e+00	-3.401627e+00	-3.250903e+00	-1.507237e-01
1.550000e-01	-1.549405e+00	1.526971e+00	-3.408724e+00	-3.253768e+00	-1.549567e-01
1.560000e-01	-1.538895e+00	1.516566e+00	-3.399272e+00	-3.238530e+00	-1.607413e-01
1.570000e-01	-1.520645e+00	1.498141e+00	-3.376071e+00	-3.208681e+00	-1.673899e-01
1.580000e-01	-1.499228e+00	1.476342e+00	-3.345832e+00	-3.172144e+00	-1.736880e-01
1.590000e-01	-1.478327e+00	1.454871e+00	-3.314712e+00	-3.135683e+00	-1.790290e-01
1.600000e-01	-1.460908e+00	1.436722e+00	-3.288015e+00	-3.104916e+00	-1.830998e-01
1.610000e-01	-1.448249e+00	1.423138e+00	-3.268621e+00	-3.082559e+00	-1.860620e-01
1.620000e-01	-1.440542e+00	1.414337e+00	-3.257385e+00	-3.069234e+00	-1.881509e-01
1.630000e-01	-1.437394e+00	1.410003e+00	-3.253913e+00	-3.064350e+00	-1.895624e-01
1.640000e-01	-1.437763e+00	1.409158e+00	-3.256523e+00	-3.066025e+00	-1.904984e-01
1.650000e-01	-1.440958e+00	1.411118e+00	-3.263984e+00	-3.072950e+00	-1.910342e-01
1.660000e-01	-1.446102e+00	1.415065e+00	-3.274630e+00	-3.083416e+00	-1.912133e-01
1.670000e-01	-1.453078e+00	1.420910e+00	-3.288088e+00	-3.097122e+00	-1.909661e-01
1.680000e-01	-1.461467e+00	1.428270e+00	-3.303506e+00	-3.113220e+00	-1.902860e-01
1.690000e-01	-1.471019e+00	1.436877e+00	-3.320479e+00	-3.131258e+00	-1.892210e-01
1.700000e-01	-1.481450e+00	1.446460e+00	-3.338618e+00	-3.150759e+00	-1.878592e-01
1.710000e-01	-1.492572e+00	1.456860e+00	-3.357684e+00	-3.171414e+00	-1.862700e-01
1.720000e-01	-1.504103e+00	1.467861e+00	-3.377270e+00	-3.192738e+00	-1.845319e-01
1.730000e-01	-1.515403e+00	1.478842e+00	-3.396359e+00	-3.213583e+00	-1.827766e-01
1.740000e-01	-1.526349e+00	1.489751e+00	-3.414649e+00	-3.233674e+00	-1.809753e-01
1.750000e-01	-1.536684e+00	1.500363e+00	-3.431655e+00	-3.252511e+00	-1.791441e-01
1.760000e-01	-1.546451e+00	1.510745e+00	-3.447441e+00	-3.270171e+00	-1.772693e-01
1.770000e-01	-1.555290e+00	1.520488e+00	-3.461467e+00	-3.286024e+00	-1.754437e-01
1.780000e-01	-1.563085e+00	1.529424e+00	-3.473603e+00	-3.299886e+00	-1.737167e-01
1.790000e-01	-1.569367e+00	1.536996e+00	-3.483185e+00	-3.310959e+00	-1.722259e-01
1.800000e-01	-1.574096e+00	1.543086e+00	-3.490224e+00	-3.319208e+00	-1.710161e-01
1.810000e-01	-1.576927e+00	1.547227e+00	-3.494255e+00	-3.324054e+00	-1.702007e-01
1.820000e-01	-1.578037e+00	1.549562e+00	-3.495534e+00	-3.325804e+00	-1.697304e-01
1.830000e-01	-1.577414e+00	1.550026e+00	-3.494022e+00	-3.324425e+00	-1.695968e-01
1.840000e-01	-1.575509e+00	1.549086e+00	-3.490302e+00	-3.320660e+00	-1.696421e-01
1.850000e-01	-1.572457e+00	1.546871e+00	-3.484501e+00	-3.314707e+00	-1.697933e-01
1.860000e-01	-1.568790e+00	1.543955e+00	-3.477410e+00	-3.307495e+00	-1.699148e-01
1.870000e-01	-1.564532e+00	1.540370e+00	-3.469080e+00	-3.299072e+00	-1.700077e-01
1.880000e-01	-1.560161e+00	1.536649e+00	-3.460244e+00	-3.290283e+00	-1.699607e-01
1.890000e-01	-1.555756e+00	1.532864e+00	-3.451116e+00	-3.281314e+00	-1.698018e-01
1.900000e-01	-1.551744e+00	1.529475e+00	-3.442404e+00	-3.272946e+00	-1.694582e-01
1.910000e-01	-1.548114e+00	1.526427e+00	-3.434206e+00	-3.265218e+00	-1.689886e-01
1.920000e-01	-1.545113e+00	1.523976e+00	-3.426978e+00	-3.258602e+00	-1.683758e-01
1.930000e-01	-1.542693e+00	1.522022e+00	-3.420792e+00	-3.253089e+00	-1.677023e-01
1.940000e-01	-1.540939e+00	1.520680e+00	-3.415749e+00	-3.248814e+00	-1.669350e-01
1.950000e-01	-1.539870e+00	1.519940e+00	-3.411978e+00	-3.245859e+00	-1.661185e-01
1.960000e-01	-1.539418e+00	1.519783e+00	-3.409271e+00	-3.244053e+00	-1.652177e-01
1.970000e-01	-1.539469e+00	1.520079e+00	-3.407483e+00	-3.243211e+00	-1.642723e-01
1.980000e-01	-1.539963e+00	1.520805e+00	-3.406460e+00	-3.243193e+00	-1.632670e-01
1.990000e-01	-1.540708e+00	1.521744e+00	-3.405928e+00	-3.243672e+00	-1.622558e-01
2.000000e-01	-1.541745e+00	1.522964e+00	-3.405936e+00	-3.244713e+00	-1.612227e-01
2.010000e-01	-1.543036e+00	1.524405e+00	-3.406438e+00	-3.246255e+00	-1.601832e-01
2.020000e-01	-1.544728e+00	1.526246e+00	-3.407673e+00	-3.248564e+00	-1.591092e-01
2.030000e-01	-1.546758e+00	1.528394e+00	-3.409611e+00	-3.251564e+00	-1.580477e-01
2.040000e-01	-1.549112e+00	1.530865e+00	-3.412204e+00	-3.255215e+00	-1.569897e-01
2.050000e-01	-1.551588e+00	1.533421e+00	-3.415192e+00	-3.259184e+00	-1.560078e-01
2.060000e-01	-1.554212e+00	1.536118e+00	-3.418586e+00	-3.263505e+00	-1.550806e-01
2.070000e-01	-1.556855e+00	1.538795e+00	-3.422238e+00	-3.267974e+00	-1.542638e-01
2.080000e-01	-1.559565e+00	1.541527e+00	-3.426137e+00	-3.272634e+00	-1.535030e-01
2.090000e-01	-1.562252e+00	1.544190e+00	-3.430204e+00	-3.277353e+00	-1.528502e-01
2.100000e-01	-1.564978e+00	1.546876e+00	-3.434432e+00	-3.282194e+00	-1.522382e-01
2.110000e-01	-1.567615e+00	1.549430e+00	-3.438665e+00	-3.286948e+00	-1.517175e-01
2.120000e-01	-1.570265e+00	1.551982e+00	-3.442973e+00	-3.291752e+00	-1.512212e-01
2.130000e-01	-1.572799e+00	1.554388e+00	-3.447191e+00	-3.296394e+00	-1.507969e-01
2.140000e-01	-1.575300e+00	1.556748e+00	-3.451378e+00	-3.300989e+00	-1.503890e-01
2.150000e-01	-1.577623e+00	1.558914e+00	-3.455332e+00	-3.305289e+00	-1.500431e-01
2.160000e-01	-1.579888e+00	1.561031e+00	-3.459181e+00	-3.309478e+00	-1.497029e-01
2.170000e-01	-1.581973e+00	1.562965e+00	-3.462744e+00	-3.313346e+00	-1.493987e-01
2.180000e-01	-1.584035e+00	1.564894e+00	-3.466230e+00	-3.317150e+00	-1.490801e-01
2.190000e-01	-1.585916e+00	1.566644e+00	-3.469430e+00	-3.320631e+00	-1.487992e-01
2.200000e-01	-1.587742e+00	1.568354e+00	-3.472524e+00	-3.324004e+00	-1.485200e-01
2.210000e-01	-1.589398e+00	1.569901e+00	-3.475331e+00	-3.327064e+00	-1.482674e-01
2.220000e-01	-1.591012e+00	1.571413e+00	-3.478087e+00	-3.330055e+00	-1.480317e-01
2.230000e-01	-1.592457e+00	1.572763e+00	-3.480559e+00	-3.332736e+00	-1.478222e-01
2.240000e-01	-1.593845e+00	1.574062e+00	-3.482946e+00	-3.335317e+00	-1.476283e-01
2.250000e-01	-1.595068e+00	1.575206e+00	-3.485048e+00	-3.337592e+00	-1.474564e-01
2.260000e-01	-1.596246e+00	1.576313e+00	-3.487087e+00	-3.339789e+00	-1.472974e-01
2.270000e-01	-1.597304e+00	1.577299e+00	-3.488924e+00	-3.341766e+00	-1.471585e-01
2.280000e-01	-1.598374e+00	1.578300e+00	-3.490804e+00	-3.343776e+00	-1.470284e-01
2.290000e-01	-1.599355e+00	1.579205e+00	-3.492555e+00	-3.345633e+00	-1.469224e-01
2.300000e-01	-1.600346e+00	1.580120e+00	-3.494341e+00	-3.347516e+00	-1.468244e-01
2.310000e-01	-1.601277e+00	1.580977e+00	-3.496028e+00	-3.349291e+00	-1.467367e-01
2.320000e-01	-1.602257e+00	1.581901e+00	-3.497794e+00	-3.351154e+00	-1.466401e-01
2.330000e-01	-1.603168e+00	1.582770e+00	-3.499432e+00	-3.352884e+00	-1.465476e-01
2.340000e-01	-1.604116e+00	1.583698e+00	-3.501137e+00	-3.354685e+00	-1.464523e-01
2.350000e-01	-1.604976e+00	1.584546e+00	-3.502697e+00	-3.356324e+00	-1.463728e-01
2.360000e-01	-1.605833e+00	1.585406e+00	-3.504270e+00	-3.357968e+00	-1.463020e-01
2.370000e-01	-1.606579e+00	1.586154e+00	-3.505687e+00	-3.359422e+00	-1.462647e-01
2.380000e-01	-1.607307e+00	1.586891e+00	-3.507074e+00	-3.360844e+00	-1.462298e-01
2.390000e-01	-1.607924e+00	1.587514e+00	-3.508301e+00	-3.362075e+00	-1.462259e-01
2.400000e-01	-1.608488e+00	1.588097e+00	-3.509425e+00	-3.363201e+00	-1.462241e-01
2.410000e-01	-1.608926e+00	1.588550e+00	-3.510359e+00	-3.364105e+00	-1.462537e-01
2.420000e-01	-1.609306e+00	1.588957e+00	-3.511172e+00	-3.364892e+00	-1.462801e-01
2.430000e-01	-1.609560e+00	1.589239e+00	-3.511797e+00	-3.365459e+00	-1.463379e-01
2.440000e-01	-1.609740e+00	1.589453e+00	-3.512267e+00	-3.365874e+00	-1.463932e-01
2.450000e-01	-1.609807e+00	1.589551e+00	-3.512559e+00	-3.366087e+00	-1.464723e-01
2.460000e-01	-1.609807e+00	1.589589e+00	-3.512701e+00	-3.366158e+00	-1.465429e-01
2.470000e-01	-1.609721e+00	1.589531e+00	-3.512685e+00	-3.366064e+00	-1.466213e-01
2.480000e-01	-1.609621e+00	1.589462e+00	-3.512611e+00	-3.365926e+00	-1.466849e-01
2.490000e-01	-1.609478e+00	1.589348e+00	-3.512443e+00	-3.365699e+00	-1.467439e-01
2.500000e-01	-1.609342e+00	1.589243e+00	-3.512229e+00	-3.365456e+00	-1.467731e-01
2.510000e-01	-1.609151e+00	1.589088e+00	-3.511896e+00	-3.365099e+00	-1.467969e-01
2.520000e-01	-1.608962e+00	1.588938e+00	-3.511527e+00	-3.364725e+00	-1.468019e-01
2.530000e-01	-1.608704e+00	1.588721e+00	-3.511009e+00	-3.364208e+00	-1.468009e-01
2.540000e-01	-1.608437e+00	1.588502e+00	-3.510445e+00	-3.363659e+00	-1.467858e-01
2.550000e-01	-1.608082e+00	1.588208e+00	-3.509705e+00	-3.362935e+00	-1.467703e-01
2.560000e-01	-1.607731e+00	1.587933e+00	-3.508913e+00	-3.362187e+00	-1.467256e-01
2.570000e-01	-1.607306e+00	1.587603e+00	-3.507959e+00	-3.361285e+00	-1.466736e-01
2.580000e-01	-1.606882e+00	1.587294e+00	-3.506961e+00	-3.360363e+00	-1.465987e-01
2.590000e-01	-1.606391e+00	1.586926e+00	-3.505812e+00	-3.359297e+00	-1.465148e-01
2.600000e-01	-1.605936e+00	1.586609e+00	-3.504679e+00	-3.358276e+00	-1.464033e-01
2.610000e-01	-1.605436e+00	1.586256e+00	-3.503452e+00	-3.357162e+00	-1.462901e-01
2.620000e-01	-1.604975e+00	1.585952e+00	-3.502245e+00	-3.356098e+00	-1.461473e-01
2.630000e-01	-1.604443e+00	1.585585e+00	-3.500913e+00	-3.354900e+00	-1.460132e-01
2.640000e-01	-1.603918e+00	1.585237e+00	-3.499565e+00	-3.353700e+00	-1.458643e-01
2.650000e-01	-1.603267e+00	1.584768e+00	-3.498006e+00	-3.352270e+00	-1.457360e-01
2.660000e-01	-1.602591e+00	1.584288e+00	-3.496391e+00	-3.350786e+00	-1.456047e-01
2.670000e-01	-1.601803e+00	1.583702e+00	-3.494587e+00	-3.349097e+00	-1.454903e-01
2.680000e-01	-1.601011e+00	1.583118e+00	-3.492743e+00	-3.347383e+00	-1.453606e-01
2.690000e-01	-1.600134e+00	1.582452e+00	-3.490758e+00	-3.345513e+00	-1.452455e-01
2.700000e-01	-1.599254e+00	1.581790e+00	-3.488752e+00	-3.343630e+00	-1.451219e-01
2.710000e-01	-1.598288e+00	1.581036e+00	-3.486612e+00	-3.341594e+00	-1.450180e-01
2.720000e-01	-1.597324e+00	1.580284e+00	-3.484466e+00	-3.339557e+00	-1.449084e-01
2.730000e-01	-1.596286e+00	1.579449e+00	-3.482226e+00	-3.337400e+00	-1.448268e-01
2.740000e-01	-1.595278e+00	1.578635e+00	-3.480044e+00	-3.335300e+00	-1.447433e-01
2.750000e-01	-1.594203e+00	1.577745e+00	-3.477773e+00	-3.333089e+00	-1.446834e-01
2.760000e-01	-1.593178e+00	1.576901e+00	-3.475585e+00	-3.330970e+00	-1.446149e-01
2.770000e-01	-1.592117e+00	1.576007e+00	-3.473361e+00	-3.328797e+00	-1.445632e-01
2.780000e-01	-1.591128e+00	1.575174e+00	-3.471264e+00	-3.326760e+00	-1.445045e-01
2.790000e-01	-1.590115e+00	1.574303e+00	-3.469162e+00	-3.324696e+00	-1.444666e-01
2.800000e-01	-1.589190e+00	1.573501e+00	-3.467222e+00	-3.322800e+00	-1.444213e-01
2.810000e-01	-1.588264e+00	1.572679e+00	-3.465320e+00	-3.320924e+00	-1.443962e-01
2.820000e-01	-1.587464e+00	1.571967e+00	-3.463653e+00	-3.319291e+00	-1.443620e-01
2.830000e-01	-1.586699e+00	1.571268e+00	-3.462075e+00	-3.317737e+00	-1.443384e-01
2.840000e-01	-1.586082e+00	1.570702e+00	-3.460766e+00	-3.316465e+00	-1.443007e-01
2.850000e-01	-1.585507e+00	1.570165e+00	-3.459552e+00	-3.315284e+00	-1.442687e-01
2.860000e-01	-1.585083e+00	1.569761e+00	-3.458618e+00	-3.314392e+00	-1.442257e-01
2.870000e-01	-1.584681e+00	1.569368e+00	-3.457748e+00	-3.313555e+00	-1.441931e-01
2.880000e-01	-1.584427e+00	1.569113e+00	-3.457159e+00	-3.313007e+00	-1.441521e-01
2.890000e-01	-1.584185e+00	1.568856e+00	-3.456606e+00	-3.312488e+00	-1.441181e-01
2.900000e-01	-1.584082e+00	1.568730e+00	-3.456327e+00	-3.312246e+00	-1.440810e-01
2.910000e-01	-1.583981e+00	1.568601e+00	-3.456060e+00	-3.312011e+00	-1.440490e-01
2.920000e-01	-1.584011e+00	1.568593e+00	-3.456050e+00	-3.312036e+00	-1.440146e-01
2.930000e-01	-1.584011e+00	1.568554e+00	-3.456010e+00	-3.312016e+00	-1.439937e-01
2.940000e-01	-1.584107e+00	1.568605e+00	-3.456173e+00	-3.312194e+00	-1.439792e-01
2.950000e-01	-1.584168e+00	1.568616e+00	-3.456291e+00	-3.312313e+00	-1.439777e-01
2.960000e-01	-1.584303e+00	1.568698e+00	-3.456567e+00	-3.312586e+00	-1.439808e-01
2.970000e-01	-1.584382e+00	1.568724e+00	-3.456769e+00	-3.312767e+00	-1.440024e-01
2.980000e-01	-1.584530e+00	1.568812e+00	-3.457121e+00	-3.313090e+00	-1.440306e-01
2.990000e-01	-1.584608e+00	1.568831e+00	-3.457369e+00	-3.313293e+00	-1.440762e-01
3.000000e-01	-1.584735e+00	1.568896e+00	-3.457732e+00	-3.313602e+00	-1.441308e-01
3.010000e-01	-1.584794e+00	1.568890e+00	-3.457984e+00	-3.313786e+00	-1.441977e-01
3.020000e-01	-1.584895e+00	1.568923e+00	-3.458336e+00	-3.314063e+00	-1.442734e-01
3.030000e-01	-1.584932e+00	1.568894e+00	-3.458595e+00	-3.314230e+00	-1.443654e-01
3.040000e-01	-1.585018e+00	1.568907e+00	-3.458957e+00	-3.314497e+00	-1.444601e-01
3.050000e-01	-1.585030e+00	1.568847e+00	-3.459198e+00	-3.314629e+00	-1.445687e-01
3.060000e-01	-1.585082e+00	1.568822e+00	-3.459534e+00	-3.314849e+00	-1.446856e-01
3.070000e-01	-1.585093e+00	1.568757e+00	-3.459806e+00	-3.314996e+00	-1.448097e-01
3.080000e-01	-1.585148e+00	1.568729e+00	-3.460162e+00	-3.315228e+00	-1.449334e-01
3.090000e-01	-1.585160e+00	1.568662e+00	-3.460453e+00	-3.315386e+00	-1.450669e-01
3.100000e-01	-1.585231e+00	1.568648e+00	-3.460854e+00	-3.315659e+00	-1.451958e-01
3.110000e-01	-1.585272e+00	1.568606e+00	-3.461203e+00	-3.315873e+00	-1.453300e-01
3.120000e-01	-1.585367e+00	1.568615e+00	-3.461663e+00	-3.316199e+00	-1.454640e-01
3.130000e-01	-1.585444e+00	1.568608e+00	-3.462085e+00	-3.316487e+00	-1.455985e-01
3.140000e-01	-1.585573e+00	1.568649e+00	-3.462609e+00	-3.316877e+00	-1.457320e-01
3.150000e-01	-1.585687e+00	1.568679e+00	-3.463108e+00	-3.317241e+00	-1.458671e-01
3.160000e-01	-1.585866e+00	1.568769e+00	-3.463723e+00	-3.317727e+00	-1.459961e-01
3.170000e-01	-1.586025e+00	1.568847e+00	-3.464296e+00	-3.318173e+00	-1.461233e-01
3.180000e-01	-1.586238e+00	1.568975e+00	-3.464975e+00	-3.318725e+00	-1.462502e-01
3.190000e-01	-1.586428e+00	1.569084e+00	-3.465611e+00	-3.319233e+00	-1.463775e-01
3.200000e-01	-1.586667e+00	1.569240e+00	-3.466336e+00	-3.319835e+00	-1.465011e-01
3.210000e-01	-1.586877e+00	1.569375e+00	-3.467003e+00	-3.320378e+00	-1.466242e-01
3.220000e-01	-1.587138e+00	1.569557e+00	-3.467757e+00	-3.321017e+00	-1.467407e-01
3.230000e-01	-1.587358e+00	1.569707e+00	-3.468433e+00	-3.321574e+00	-1.468584e-01
3.240000e-01	-1.587626e+00	1.569906e+00	-3.469194e+00	-3.322224e+00	-1.469707e-01
3.250000e-01	-1.587849e+00	1.570064e+00	-3.469861e+00	-3.322779e+00	-1.470819e-01
3.260000e-01	-1.588105e+00	1.570258e+00	-3.470585e+00	-3.323398e+00	-1.471874e-01
3.270000e-01	-1.588313e+00	1.570410e+00	-3.471223e+00	-3.323924e+00	-1.472984e-01
3.280000e-01	-1.588539e+00	1.570579e+00	-3.471870e+00	-3.324474e+00	-1.473961e-01
3.290000e-01	-1.588717e+00	1.570708e+00	-3.472434e+00	-3.324935e+00	-1.474996e-01
3.300000e-01	-1.588919e+00	1.570862e+00	-3.473018e+00	-3.325427e+00	-1.475902e-01
3.310000e-01	-1.589070e+00	1.570969e+00	-3.473518e+00	-3.325829e+00	-1.476892e-01
3.320000e-01	-1.589238e+00	1.571098e+00	-3.474015e+00	-3.326245e+00	-1.477700e-01
3.330000e-01	-1.589364e+00	1.571192e+00	-3.474445e+00	-3.326586e+00	-1.478586e-01
3.340000e-01	-1.589501e+00	1.571298e+00	-3.474856e+00	-3.326929e+00	-1.479264e-01
3.350000e-01	-1.589593e+00	1.571366e+00	-3.475199e+00	-3.327192e+00	-1.480064e-01
3.360000e-01	-1.589693e+00	1.571446e+00	-3.475517e+00	-3.327452e+00	-1.480655e-01
3.370000e-01	-1.589756e+00	1.571490e+00	-3.475778e+00	-3.327645e+00	-1.481332e-01
3.380000e-01	-1.589827e+00	1.571546e+00	-3.476009e+00	-3.327832e+00	-1.481773e-01
3.390000e-01	-1.589865e+00	1.571576e+00	-3.476204e+00	-3.327967e+00	-1.482376e-01
3.400000e-01	-1.589908e+00	1.571611e+00	-3.476358e+00	-3.328088e+00	-1.482709e-01
3.410000e-01	-1.589919e+00	1.571620e+00	-3.476473e+00	-3.328156e+00	-1.483173e-01
3.420000e-01	-1.589941e+00	1.571645e+00	-3.476564e+00	-3.328223e+00	-1.483407e-01
3.430000e-01	-1.589938e+00	1.571645e+00	-3.476627e+00	-3.328252e+00	-1.483754e-01
3.440000e-01	-1.589946e+00	1.571660e+00	-3.476662e+00	-3.328277e+00	-1.483856e-01
3.450000e-01	-1.589927e+00	1.571654e+00	-3.476674e+00	-3.328264e+00	-1.484102e-01
3.460000e-01	-1.589919e+00	1.571658e+00	-3.476655e+00	-3.328247e+00	-1.484083e-01
3.470000e-01	-1.589883e+00	1.571639e+00	-3.476613e+00	-3.328190e+00	-1.484233e-01
3.480000e-01	-1.589855e+00	1.571629e+00	-3.476540e+00	-3.328125e+00	-1.484154e-01
3.490000e-01	-1.589802e+00	1.571596e+00	-3.476449e+00	-3.328027e+00	-1.484220e-01
3.500000e-01	-1.589760e+00	1.571576e+00	-3.476324e+00	-3.327922e+00	-1.484020e-01
3.510000e-01	-1.589695e+00	1.571540e+00	-3.476193e+00	-3.327792e+00	-1.484012e-01
3.520000e-01	-1.589645e+00	1.571513e+00	-3.476037e+00	-3.327664e+00	-1.483734e-01
3.530000e-01	-1.589572e+00	1.571468e+00	-3.475872e+00	-3.327508e+00	-1.483645e-01
3.540000e-01	-1.589510e+00	1.571436e+00	-3.475689e+00	-3.327355e+00	-1.483342e-01
3.550000e-01	-1.589429e+00	1.571384e+00	-3.475489e+00	-3.327174e+00	-1.483155e-01
3.560000e-01	-1.589359e+00	1.571343e+00	-3.475267e+00	-3.326993e+00	-1.482741e-01
3.570000e-01	-1.589268e+00	1.571286e+00	-3.475047e+00	-3.326792e+00	-1.482553e-01
3.580000e-01	-1.589194e+00	1.571238e+00	-3.474805e+00	-3.326596e+00	-1.482090e-01
3.590000e-01	-1.589100e+00	1.571176e+00	-3.474565e+00	-3.326383e+00	-1.481824e-01
3.600000e-01	-1.589018e+00	1.571126e+00	-3.474305e+00	-3.326170e+00	-1.481345e-01
3.610000e-01	-1.588924e+00	1.571060e+00	-3.474051e+00	-3.325949e+00	-1.481018e-01
3.620000e-01	-1.588848e+00	1.571014e+00	-3.473791e+00	-3.325744e+00	-1.480473e-01
3.630000e-01	-1.588763e+00	1.570961e+00	-3.473551e+00	-3.325538e+00	-1.480121e-01
3.640000e-01	-1.588696e+00	1.570920e+00	-3.473296e+00	-3.325344e+00	-1.479517e-01
3.650000e-01	-1.588614e+00	1.570866e+00	-3.473045e+00	-3.325137e+00	-1.479082e-01
3.660000e-01	-1.588554e+00	1.570833e+00	-3.472807e+00	-3.324958e+00	-1.478498e-01
3.670000e-01	-1.588480e+00	1.570784e+00	-3.472570e+00	-3.324765e+00	-1.478044e-01
3.680000e-01	-1.588434e+00	1.570762e+00	-3.472350e+00	-3.324609e+00	-1.477411e-01
3.690000e-01	-1.588376e+00	1.570730e+00	-3.472143e+00	-3.324448e+00	-1.476958e-01
3.700000e-01	-1.588337e+00	1.570712e+00	-3.471934e+00	-3.324304e+00	-1.476297e-01
3.710000e-01	-1.588283e+00	1.570681e+00	-3.471728e+00	-3.324147e+00	-1.475817e-01
3.720000e-01	-1.588256e+00	1.570676e+00	-3.471555e+00	-3.324033e+00	-1.475216e-01
3.730000e-01	-1.588214e+00	1.570654e+00	-3.471375e+00	-3.323902e+00	-1.474734e-01
3.740000e-01	-1.588199e+00	1.570656e+00	-3.471221e+00	-3.323809e+00	-1.474116e-01
3.750000e-01	-1.588168e+00	1.570645e+00	-3.471069e+00	-3.323702e+00	-1.473669e-01
3.760000e-01	-1.588157e+00	1.570648e+00	-3.470925e+00	-3.323620e+00	-1.473055e-01
3.770000e-01	-1.588131e+00	1.570638e+00	-3.470791e+00	-3.323526e+00	-1.472645e-01
3.780000e-01	-1.588129e+00	1.570652e+00	-3.470683e+00	-3.323471e+00	-1.472118e-01
3.790000e-01	-1.588109e+00	1.570644e+00	-3.470566e+00	-3.323392e+00	-1.471738e-01
3.800000e-01	-1.588113e+00	1.570659e+00	-3.470466e+00	-3.323346e+00	-1.471198e-01
3.810000e-01	-1.588108e+00	1.570667e+00	-3.470389e+00	-3.323303e+00	-1.470861e-01
3.820000e-01	-1.588118e+00	1.570683e+00	-3.470314e+00	-3.323275e+00	-1.470392e-01
3.830000e-01	-1.588112e+00	1.570686e+00	-3.470247e+00	-3.323236e+00	-1.470113e-01
3.840000e-01	-1.588121e+00	1.570702e+00	-3.470193e+00	-3.323217e+00	-1.469757e-01
3.850000e-01	-1.588107e+00	1.570692e+00	-3.470119e+00	-3.323167e+00	-1.469525e-01
3.860000e-01	-1.588118e+00	1.570707e+00	-3.470074e+00	-3.323155e+00	-1.469187e-01
3.870000e-01	-1.588125e+00	1.570718e+00	-3.470055e+00	-3.323153e+00	-1.469024e-01
3.880000e-01	-1.588144e+00	1.570735e+00	-3.470033e+00	-3.323160e+00	-1.468729e-01
3.890000e-01	-1.588153e+00	1.570744e+00	-3.470025e+00	-3.323165e+00	-1.468600e-01
3.900000e-01	-1.588178e+00	1.570769e+00	-3.470028e+00	-3.323192e+00	-1.468360e-01
3.910000e-01	-1.588184e+00	1.570771e+00	-3.470023e+00	-3.323196e+00	-1.468278e-01
3.920000e-01	-1.588212e+00	1.570795e+00	-3.470043e+00	-3.323233e+00	-1.468091e-01
3.930000e-01	-1.588233e+00	1.570813e+00	-3.470084e+00	-3.323275e+00	-1.468087e-01
3.940000e-01	-1.588264e+00	1.570835e+00	-3.470116e+00	-3.323322e+00	-1.467946e-01
3.950000e-01	-1.588282e+00	1.570847e+00	-3.470156e+00	-3.323359e+00	-1.467962e-01
3.960000e-01	-1.588318e+00	1.570877e+00	-3.470210e+00	-3.323423e+00	-1.467873e-01
3.970000e-01	-1.588341e+00	1.570892e+00	-3.470271e+00	-3.323477e+00	-1.467939e-01
3.980000e-01	-1.588386e+00	1.570927e+00	-3.470343e+00	-3.323558e+00	-1.467857e-01
3.990000e-01	-1.588424e+00	1.570957e+00	-3.470443e+00	-3.323645e+00	-1.467980e-01
4.000000e-01	-1.588466e+00	1.570988e+00	-3.470514e+00	-3.323724e+00	-1.467910e-01
4.010000e-01	-1.588505e+00	1.571017e+00	-3.470618e+00	-3.323814e+00	-1.468041e-01
4.020000e-01	-1.588554e+00	1.571056e+00	-3.470719e+00	-3.323914e+00	-1.468052e-01
4.030000e-01	-1.588591e+00	1.571079e+00	-3.470827e+00	-3.324004e+00	-1.468225e-01
4.040000e-01	-1.588642e+00	1.571118e+00	-3.470934e+00	-3.324109e+00	-1.468253e-01
4.050000e-01	-1.588683e+00	1.571151e+00	-3.471054e+00	-3.324210e+00	-1.468439e-01
4.060000e-01	-1.588737e+00	1.571192e+00	-3.471163e+00	-3.324318e+00	-1.468450e-01
4.070000e-01	-1.588775e+00	1.571221e+00	-3.471282e+00	-3.324416e+00	-1.468660e-01
4.080000e-01	-1.588826e+00	1.571262e+00	-3.471399e+00	-3.324526e+00	-1.468733e-01
4.090000e-01	-1.588862e+00	1.571286e+00	-3.471514e+00	-3.324619e+00	-1.468950e-01
4.100000e-01	-1.588912e+00	1.571325e+00	-3.471627e+00	-3.324726e+00	-1.469012e-01
4.110000e-01	-1.588943e+00	1.571347e+00	-3.471741e+00	-3.324814e+00	-1.469275e-01
4.120000e-01	-1.588983e+00	1.571376e+00	-3.471831e+00	-3.324898e+00	-1.469327e-01
4.130000e-01	-1.589008e+00	1.571394e+00	-3.471932e+00	-3.324974e+00	-1.469575e-01
4.140000e-01	-1.589045e+00	1.571423e+00	-3.472022e+00	-3.325056e+00	-1.469664e-01
4.150000e-01	-1.589067e+00	1.571437e+00	-3.472115e+00	-3.325125e+00	-1.469904e-01
4.160000e-01	-1.589100e+00	1.571462e+00	-3.472189e+00	-3.325195e+00	-1.469942e-01
4.170000e-01	-1.589120e+00	1.571476e+00	-3.472283e+00	-3.325262e+00	-1.470212e-01
4.180000e-01	-1.589148e+00	1.571495e+00	-3.472346e+00	-3.325320e+00	-1.470253e-01
4.190000e-01	-1.589158e+00	1.571501e+00	-3.472418e+00	-3.325367e+00	-1.470504e-01
4.200000e-01	-1.589174e+00	1.571513e+00	-3.472466e+00	-3.325407e+00	-1.470585e-01
4.210000e-01	-1.589178e+00	1.571512e+00	-3.472519e+00	-3.325437e+00	-1.470814e-01
4.220000e-01	-1.589196e+00	1.571527e+00	-3.472562e+00	-3.325478e+00	-1.470849e-01
4.230000e-01	-1.589202e+00	1.571531e+00	-3.472619e+00	-3.325511e+00	-1.471078e-01
4.240000e-01	-1.589211e+00	1.571536e+00	-3.472641e+00	-3.325531e+00	-1.471098e-01
4.250000e-01	-1.589206e+00	1.571530e+00	-3.472677e+00	-3.325544e+00	-1.471324e-01
4.260000e-01	-1.589212e+00	1.571535e+00	-3.472700e+00	-3.325562e+00	-1.471377e-01
4.270000e-01	-1.589201e+00	1.571523e+00	-3.472721e+00	-3.325562e+00	-1.471592e-01
4.280000e-01	-1.589204e+00	1.571523e+00	-3.472732e+00	-3.325570e+00	-1.471623e-01
4.290000e-01	-1.589190e+00	1.571511e+00	-3.472750e+00	-3.325566e+00	-1.471848e-01
4.300000e-01	-1.589190e+00	1.571510e+00	-3.472747e+00	-3.325563e+00	-1.471831e-01
4.310000e-01	-1.589172e+00	1.571494e+00	-3.472748e+00	-3.325546e+00	-1.472018e-01
4.320000e-01	-1.589166e+00	1.571489e+00	-3.472740e+00	-3.325536e+00	-1.472035e-01
4.330000e-01	-1.589144e+00	1.571468e+00	-3.472730e+00	-3.325509e+00	-1.472214e-01
4.340000e-01	-1.589140e+00	1.571465e+00	-3.472715e+00	-3.325497e+00	-1.472177e-01
4.350000e-01	-1.589117e+00	1.571445e+00	-3.472703e+00	-3.325468e+00	-1.472348e-01
4.360000e-01	-1.589107e+00	1.571436e+00	-3.472677e+00	-3.325445e+00	-1.472317e-01
4.370000e-01	-1.589082e+00	1.571413e+00	-3.472657e+00	-3.325410e+00	-1.472469e-01
4.380000e-01	-1.589068e+00	1.571403e+00	-3.472627e+00	-3.325381e+00	-1.472455e-01
4.390000e-01	-1.589032e+00	1.571371e+00	-3.472576e+00	-3.325320e+00	-1.472556e-01
4.400000e-01	-1.589014e+00	1.571356e+00	-3.472530e+00	-3.325279e+00	-1.472512e-01
4.410000e-01	-1.588979e+00	1.571326e+00	-3.472485e+00	-3.325221e+00	-1.472636e-01
4.420000e-01	-1.588962e+00	1.571313e+00	-3.472435e+00	-3.325180e+00	-1.472556e-01
4.430000e-01	-1.588929e+00	1.571285e+00	-3.472386e+00	-3.325122e+00	-1.472641e-01
4.440000e-01	-1.588910e+00	1.571271e+00	-3.472332e+00	-3.325077e+00	-1.472557e-01
4.450000e-01	-1.588874e+00	1.571239e+00	-3.472272e+00	-3.325010e+00	-1.472621e-01
4.460000e-01	-1.588861e+00	1.571230e+00	-3.472224e+00	-3.324973e+00	-1.472512e-01
4.470000e-01	-1.588827e+00	1.571202e+00	-3.472171e+00	-3.324912e+00	-1.472587e-01
4.480000e-01	-1.588810e+00	1.571190e+00	-3.472114e+00	-3.324868e+00	-1.472467e-01
4.490000e-01	-1.588776e+00	1.571161e+00	-3.472054e+00	-3.324803e+00	-1.472511e-01
4.500000e-01	-1.588755e+00	1.571145e+00	-3.471991e+00	-3.324750e+00	-1.472408e-01
4.510000e-01	-1.588716e+00	1.571112e+00	-3.471921e+00	-3.324677e+00	-1.472443e-01
4.520000e-01	-1.588702e+00	1.571103e+00	-3.471868e+00	-3.324636e+00	-1.472317e-01
4.530000e-01	-1.588678e+00	1.571085e+00	-3.471828e+00	-3.324592e+00	-1.472356e-01
4.540000e-01	-1.588669e+00	1.571079e+00	-3.471775e+00	-3.324557e+00	-1.472182e-01
4.550000e-01	-1.588644e+00	1.571059e+00	-3.471728e+00	-3.324507e+00	-1.472203e-01
4.560000e-01	-1.588630e+00	1.571050e+00	-3.471678e+00	-3.324469e+00	-1.472092e-01
4.570000e-01	-1.588600e+00	1.571024e+00	-3.471626e+00	-3.324413e+00	-1.472131e-01
4.580000e-01	-1.588588e+00	1.571015e+00	-3.471578e+00	-3.324377e+00	-1.472009e-01
4.590000e-01	-1.588563e+00	1.570994e+00	-3.471533e+00	-3.324330e+00	-1.472035e-01
4.600000e-01	-1.588559e+00	1.570992e+00	-3.471494e+00	-3.324305e+00	-1.471882e-01
4.610000e-01	-1.588537e+00	1.570973e+00	-3.471456e+00	-3.324265e+00	-1.471908e-01
4.620000e-01	-1.588534e+00	1.570973e+00	-3.471426e+00	-3.324247e+00	-1.471788e-01
4.630000e-01	-1.588513e+00	1.570953e+00	-3.471386e+00	-3.324206e+00	-1.471803e-01
4.640000e-01	-1.588514e+00	1.570955e+00	-3.471361e+00	-3.324194e+00	-1.471668e-01
4.650000e-01	-1.588499e+00	1.570943e+00	-3.471340e+00	-3.324169e+00	-1.471708e-01
4.660000e-01	-1.588498e+00	1.570943e+00	-3.471310e+00	-3.324153e+00	-1.471568e-01
4.670000e-01	-1.588481e+00	1.570928e+00	-3.471281e+00	-3.324121e+00	-1.471600e-01
4.680000e-01	-1.588481e+00	1.570930e+00	-3.471261e+00	-3.324111e+00	-1.471496e-01
4.690000e-01	-1.588466e+00	1.570915e+00	-3.471237e+00	-3.324085e+00	-1.471525e-01
4.700000e-01	-1.588473e+00	1.570921e+00	-3.471222e+00	-3.324084e+00	-1.471386e-01
4.710000e-01	-1.588468e+00	1.570918e+00	-3.471220e+00	-3.324078e+00	-1.471416e-01
4.720000e-01	-1.588481e+00	1.570930e+00	-3.471217e+00	-3.324090e+00	-1.471270e-01
4.730000e-01	-1.588477e+00	1.570926e+00	-3.471216e+00	-3.324085e+00	-1.471311e-01
4.740000e-01	-1.588488e+00	1.570937e+00	-3.471216e+00	-3.324097e+00	-1.471199e-01
4.750000e-01	-1.588479e+00	1.570927e+00	-3.471207e+00	-3.324082e+00	-1.471246e-01
4.760000e-01	-1.588491e+00	1.570939e+00	-3.471206e+00	-3.324095e+00	-1.471117e-01
4.770000e-01	-1.588492e+00	1.570940e+00	-3.471218e+00	-3.324101e+00	-1.471169e-01
4.780000e-01	-1.588509e+00	1.570955e+00	-3.471227e+00	-3.324123e+00	-1.471045e-01
4.790000e-01	-1.588512e+00	1.570955e+00	-3.471243e+00	-3.324133e+00	-1.471095e-01
4.800000e-01	-1.588529e+00	1.570971e+00	-3.471259e+00	-3.324158e+00	-1.471007e-01
4.810000e-01	-1.588525e+00	1.570966e+00	-3.471262e+00	-3.324156e+00	-1.471058e-01
4.820000e-01	-1.588542e+00	1.570981e+00	-3.471277e+00	-3.324181e+00	-1.470959e-01
4.830000e-01	-1.588548e+00	1.570987e+00	-3.471299e+00	-3.324197e+00	-1.471018e-01
4.840000e-01	-1.588568e+00	1.571005e+00	-3.471319e+00	-3.324228e+00	-1.470911e-01
4.850000e-01	-1.588573e+00	1.571008e+00	-3.471340e+00	-3.324243e+00	-1.470969e-01
4.860000e-01	-1.588593e+00	1.571026e+00	-3.471365e+00	-3.324275e+00	-1.470897e-01
4.870000e-01	-1.588592e+00	1.571022e+00	-3.471378e+00	-3.324281e+00	-1.470971e-01
4.880000e-01	-1.588608e+00	1.571037e+00	-3.471398e+00	-3.324307e+00	-1.470908e-01
4.890000e-01	-1.588607e+00	1.571035e+00	-3.471416e+00	-3.324315e+00	-1.471009e-01
4.900000e-01	-1.588624e+00	1.571049e+00	-3.471433e+00	-3.324340e+00	-1.470923e-01
4.910000e-01	-1.588629e+00	1.571053e+00	-3.471458e+00	-3.324358e+00	-1.471004e-01
4.920000e-01	-1.588652e+00	1.571074e+00	-3.471493e+00	-3.324398e+00	-1.470948e-01
4.930000e-01	-1.588654e+00	1.571073e+00	-3.471517e+00	-3.324412e+00	-1.471046e-01
4.940000e-01	-1.588673e+00	1.571089e+00	-3.471538e+00	-3.324442e+00	-1.470962e-01
4.950000e-01	-1.588674e+00	1.571090e+00	-3.471563e+00	-3.324456e+00	-1.471071e-01
4.960000e-01	-1.588691e+00	1.571104e+00	-3.471583e+00	-3.324483e+00	-1.470998e-01
4.970000e-01	-1.588687e+00	1.571099e+00	-3.471601e+00	-3.324487e+00	-1.471132e-01
4.980000e-01	-1.588702e+00	1.571111e+00	-3.471625e+00	-3.324515e+00	-1.471103e-01
4.990000e-01	-1.588697e+00	1.571103e+00	-3.471634e+00	-3.324514e+00	-1.471193e-01
5.000000e-01	-1.588718e+00	1.571121e+00	-3.471661e+00	-3.324549e+00	-1.471121e-01
5.010000e-01	-1.588721e+00	1.571122e+00	-3.471689e+00	-3.324565e+00	-1.471234e-01
5.020000e-01	-1.588739e+00	1.571138e+00	-3.471710e+00	-3.324594e+00	-1.471161e-01
5.030000e-01	-1.588736e+00	1.571135e+00	-3.471726e+00	-3.324599e+00	-1.471267e-01
5.040000e-01	-1.588748e+00	1.571146e+00	-3.471744e+00	-3.324620e+00	-1.471240e-01
5.050000e-01	-1.588740e+00	1.571135e+00	-3.471750e+00	-3.324615e+00	-1.471352e-01
5.060000e-01	-1.588754e+00	1.571148e+00	-3.471767e+00	-3.324638e+00	-1.471295e-01
5.070000e-01	-1.588753e+00	1.571146e+00	-3.471788e+00	-3.324647e+00	-1.471411e-01
5.080000e-01	-1.588768e+00	1.571158e+00	-3.471802e+00	-3.324669e+00	-1.471335e-01
5.090000e-01	-1.588764e+00	1.571154e+00	-3.471815e+00	-3.324671e+00	-1.471438e-01
5.100000e-01	-1.588776e+00	1.571166e+00	-3.471831e+00	-3.324691e+00	-1.471397e-01
5.110000e-01	-1.588768e+00	1.571157e+00	-3.471835e+00	-3.324686e+00	-1.471493e-01
5.120000e-01	-1.588780e+00	1.571169e+00	-3.471847e+00	-3.324704e+00	-1.471433e-01
5.130000e-01	-1.588774e+00	1.571163e+00	-3.471858e+00	-3.324703e+00	-1.471554e-01
5.140000e-01	-1.588784e+00	1.571171e+00	-3.471862e+00	-3.324715e+00	-1.471471e-01
5.150000e-01	-1.588773e+00	1.571161e+00	-3.471864e+00	-3.324705e+00	-1.471585e-01
5.160000e-01	-1.588785e+00	1.571172e+00	-3.471876e+00	-3.324723e+00	-1.471533e-01
5.170000e-01	-1.588772e+00	1.571158e+00	-3.471870e+00	-3.324707e+00	-1.471627e-01
5.180000e-01	-1.588782e+00	1.571168e+00	-3.471875e+00	-3.324719e+00	-1.471556e-01
5.190000e-01	-1.588772e+00	1.571159e+00	-3.471876e+00	-3.324710e+00	-1.471662e-01
5.200000e-01	-1.588779e+00	1.571168e+00	-3.471875e+00	-3.324717e+00	-1.471579e-01
5.210000e-01	-1.588768e+00	1.571157e+00	-3.471869e+00	-3.324703e+00	-1.471663e-01
5.220000e-01	-1.588774e+00	1.571163e+00	-3.471869e+00	-3.324708e+00	-1.471607e-01
5.230000e-01	-1.588761e+00	1.571150e+00	-3.471860e+00	-3.324691e+00	-1.471687e-01
5.240000e-01	-1.588769e+00	1.571159e+00	-3.471861e+00	-3.324700e+00	-1.471616e-01
5.250000e-01	-1.588759e+00	1.571150e+00	-3.471863e+00	-3.324691e+00	-1.471725e-01
5.260000e-01	-1.588764e+00	1.571155e+00	-3.471851e+00	-3.324689e+00	-1.471619e-01
5.270000e-01	-1.588751e+00	1.571144e+00	-3.471841e+00	-3.324671e+00	-1.471696e-01
5.280000e-01	-1.588755e+00	1.571150e+00	-3.471839e+00	-3.324675e+00	-1.471639e-01
5.290000e-01	-1.588739e+00	1.571133e+00	-3.471824e+00	-3.324651e+00	-1.471730e-01
5.300000e-01	-1.588744e+00	1.571139e+00	-3.471818e+00	-3.324653e+00	-1.471651e-01
5.310000e-01	-1.588732e+00	1.571128e+00	-3.471811e+00	-3.324637e+00	-1.471740e-01
5.320000e-01	-1.588739e+00	1.571136e+00	-3.471804e+00	-3.324641e+00	-1.471635e-01
5.330000e-01	-1.588725e+00	1.571123e+00	-3.471792e+00	-3.324621e+00	-1.471711e-01
5.340000e-01	-1.588731e+00	1.571130e+00	-3.471789e+00	-3.324625e+00	-1.471634e-01
5.350000e-01	-1.588715e+00	1.571114e+00	-3.471774e+00	-3.324602e+00	-1.471713e-01
5.360000e-01	-1.588722e+00	1.571122e+00	-3.471768e+00	-3.324606e+00	-1.471625e-01
5.370000e-01	-1.588708e+00	1.571109e+00	-3.471762e+00	-3.324589e+00	-1.471731e-01
5.380000e-01	-1.588712e+00	1.571113e+00	-3.471744e+00	-3.324583e+00	-1.471603e-01
5.390000e-01	-1.588695e+00	1.571098e+00	-3.471726e+00	-3.324558e+00	-1.471680e-01
5.400000e-01	-1.588700e+00	1.571105e+00	-3.471720e+00	-3.324560e+00	-1.471600e-01
5.410000e-01	-1.588688e+00	1.571093e+00	-3.471710e+00	-3.324543e+00	-1.471673e-01
5.420000e-01	-1.588698e+00	1.571105e+00	-3.471711e+00	-3.324554e+00	-1.471572e-01
5.430000e-01	-1.588688e+00	1.571095e+00	-3.471703e+00	-3.324540e+00	-1.471637e-01
5.440000e-01	-1.588694e+00	1.571101e+00	-3.471692e+00	-3.324540e+00	-1.471523e-01
5.450000e-01	-1.588678e+00	1.571087e+00	-3.471678e+00	-3.324517e+00	-1.471610e-01
5.460000e-01	-1.588679e+00	1.571090e+00	-3.471667e+00	-3.324513e+00	-1.471546e-01
5.470000e-01	-1.588662e+00	1.571073e+00	-3.471649e+00	-3.324487e+00	-1.471622e-01
5.480000e-01	-1.588669e+00	1.571082e+00	-3.471639e+00	-3.324489e+00	-1.471505e-01
5.490000e-01	-1.588660e+00	1.571073e+00	-3.471639e+00	-3.324480e+00	-1.471590e-01
5.500000e-01	-1.588667e+00	1.571080e+00	-3.471630e+00	-3.324483e+00	-1.471478e-01
5.510000e-01	-1.588655e+00	1.571068e+00	-3.471622e+00	-3.324466e+00	-1.471558e-01
5.520000e-01	-1.588663e+00	1.571077e+00	-3.471622e+00	-3.324474e+00	-1.471479e-01
5.530000e-01	-1.588649e+00	1.571061e+00	-3.471606e+00	-3.324452e+00	-1.471545e-01
5.540000e-01	-1.588655e+00	1.571069e+00	-3.471599e+00	-3.324454e+00	-1.471445e-01
5.550000e-01	-1.588645e+00	1.571060e+00	-3.471596e+00	-3.324443e+00	-1.471534e-01
5.560000e-01	-1.588655e+00	1.571070e+00	-3.471593e+00	-3.324451e+00	-1.471416e-01
5.570000e-01	-1.588642e+00	1.571058e+00	-3.471587e+00	-3.324436e+00	-1.471512e-01
5.580000e-01	-1.588650e+00	1.571065e+00	-3.471582e+00	-3.324440e+00	-1.471414e-01
5.590000e-01	-1.588637e+00	1.571052e+00	-3.471570e+00	-3.324422e+00	-1.471484e-01
5.600000e-01	-1.588647e+00	1.571063e+00	-3.471572e+00	-3.324432e+00	-1.471391e-01
5.610000e-01	-1.588641e+00	1.571056e+00	-3.471578e+00	-3.324430e+00	-1.471478e-01
5.620000e-01	-1.588651e+00	1.571067e+00	-3.471577e+00	-3.324440e+00	-1.471370e-01
5.630000e-01	-1.588641e+00	1.571056e+00	-3.471567e+00	-3.324424e+00	-1.471426e-01
5.640000e-01	-1.588649e+00	1.571065e+00	-3.471568e+00	-3.324433e+00	-1.471353e-01
5.650000e-01	-1.588638e+00	1.571053e+00	-3.471563e+00	-3.324419e+00	-1.471439e-01
5.660000e-01	-1.588647e+00	1.571063e+00	-3.471563e+00	-3.324428e+00	-1.471351e-01
5.670000e-01	-1.588641e+00	1.571057e+00	-3.471570e+00	-3.324426e+00	-1.471442e-01
5.680000e-01	-1.588653e+00	1.571068e+00	-3.471569e+00	-3.324437e+00	-1.471313e-01
5.690000e-01	-1.588646e+00	1.571061e+00	-3.471572e+00	-3.324432e+00	-1.471395e-01
5.700000e-01	-1.588658e+00	1.571073e+00	-3.471580e+00	-3.324448e+00	-1.471320e-01
5.710000e-01	-1.588650e+00	1.571063e+00	-3.471579e+00	-3.324439e+00	-1.471401e-01
5.720000e-01	-1.588663e+00	1.571078e+00	-3.471588e+00	-3.324457e+00	-1.471306e-01
5.730000e-01	-1.588658e+00	1.571073e+00	-3.471594e+00	-3.324455e+00	-1.471388e-01
5.740000e-01	-1.588670e+00	1.571083e+00	-3.471596e+00	-3.324468e+00	-1.471281e-01
5.750000e-01	-1.588658e+00	1.571072e+00	-3.471593e+00	-3.324454e+00	-1.471381e-01
5.760000e-01	-1.588670e+00	1.571084e+00	-3.471603e+00	-3.324471e+00	-1.471315e-01
5.770000e-01	-1.588661e+00	1.571073e+00	-3.471604e+00	-3.324463e+00	-1.471410e-01
5.780000e-01	-1.588674e+00	1.571085e+00	-3.471611e+00	-3.324479e+00	-1.471317e-01
5.790000e-01	-1.588672e+00	1.571082e+00	-3.471624e+00	-3.324484e+00	-1.471401e-01
5.800000e-01	-1.588685e+00	1.571095e+00	-3.471628e+00	-3.324499e+00	-1.471290e-01
5.810000e-01	-1.588676e+00	1.571086e+00	-3.471630e+00	-3.324491e+00	-1.471387e-01
5.820000e-01	-1.588681e+00	1.571091e+00	-3.471629e+00	-3.324495e+00	-1.471334e-01
5.830000e-01	-1.588667e+00	1.571075e+00	-3.471618e+00	-3.324475e+00	-1.471421e-01
5.840000e-01	-1.588674e+00	1.571083e+00	-3.471616e+00	-3.324482e+00	-1.471340e-01
5.850000e-01	-1.588669e+00	1.571077e+00	-3.471626e+00	-3.324482e+00	-1.471440e-01
5.860000e-01	-1.588681e+00	1.571089e+00	-3.471626e+00	-3.324494e+00	-1.471317e-01
5.870000e-01	-1.588673e+00	1.571081e+00	-3.471625e+00	-3.324486e+00	-1.471396e-01
5.880000e-01	-1.588685e+00	1.571094e+00	-3.471635e+00	-3.324503e+00	-1.471322e-01
5.890000e-01	-1.588676e+00	1.571083e+00	-3.471637e+00	-3.324494e+00	-1.471426e-01
5.900000e-01	-1.588687e+00	1.571095e+00	-3.471639e+00	-3.324506e+00	-1.471325e-01
5.910000e-01	-1.588682e+00	1.571090e+00	-3.471648e+00	-3.324505e+00	-1.471423e-01
5.920000e-01	-1.588693e+00	1.571100e+00	-3.471652e+00	-3.324520e+00	-1.471326e-01
5.930000e-01	-1.588681e+00	1.571086e+00	-3.471649e+00	-3.324505e+00	-1.471437e-01
5.940000e-01	-1.588686e+00	1.571092e+00	-3.471647e+00	-3.324509e+00	-1.471378e-01
5.950000e-01	-1.588670e+00	1.571075e+00	-3.471631e+00	-3.324485e+00	-1.471455e-01
5.960000e-01	-1.588678e+00	1.571085e+00	-3.471627e+00	-3.324492e+00	-1.471354e-01
5.970000e-01	-1.588674e+00	1.571080e+00	-3.471638e+00	-3.324493e+00	-1.471451e-01
5.980000e-01	-1.588686e+00	1.571091e+00	-3.471641e+00	-3.324506e+00	-1.471343e-01
5.990000e-01	-1.588676e+00	1.571081e+00	-3.471639e+00	-3.324495e+00	-1.471439e-01
6.000000e-01	-1.588680e+00	1.571087e+00	-3.471631e+00	-3.324496e+00	-1.471355e-01
6.010000e-01	-1.588666e+00	1.571071e+00	-3.471621e+00	-3.324476e+00	-1.471449e-01
6.020000e-01	-1.588671e+00	1.571078e+00	-3.471615e+00	-3.324479e+00	-1.471368e-01
6.030000e-01	-1.588664e+00	1.571071e+00	-3.471621e+00	-3.324474e+00	-1.471465e-01
6.040000e-01	-1.588675e+00	1.571083e+00	-3.471622e+00	-3.324486e+00	-1.471356e-01
6.050000e-01	-1.588668e+00	1.571075e+00	-3.471623e+00	-3.324480e+00	-1.471436e-01
6.060000e-01	-1.588679e+00	1.571087e+00	-3.471629e+00	-3.324493e+00	-1.471356e-01
6.070000e-01	-1.588668e+00	1.571075e+00	-3.471619e+00	-3.324478e+00	-1.471416e-01
6.080000e-01	-1.588676e+00	1.571085e+00	-3.471617e+00	-3.324485e+00	-1.471320e-01
6.090000e-01	-1.588668e+00	1.571077e+00	-3.471621e+00	-3.324479e+00	-1.471427e-01
6.100000e-01	-1.588675e+00	1.571085e+00	-3.471618e+00	-3.324484e+00	-1.471336e-01
6.110000e-01	-1.588666e+00	1.571076e+00	-3.471617e+00	-3.324474e+00	-1.471427e-01
6.120000e-01	-1.588675e+00	1.571086e+00	-3.471617e+00	-3.324484e+00	-1.471332e-01
6.130000e-01	-1.588665e+00	1.571074e+00	-3.471615e+00	-3.324473e+00	-1.471422e-01
6.140000e-01	-1.588674e+00	1.571083e+00	-3.471614e+00	-3.324481e+00	-1.471330e-01
6.150000e-01	-1.588667e+00	1.571077e+00	-3.471619e+00	-3.324477e+00	-1.471428e-01
6.160000e-01	-1.588676e+00	1.571086e+00	-3.471616e+00	-3.324484e+00	-1.471321e-01
6.170000e-01	-1.588664e+00	1.571074e+00	-3.471611e+00	-3.324470e+00	-1.471418e-01
6.180000e-01	-1.588673e+00	1.571084e+00	-3.471614e+00	-3.324480e+00	-1.471340e-01
6.190000e-01	-1.588662e+00	1.571071e+00	-3.471605e+00	-3.324464e+00	-1.471404e-01
6.200000e-01	-1.588670e+00	1.571080e+00	-3.471602e+00	-3.324471e+00	-1.471314e-01
6.210000e-01	-1.588662e+00	1.571072e+00	-3.471606e+00	-3.324464e+00	-1.471414e-01
6.220000e-01	-1.588670e+00	1.571082e+00	-3.471602e+00	-3.324471e+00	-1.471312e-01
6.230000e-01	-1.588660e+00	1.571072e+00	-3.471599e+00	-3.324459e+00	-1.471397e-01
6.240000e-01	-1.588667e+00	1.571079e+00	-3.471597e+00	-3.324466e+00	-1.471312e-01
6.250000e-01	-1.588657e+00	1.571067e+00	-3.471595e+00	-3.324455e+00	-1.471403e-01
6.260000e-01	-1.588664e+00	1.571074e+00	-3.471592e+00	-3.324460e+00	-1.471321e-01
6.270000e-01	-1.588651e+00	1.571061e+00	-3.471590e+00	-3.324446e+00	-1.471436e-01
6.280000e-01	-1.588656e+00	1.571066e+00	-3.471580e+00	-3.324446e+00	-1.471339e-01
6.290000e-01	-1.588642e+00	1.571053e+00	-3.471570e+00	-3.324426e+00	-1.471433e-01
6.300000e-01	-1.588649e+00	1.571061e+00	-3.471566e+00	-3.324432e+00	-1.471347e-01
6.310000e-01	-1.588639e+00	1.571051e+00	-3.471561e+00	-3.324420e+00	-1.471413e-01
6.320000e-01	-1.588651e+00	1.571063e+00	-3.471563e+00	-3.324432e+00	-1.471309e-01
6.330000e-01	-1.588646e+00	1.571058e+00	-3.471571e+00	-3.324431e+00	-1.471400e-01
6.340000e-01	-1.588655e+00	1.571067e+00	-3.471569e+00	-3.324439e+00	-1.471297e-01
6.350000e-01	-1.588642e+00	1.571055e+00	-3.471563e+00	-3.324424e+00	-1.471391e-01
6.360000e-01	-1.588649e+00	1.571063e+00	-3.471559e+00	-3.324428e+00	-1.471307e-01
6.370000e-01	-1.588636e+00	1.571049e+00	-3.471554e+00	-3.324413e+00	-1.471406e-01
6.380000e-01	-1.588644e+00	1.571056e+00	-3.471551e+00	-3.324419e+00	-1.471322e-01
6.390000e-01	-1.588637e+00	1.571050e+00	-3.471557e+00	-3.324415e+00	-1.471416e-01
6.400000e-01	-1.588649e+00	1.571062e+00	-3.471556e+00	-3.324427e+00	-1.471287e-01
6.410000e-01	-1.588643e+00	1.571056e+00	-3.471560e+00	-3.324424e+00	-1.471369e-01
6.420000e-01	-1.588653e+00	1.571066e+00	-3.471564e+00	-3.324435e+00	-1.471296e-01
6.430000e-01	-1.588643e+00	1.571055e+00	-3.471562e+00	-3.324424e+00	-1.471382e-01
6.440000e-01	-1.588648e+00	1.571062e+00	-3.471554e+00	-3.324425e+00	-1.471288e-01
6.450000e-01	-1.588640e+00	1.571054e+00	-3.471558e+00	-3.324419e+00	-1.471392e-01
6.460000e-01	-1.588650e+00	1.571063e+00	-3.471559e+00	-3.324429e+00	-1.471294e-01
6.470000e-01	-1.588643e+00	1.571055e+00	-3.471563e+00	-3.324424e+00	-1.471387e-01
6.480000e-01	-1.588651e+00	1.571062e+00	-3.471566e+00	-3.324434e+00	-1.471321e-01
6.490000e-01	-1.588640e+00	1.571051e+00	-3.471563e+00	-3.324421e+00	-1.471418e-01
6.500000e-01	-1.588649e+00	1.571060e+00	-3.471561e+00	-3.324429e+00	-1.471314e-01
6.510000e-01	-1.588640e+00	1.571053e+00	-3.471560e+00	-3.324420e+00	-1.471404e-01
6.520000e-01	-1.588652e+00	1.571064e+00	-3.471562e+00	-3.324433e+00	-1.471293e-01
6.530000e-01	-1.588645e+00	1.571056e+00	-3.471567e+00	-3.324428e+00	-1.471385e-01
6.540000e-01	-1.588657e+00	1.571069e+00	-3.471575e+00	-3.324444e+00	-1.471310e-01
6.550000e-01	-1.588648e+00	1.571058e+00	-3.471571e+00	-3.324433e+00	-1.471379e-01
6.560000e-01	-1.588657e+00	1.571068e+00	-3.471570e+00	-3.324442e+00	-1.471280e-01
6.570000e-01	-1.588648e+00	1.571060e+00	-3.471575e+00	-3.324436e+00	-1.471391e-01
6.580000e-01	-1.588657e+00	1.571068e+00	-3.471575e+00	-3.324444e+00	-1.471305e-01
6.590000e-01	-1.588648e+00	1.571058e+00	-3.471577e+00	-3.324436e+00	-1.471405e-01
6.600000e-01	-1.588658e+00	1.571069e+00	-3.471577e+00	-3.324446e+00	-1.471311e-01
6.610000e-01	-1.588653e+00	1.571063e+00	-3.471583e+00	-3.324445e+00	-1.471380e-01
6.620000e-01	-1.588665e+00	1.571075e+00	-3.471585e+00	-3.324457e+00	-1.471277e-01
6.630000e-01	-1.588655e+00	1.571066e+00	-3.471586e+00	-3.324448e+00	-1.471382e-01
6.640000e-01	-1.588663e+00	1.571074e+00	-3.471584e+00	-3.324454e+00	-1.471293e-01
6.650000e-01	-1.588651e+00	1.571061e+00	-3.471580e+00	-3.324441e+00	-1.471393e-01
6.660000e-01	-1.588657e+00	1.571069e+00	-3.471579e+00	-3.324446e+00	-1.471326e-01
6.670000e-01	-1.588650e+00	1.571060e+00	-3.471580e+00	-3.324440e+00	-1.471399e-01
6.680000e-01	-1.588663e+00	1.571073e+00	-3.471586e+00	-3.324455e+00	-1.471302e-01
6.690000e-01	-1.588656e+00	1.571066e+00	-3.471592e+00	-3.324452e+00	-1.471403e-01
6.700000e-01	-1.588664e+00	1.571073e+00	-3.471589e+00	-3.324458e+00	-1.471310e-01
6.710000e-01	-1.588652e+00	1.571062e+00	-3.471581e+00	-3.324442e+00	-1.471388e-01
6.720000e-01	-1.588658e+00	1.571069e+00	-3.471580e+00	-3.324448e+00	-1.471320e-01
6.730000e-01	-1.588649e+00	1.571058e+00	-3.471583e+00	-3.324441e+00	-1.471423e-01
6.740000e-01	-1.588660e+00	1.571069e+00	-3.471588e+00	-3.324454e+00	-1.471335e-01
6.750000e-01	-1.588652e+00	1.571062e+00	-3.471589e+00	-3.324447e+00	-1.471420e-01
6.760000e-01	-1.588662e+00	1.571071e+00	-3.471587e+00	-3.324456e+00	-1.471315e-01
6.770000e-01	-1.588652e+00	1.571060e+00	-3.471586e+00	-3.324444e+00	-1.471411e-01
6.780000e-01	-1.588657e+00	1.571068e+00	-3.471583e+00	-3.324449e+00	-1.471339e-01
6.790000e-01	-1.588650e+00	1.571059e+00	-3.471583e+00	-3.324441e+00	-1.471420e-01
6.800000e-01	-1.588658e+00	1.571068e+00	-3.471580e+00	-3.324448e+00	-1.471317e-01
6.810000e-01	-1.588652e+00	1.571062e+00	-3.471587e+00	-3.324446e+00	-1.471415e-01
6.820000e-01	-1.588663e+00	1.571071e+00	-3.471588e+00	-3.324457e+00	-1.471315e-01
6.830000e-01	-1.588653e+00	1.571060e+00	-3.471588e+00	-3.324446e+00	-1.471412e-01
6.840000e-01	-1.588657e+00	1.571066e+00	-3.471585e+00	-3.324449e+00	-1.471355e-01
6.850000e-01	-1.588645e+00	1.571053e+00	-3.471575e+00	-3.324432e+00	-1.471429e-01
6.860000e-01	-1.588651e+00	1.571060e+00	-3.471568e+00	-3.324435e+00	-1.471333e-01
6.870000e-01	-1.588640e+00	1.571050e+00	-3.471566e+00	-3.324423e+00	-1.471429e-01
6.880000e-01	-1.588650e+00	1.571059e+00	-3.471565e+00	-3.324433e+00	-1.471325e-01
6.890000e-01	-1.588643e+00	1.571052e+00	-3.471569e+00	-3.324428e+00	-1.471411e-01
6.900000e-01	-1.588650e+00	1.571060e+00	-3.471568e+00	-3.324434e+00	-1.471341e-01
6.910000e-01	-1.588639e+00	1.571048e+00	-3.471562e+00	-3.324420e+00	-1.471416e-01
6.920000e-01	-1.588649e+00	1.571059e+00	-3.471561e+00	-3.324429e+00	-1.471316e-01
6.930000e-01	-1.588643e+00	1.571054e+00	-3.471570e+00	-3.324427e+00	-1.471422e-01
6.940000e-01	-1.588655e+00	1.571065e+00	-3.471573e+00	-3.324441e+00	-1.471317e-01
6.950000e-01	-1.588647e+00	1.571058e+00	-3.471573e+00	-3.324434e+00	-1.471389e-01
6.960000e-01	-1.588658e+00	1.571069e+00	-3.471578e+00	-3.324447e+00	-1.471304e-01
6.970000e-01	-1.588650e+00	1.571059e+00	-3.471582e+00	-3.324441e+00	-1.471410e-01
6.980000e-01	-1.588657e+00	1.571066e+00	-3.471580e+00	-3.324447e+00	-1.471327e-01
6.990000e-01	-1.588646e+00	1.571057e+00	-3.471579e+00	-3.324436e+00	-1.471437e-01
7.000000e-01	-1.588652e+00	1.571062e+00	-3.471569e+00	-3.324436e+00	-1.471325e-01
7.010000e-01	-1.588641e+00	1.571050e+00	-3.471566e+00	-3.324425e+00	-1.471420e-01
7.020000e-01	-1.588648e+00	1.571059e+00	-3.471566e+00	-3.324431e+00	-1.471347e-01
7.030000e-01	-1.588641e+00	1.571050e+00	-3.471568e+00	-3.324425e+00	-1.471426e-01
7.040000e-01	-1.588655e+00	1.571064e+00	-3.471576e+00	-3.324443e+00	-1.471330e-01
7.050000e-01	-1.588648e+00	1.571057e+00	-3.471579e+00	-3.324438e+00	-1.471411e-01
7.060000e-01	-1.588657e+00	1.571066e+00	-3.471574e+00	-3.324444e+00	-1.471300e-01
7.070000e-01	-1.588645e+00	1.571052e+00	-3.471570e+00	-3.324430e+00	-1.471405e-01
7.080000e-01	-1.588649e+00	1.571058e+00	-3.471568e+00	-3.324433e+00	-1.471350e-01
7.090000e-01	-1.588637e+00	1.571044e+00	-3.471564e+00	-3.324419e+00	-1.471455e-01
7.100000e-01	-1.588646e+00	1.571054e+00	-3.471564e+00	-3.324428e+00	-1.471355e-01
7.110000e-01	-1.588638e+00	1.571046e+00	-3.471563e+00	-3.324419e+00	-1.471439e-01
7.120000e-01	-1.588646e+00	1.571055e+00	-3.471556e+00	-3.324424e+00	-1.471323e-01
7.130000e-01	-1.588638e+00	1.571047e+00	-3.471559e+00	-3.324418e+00	-1.471414e-01
7.140000e-01	-1.588644e+00	1.571054e+00	-3.471554e+00	-3.324421e+00	-1.471328e-01
7.150000e-01	-1.588633e+00	1.571043e+00	-3.471549e+00	-3.324407e+00	-1.471412e-01
7.160000e-01	-1.588645e+00	1.571056e+00	-3.471548e+00	-3.324419e+00	-1.471287e-01
7.170000e-01	-1.588639e+00	1.571051e+00	-3.471556e+00	-3.324417e+00	-1.471383e-01
7.180000e-01	-1.588648e+00	1.571060e+00	-3.471553e+00	-3.324425e+00	-1.471281e-01
7.190000e-01	-1.588640e+00	1.571051e+00	-3.471556e+00	-3.324418e+00	-1.471382e-01
7.200000e-01	-1.588649e+00	1.571062e+00	-3.471559e+00	-3.324428e+00	-1.471308e-01
7.210000e-01	-1.588637e+00	1.571049e+00	-3.471551e+00	-3.324412e+00	-1.471390e-01
7.220000e-01	-1.588647e+00	1.571059e+00	-3.471552e+00	-3.324422e+00	-1.471293e-01
7.230000e-01	-1.588639e+00	1.571051e+00	-3.471556e+00	-3.324417e+00	-1.471394e-01
7.240000e-01	-1.588648e+00	1.571060e+00	-3.471556e+00	-3.324426e+00	-1.471296e-01
7.250000e-01	-1.588639e+00	1.571049e+00	-3.471559e+00	-3.324418e+00	-1.471406e-01
7.260000e-01	-1.588642e+00	1.571053e+00	-3.471551e+00	-3.324417e+00	-1.471338e-01
7.270000e-01	-1.588627e+00	1.571038e+00	-3.471539e+00	-3.324396e+00	-1.471425e-01
7.280000e-01	-1.588635e+00	1.571047e+00	-3.471536e+00	-3.324403e+00	-1.471326e-01
7.290000e-01	-1.588630e+00	1.571041e+00	-3.471544e+00	-3.324402e+00	-1.471420e-01
7.300000e-01	-1.588643e+00	1.571054e+00	-3.471545e+00	-3.324415e+00	-1.471294e-01
7.310000e-01	-1.588639e+00	1.571049e+00	-3.471549e+00	-3.324414e+00	-1.471354e-01
7.320000e-01	-1.588648e+00	1.571059e+00	-3.471551e+00	-3.324423e+00	-1.471273e-01
7.330000e-01	-1.588634e+00	1.571044e+00	-3.471544e+00	-3.324406e+00	-1.471378e-01
7.340000e-01	-1.588642e+00	1.571054e+00	-3.471543e+00	-3.324414e+00	-1.471295e-01
7.350000e-01	-1.588633e+00	1.571046e+00	-3.471544e+00	-3.324406e+00	-1.471388e-01
7.360000e-01	-1.588644e+00	1.571057e+00	-3.471544e+00	-3.324416e+00	-1.471277e-01
7.370000e-01	-1.588640e+00	1.571051e+00	-3.471556e+00	-3.324418e+00	-1.471380e-01
7.380000e-01	-1.588652e+00	1.571063e+00	-3.471565e+00	-3.324435e+00	-1.471304e-01
7.390000e-01	-1.588642e+00	1.571052e+00	-3.471560e+00	-3.324422e+00	-1.471377e-01
7.400000e-01	-1.588653e+00	1.571063e+00	-3.471563e+00	-3.324434e+00	-1.471284e-01
7.410000e-01	-1.588645e+00	1.571056e+00	-3.471569e+00	-3.324430e+00	-1.471390e-01
7.420000e-01	-1.588650e+00	1.571061e+00	-3.471560e+00	-3.324430e+00	-1.471299e-01
7.430000e-01	-1.588639e+00	1.571049e+00	-3.471560e+00	-3.324419e+00	-1.471406e-01
7.440000e-01	-1.588645e+00	1.571056e+00	-3.471554e+00	-3.324422e+00	-1.471316e-01
7.450000e-01	-1.588635e+00	1.571045e+00	-3.471551e+00	-3.324411e+00	-1.471400e-01
7.460000e-01	-1.588646e+00	1.571055e+00	-3.471552e+00	-3.324422e+00	-1.471306e-01
7.470000e-01	-1.588639e+00	1.571048e+00	-3.471558e+00	-3.324418e+00	-1.471402e-01
7.480000e-01	-1.588645e+00	1.571056e+00	-3.471552e+00	-3.324421e+00	-1.471304e-01
7.490000e-01	-1.588636e+00	1.571045e+00	-3.471548e+00	-3.324410e+00	-1.471383e-01
7.500000e-01	-1.588640e+00	1.571050e+00	-3.471542e+00	-3.324411e+00	-1.471313e-01
7.510000e-01	-1.588630e+00	1.571040e+00	-3.471536e+00	-3.324398e+00	-1.471385e-01
7.520000e-01	-1.588640e+00	1.571052e+00	-3.471540e+00	-3.324410e+00	-1.471296e-01
7.530000e-01	-1.588635e+00	1.571046e+00	-3.471551e+00	-3.324411e+00	-1.471401e-01
7.540000e-01	-1.588642e+00	1.571054e+00	-3.471539e+00	-3.324412e+00	-1.471276e-01
7.550000e-01	-1.588634e+00	1.571046e+00	-3.471541e+00	-3.324405e+00	-1.471360e-01
7.560000e-01	-1.588646e+00	1.571058e+00	-3.471548e+00	-3.324420e+00	-1.471278e-01
7.570000e-01	-1.588637e+00	1.571048e+00	-3.471550e+00	-3.324411e+00	-1.471382e-01
7.580000e-01	-1.588646e+00	1.571057e+00	-3.471553e+00	-3.324423e+00	-1.471302e-01
7.590000e-01	-1.588636e+00	1.571046e+00	-3.471553e+00	-3.324413e+00	-1.471401e-01
7.600000e-01	-1.588641e+00	1.571051e+00	-3.471543e+00	-3.324412e+00	-1.471303e-01
7.610000e-01	-1.588631e+00	1.571041e+00	-3.471543e+00	-3.324403e+00	-1.471402e-01
7.620000e-01	-1.588637e+00	1.571048e+00	-3.471539e+00	-3.324407e+00	-1.471323e-01
7.630000e-01	-1.588625e+00	1.571035e+00	-3.471531e+00	-3.324390e+00	-1.471408e-01
7.640000e-01	-1.588634e+00	1.571045e+00	-3.471528e+00	-3.324398e+00	-1.471305e-01
7.650000e-01	-1.588632e+00	1.571043e+00	-3.471544e+00	-3.324404e+00	-1.471398e-01
7.660000e-01	-1.588647e+00	1.571058e+00	-3.471549e+00	-3.324421e+00	-1.471279e-01
7.670000e-01	-1.588644e+00	1.571052e+00	-3.471561e+00	-3.324424e+00	-1.471367e-01
7.680000e-01	-1.588653e+00	1.571062e+00	-3.471562e+00	-3.324434e+00	-1.471287e-01
7.690000e-01	-1.588639e+00	1.571049e+00	-3.471557e+00	-3.324418e+00	-1.471388e-01
7.700000e-01	-1.588644e+00	1.571055e+00	-3.471551e+00	-3.324420e+00	-1.471313e-01
7.710000e-01	-1.588634e+00	1.571045e+00	-3.471551e+00	-3.324409e+00	-1.471414e-01
7.720000e-01	-1.588642e+00	1.571053e+00	-3.471546e+00	-3.324415e+00	-1.471309e-01
7.730000e-01	-1.588635e+00	1.571045e+00	-3.471551e+00	-3.324411e+00	-1.471401e-01
7.740000e-01	-1.588647e+00	1.571057e+00	-3.471558e+00	-3.324426e+00	-1.471318e-01
7.750000e-01	-1.588639e+00	1.571048e+00	-3.471557e+00	-3.324417e+00	-1.471399e-01
7.760000e-01	-1.588651e+00	1.571062e+00	-3.471561e+00	-3.324432e+00	-1.471291e-01
7.770000e-01	-1.588648e+00	1.571058e+00	-3.471574e+00	-3.324434e+00	-1.471393e-01
7.780000e-01	-1.588656e+00	1.571066e+00	-3.471566e+00	-3.324439e+00	-1.471276e-01
7.790000e-01	-1.588646e+00	1.571056e+00	-3.471569e+00	-3.324431e+00	-1.471381e-01
7.800000e-01	-1.588656e+00	1.571065e+00	-3.471574e+00	-3.324443e+00	-1.471312e-01
7.810000e-01	-1.588642e+00	1.571051e+00	-3.471570e+00	-3.324427e+00	-1.471427e-01
7.820000e-01	-1.588646e+00	1.571056e+00	-3.471561e+00	-3.324427e+00	-1.471338e-01
7.830000e-01	-1.588638e+00	1.571048e+00	-3.471563e+00	-3.324420e+00	-1.471433e-01
7.840000e-01	-1.588647e+00	1.571058e+00	-3.471557e+00	-3.324426e+00	-1.471309e-01
7.850000e-01	-1.588641e+00	1.571050e+00	-3.471563e+00	-3.324422e+00	-1.471403e-01
7.860000e-01	-1.588654e+00	1.571063e+00	-3.471572e+00	-3.324440e+00	-1.471320e-01
7.870000e-01	-1.588646e+00	1.571054e+00	-3.471571e+00	-3.324432e+00	-1.471398e-01
7.880000e-01	-1.588652e+00	1.571061e+00	-3.471568e+00	-3.324437e+00	-1.471318e-01
7.890000e-01	-1.588641e+00	1.571049e+00	-3.471563e+00	-3.324422e+00	-1.471411e-01
7.900000e-01	-1.588642e+00	1.571052e+00	-3.471546e+00	-3.324415e+00	-1.471311e-01
7.910000e-01	-1.588628e+00	1.571038e+00	-3.471540e+00	-3.324398e+00	-1.471420e-01
7.920000e-01	-1.588638e+00	1.571048e+00	-3.471545e+00	-3.324411e+00	-1.471345e-01
7.930000e-01	-1.588631e+00	1.571039e+00	-3.471548e+00	-3.324404e+00	-1.471434e-01
7.940000e-01	-1.588642e+00	1.571051e+00	-3.471547e+00	-3.324415e+00	-1.471316e-01
7.950000e-01	-1.588637e+00	1.571045e+00	-3.471554e+00	-3.324414e+00	-1.471404e-01
7.960000e-01	-1.588645e+00	1.571056e+00	-3.471547e+00	-3.324418e+00	-1.471287e-01
7.970000e-01	-1.588634e+00	1.571045e+00	-3.471547e+00	-3.324408e+00	-1.471397e-01
7.980000e-01	-1.588640e+00	1.571052e+00	-3.471543e+00	-3.324412e+00	-1.471315e-01
7.990000e-01	-1.588626e+00	1.571037e+00	-3.471535e+00	-3.324394e+00	-1.471408e-01
8.000000e-01	-1.588638e+00	1.571049e+00	-3.471539e+00	-3.324407e+00	-1.471316e-01
8.010000e-01	-1.588637e+00	1.571047e+00	-3.471554e+00	-3.324414e+00	-1.471399e-01
8.020000e-01	-1.588647e+00	1.571057e+00	-3.471552e+00	-3.324424e+00	-1.471286e-01
8.030000e-01	-1.588637e+00	1.571046e+00	-3.471548e+00	-3.324410e+00	-1.471371e-01
8.040000e-01	-1.588643e+00	1.571055e+00	-3.471546e+00	-3.324416e+00	-1.471296e-01
8.050000e-01	-1.588630e+00	1.571041e+00	-3.471539e+00	-3.324399e+00	-1.471397e-01
8.060000e-01	-1.588636e+00	1.571047e+00	-3.471533e+00	-3.324402e+00	-1.471310e-01
8.070000e-01	-1.588630e+00	1.571041e+00	-3.471540e+00	-3.324400e+00	-1.471403e-01
8.080000e-01	-1.588641e+00	1.571053e+00	-3.471538e+00	-3.324410e+00	-1.471280e-01
8.090000e-01	-1.588635e+00	1.571044e+00	-3.471545e+00	-3.324408e+00	-1.471378e-01
8.100000e-01	-1.588644e+00	1.571055e+00	-3.471548e+00	-3.324418e+00	-1.471295e-01
8.110000e-01	-1.588636e+00	1.571046e+00	-3.471545e+00	-3.324408e+00	-1.471370e-01
8.120000e-01	-1.588644e+00	1.571056e+00	-3.471542e+00	-3.324415e+00	-1.471271e-01
8.130000e-01	-1.588640e+00	1.571051e+00	-3.471554e+00	-3.324416e+00	-1.471373e-01
8.140000e-01	-1.588649e+00	1.571061e+00	-3.471550e+00	-3.324424e+00	-1.471265e-01
8.150000e-01	-1.588641e+00	1.571052e+00	-3.471554e+00	-3.324419e+00	-1.471358e-01
8.160000e-01	-1.588650e+00	1.571062e+00	-3.471558e+00	-3.324429e+00	-1.471287e-01
8.170000e-01	-1.588638e+00	1.571049e+00	-3.471554e+00	-3.324415e+00	-1.471384e-01
8.180000e-01	-1.588643e+00	1.571055e+00	-3.471545e+00	-3.324416e+00	-1.471293e-01
8.190000e-01	-1.588636e+00	1.571046e+00	-3.471551e+00	-3.324411e+00	-1.471397e-01
8.200000e-01	-1.588645e+00	1.571056e+00	-3.471549e+00	-3.324419e+00	-1.471294e-01
8.210000e-01	-1.588638e+00	1.571048e+00	-3.471555e+00	-3.324415e+00	-1.471392e-01
8.220000e-01	-1.588649e+00	1.571060e+00	-3.471557e+00	-3.324427e+00	-1.471300e-01
8.230000e-01	-1.588638e+00	1.571047e+00	-3.471553e+00	-3.324415e+00	-1.471382e-01
8.240000e-01	-1.588644e+00	1.571055e+00	-3.471548e+00	-3.324418e+00	-1.471296e-01
8.250000e-01	-1.588636e+00	1.571047e+00	-3.471553e+00	-3.324413e+00	-1.471401e-01
8.260000e-01	-1.588642e+00	1.571054e+00	-3.471543e+00	-3.324414e+00	-1.471291e-01
8.270000e-01	-1.588633e+00	1.571043e+00	-3.471542e+00	-3.324404e+00	-1.471380e-01
8.280000e-01	-1.588642e+00	1.571053e+00	-3.471541e+00	-3.324413e+00	-1.471280e-01
8.290000e-01	-1.588635e+00	1.571045e+00	-3.471543e+00	-3.324407e+00	-1.471359e-01
8.300000e-01	-1.588645e+00	1.571055e+00	-3.471542e+00	-3.324416e+00	-1.471262e-01
8.310000e-01	-1.588638e+00	1.571048e+00	-3.471548e+00	-3.324412e+00	-1.471365e-01
8.320000e-01	-1.588647e+00	1.571060e+00	-3.471543e+00	-3.324418e+00	-1.471246e-01
8.330000e-01	-1.588637e+00	1.571049e+00	-3.471544e+00	-3.324409e+00	-1.471351e-01
8.340000e-01	-1.588643e+00	1.571057e+00	-3.471542e+00	-3.324414e+00	-1.471275e-01
8.350000e-01	-1.588635e+00	1.571047e+00	-3.471542e+00	-3.324406e+00	-1.471361e-01
8.360000e-01	-1.588647e+00	1.571059e+00	-3.471542e+00	-3.324418e+00	-1.471245e-01
8.370000e-01	-1.588642e+00	1.571053e+00	-3.471554e+00	-3.324419e+00	-1.471354e-01
8.380000e-01	-1.588652e+00	1.571064e+00	-3.471553e+00	-3.324428e+00	-1.471245e-01
8.390000e-01	-1.588641e+00	1.571053e+00	-3.471552e+00	-3.324417e+00	-1.471348e-01
8.400000e-01	-1.588645e+00	1.571059e+00	-3.471544e+00	-3.324418e+00	-1.471267e-01
8.410000e-01	-1.588632e+00	1.571043e+00	-3.471539e+00	-3.324401e+00	-1.471376e-01
8.420000e-01	-1.588638e+00	1.571050e+00	-3.471534e+00	-3.324405e+00	-1.471286e-01
8.430000e-01	-1.588631e+00	1.571042e+00	-3.471540e+00	-3.324400e+00	-1.471391e-01
8.440000e-01	-1.588641e+00	1.571052e+00	-3.471533e+00	-3.324407e+00	-1.471257e-01
8.450000e-01	-1.588634e+00	1.571044e+00	-3.471537e+00	-3.324403e+00	-1.471342e-01
8.460000e-01	-1.588644e+00	1.571057e+00	-3.471538e+00	-3.324413e+00	-1.471251e-01
8.470000e-01	-1.588638e+00	1.571049e+00	-3.471542e+00	-3.324408e+00	-1.471333e-01
8.480000e-01	-1.588649e+00	1.571061e+00	-3.471548e+00	-3.324422e+00	-1.471251e-01
8.490000e-01	-1.588644e+00	1.571056e+00	-3.471557e+00	-3.324423e+00	-1.471341e-01
8.500000e-01	-1.588654e+00	1.571066e+00	-3.471554e+00	-3.324431e+00	-1.471229e-01
8.510000e-01	-1.588642e+00	1.571052e+00	-3.471550e+00	-3.324417e+00	-1.471331e-01
8.520000e-01	-1.588643e+00	1.571056e+00	-3.471541e+00	-3.324414e+00	-1.471274e-01
8.530000e-01	-1.588630e+00	1.571041e+00	-3.471536e+00	-3.324398e+00	-1.471382e-01
8.540000e-01	-1.588635e+00	1.571047e+00	-3.471525e+00	-3.324398e+00	-1.471274e-01
8.550000e-01	-1.588628e+00	1.571039e+00	-3.471530e+00	-3.324393e+00	-1.471368e-01
8.560000e-01	-1.588641e+00	1.571054e+00	-3.471533e+00	-3.324408e+00	-1.471250e-01
8.570000e-01	-1.588638e+00	1.571048e+00	-3.471543e+00	-3.324409e+00	-1.471340e-01
8.580000e-01	-1.588646e+00	1.571058e+00	-3.471544e+00	-3.324418e+00	-1.471263e-01
8.590000e-01	-1.588633e+00	1.571044e+00	-3.471535e+00	-3.324400e+00	-1.471343e-01
8.600000e-01	-1.588638e+00	1.571052e+00	-3.471527e+00	-3.324402e+00	-1.471249e-01
8.610000e-01	-1.588629e+00	1.571042e+00	-3.471530e+00	-3.324394e+00	-1.471358e-01
8.620000e-01	-1.588636e+00	1.571049e+00	-3.471523e+00	-3.324397e+00	-1.471259e-01
8.630000e-01	-1.588627e+00	1.571039e+00	-3.471521e+00	-3.324388e+00	-1.471334e-01
8.640000e-01	-1.588638e+00	1.571052e+00	-3.471525e+00	-3.324401e+00	-1.471244e-01
8.650000e-01	-1.588631e+00	1.571043e+00	-3.471530e+00	-3.324396e+00	-1.471336e-01
8.660000e-01	-1.588638e+00	1.571052e+00	-3.471526e+00	-3.324401e+00	-1.471245e-01
8.670000e-01	-1.588629e+00	1.571043e+00	-3.471526e+00	-3.324392e+00	-1.471336e-01
8.680000e-01	-1.588637e+00	1.571053e+00	-3.471521e+00	-3.324398e+00	-1.471235e-01
8.690000e-01	-1.588629e+00	1.571042e+00	-3.471526e+00	-3.324392e+00	-1.471340e-01
8.700000e-01	-1.588637e+00	1.571052e+00	-3.471527e+00	-3.324400e+00	-1.471262e-01
8.710000e-01	-1.588631e+00	1.571044e+00	-3.471530e+00	-3.324396e+00	-1.471339e-01
8.720000e-01	-1.588642e+00	1.571055e+00	-3.471533e+00	-3.324408e+00	-1.471247e-01
8.730000e-01	-1.588636e+00	1.571048e+00	-3.471543e+00	-3.324408e+00	-1.471354e-01
8.740000e-01	-1.588645e+00	1.571058e+00	-3.471539e+00	-3.324414e+00	-1.471249e-01
8.750000e-01	-1.588634e+00	1.571046e+00	-3.471533e+00	-3.324400e+00	-1.471327e-01
8.760000e-01	-1.588638e+00	1.571052e+00	-3.471526e+00	-3.324401e+00	-1.471251e-01
8.770000e-01	-1.588626e+00	1.571038e+00	-3.471523e+00	-3.324387e+00	-1.471360e-01
8.780000e-01	-1.588635e+00	1.571048e+00	-3.471524e+00	-3.324397e+00	-1.471269e-01
8.790000e-01	-1.588630e+00	1.571041e+00	-3.471536e+00	-3.324398e+00	-1.471376e-01
8.800000e-01	-1.588641e+00	1.571053e+00	-3.471532e+00	-3.324407e+00	-1.471254e-01
8.810000e-01	-1.588634e+00	1.571044e+00	-3.471537e+00	-3.324402e+00	-1.471343e-01
8.820000e-01	-1.588641e+00	1.571053e+00	-3.471535e+00	-3.324409e+00	-1.471266e-01
8.830000e-01	-1.588629e+00	1.571040e+00	-3.471531e+00	-3.324394e+00	-1.471370e-01
8.840000e-01	-1.588637e+00	1.571050e+00	-3.471532e+00	-3.324403e+00	-1.471284e-01
8.850000e-01	-1.588634e+00	1.571045e+00	-3.471545e+00	-3.324407e+00	-1.471383e-01
8.860000e-01	-1.588645e+00	1.571056e+00	-3.471545e+00	-3.324417e+00	-1.471278e-01
8.870000e-01	-1.588634e+00	1.571043e+00	-3.471541e+00	-3.324405e+00	-1.471363e-01
8.880000e-01	-1.588638e+00	1.571050e+00	-3.471534e+00	-3.324406e+00	-1.471286e-01
8.890000e-01	-1.588625e+00	1.571036e+00	-3.471529e+00	-3.324390e+00	-1.471391e-01
8.900000e-01	-1.588632e+00	1.571043e+00	-3.471524e+00	-3.324394e+00	-1.471296e-01
8.910000e-01	-1.588625e+00	1.571035e+00	-3.471529e+00	-3.324389e+00	-1.471394e-01
8.920000e-01	-1.588635e+00	1.571047e+00	-3.471522e+00	-3.324396e+00	-1.471256e-01
8.930000e-01	-1.588627e+00	1.571038e+00	-3.471525e+00	-3.324390e+00	-1.471348e-01
8.940000e-01	-1.588635e+00	1.571048e+00	-3.471523e+00	-3.324396e+00	-1.471264e-01
8.950000e-01	-1.588625e+00	1.571038e+00	-3.471520e+00	-3.324385e+00	-1.471356e-01
8.960000e-01	-1.588638e+00	1.571052e+00	-3.471527e+00	-3.324401e+00	-1.471258e-01
8.970000e-01	-1.588633e+00	1.571046e+00	-3.471536e+00	-3.324400e+00	-1.471352e-01
8.980000e-01	-1.588642e+00	1.571056e+00	-3.471534e+00	-3.324409e+00	-1.471251e-01
8.990000e-01	-1.588634e+00	1.571045e+00	-3.471538e+00	-3.324404e+00	-1.471349e-01
9.000000e-01	-1.588640e+00	1.571052e+00	-3.471538e+00	-3.324409e+00	-1.471287e-01
9.010000e-01	-1.588625e+00	1.571036e+00	-3.471530e+00	-3.324390e+00	-1.471396e-01
9.020000e-01	-1.588630e+00	1.571043e+00	-3.471521e+00	-3.324391e+00	-1.471302e-01
9.030000e-01	-1.588622e+00	1.571035e+00	-3.471524e+00	-3.324384e+00	-1.471397e-01
9.040000e-01	-1.588631e+00	1.571045e+00	-3.471519e+00	-3.324390e+00	-1.471289e-01
9.050000e-01	-1.588626e+00	1.571038e+00	-3.471529e+00	-3.324391e+00	-1.471380e-01
9.060000e-01	-1.588639e+00	1.571052e+00	-3.471535e+00	-3.324407e+00	-1.471285e-01
9.070000e-01	-1.588630e+00	1.571040e+00	-3.471531e+00	-3.324395e+00	-1.471358e-01
9.080000e-01	-1.588640e+00	1.571050e+00	-3.471532e+00	-3.324406e+00	-1.471262e-01
9.090000e-01	-1.588632e+00	1.571042e+00	-3.471540e+00	-3.324402e+00	-1.471376e-01
9.100000e-01	-1.588638e+00	1.571050e+00	-3.471535e+00	-3.324406e+00	-1.471290e-01
9.110000e-01	-1.588628e+00	1.571037e+00	-3.471535e+00	-3.324396e+00	-1.471393e-01
9.120000e-01	-1.588635e+00	1.571045e+00	-3.471530e+00	-3.324399e+00	-1.471304e-01
9.130000e-01	-1.588623e+00	1.571033e+00	-3.471525e+00	-3.324386e+00	-1.471392e-01
9.140000e-01	-1.588633e+00	1.571044e+00	-3.471524e+00	-3.324396e+00	-1.471286e-01
9.150000e-01	-1.588627e+00	1.571038e+00	-3.471530e+00	-3.324392e+00	-1.471380e-01
9.160000e-01	-1.588637e+00	1.571051e+00	-3.471527e+00	-3.324400e+00	-1.471265e-01
9.170000e-01	-1.588632e+00	1.571043e+00	-3.471536e+00	-3.324400e+00	-1.471360e-01
9.180000e-01	-1.588641e+00	1.571053e+00	-3.471538e+00	-3.324410e+00	-1.471280e-01
9.190000e-01	-1.588630e+00	1.571040e+00	-3.471536e+00	-3.324398e+00	-1.471380e-01
9.200000e-01	-1.588639e+00	1.571050e+00	-3.471538e+00	-3.324408e+00	-1.471294e-01
9.210000e-01	-1.588631e+00	1.571040e+00	-3.471541e+00	-3.324401e+00	-1.471397e-01
9.220000e-01	-1.588633e+00	1.571045e+00	-3.471526e+00	-3.324396e+00	-1.471300e-01
9.230000e-01	-1.588620e+00	1.571031e+00	-3.471518e+00	-3.324379e+00	-1.471391e-01
9.240000e-01	-1.588624e+00	1.571037e+00	-3.471510e+00	-3.324379e+00	-1.471309e-01
9.250000e-01	-1.588612e+00	1.571023e+00	-3.471506e+00	-3.324365e+00	-1.471409e-01
9.260000e-01	-1.588621e+00	1.571033e+00	-3.471500e+00	-3.324371e+00	-1.471286e-01
9.270000e-01	-1.588618e+00	1.571029e+00	-3.471508e+00	-3.324372e+00	-1.471359e-01
9.280000e-01	-1.588628e+00	1.571041e+00	-3.471507e+00	-3.324382e+00	-1.471254e-01
9.290000e-01	-1.588621e+00	1.571032e+00	-3.471511e+00	-3.324376e+00	-1.471351e-01
9.300000e-01	-1.588627e+00	1.571041e+00	-3.471510e+00	-3.324382e+00	-1.471278e-01
9.310000e-01	-1.588612e+00	1.571026e+00	-3.471495e+00	-3.324360e+00	-1.471355e-01
9.320000e-01	-1.588619e+00	1.571033e+00	-3.471489e+00	-3.324363e+00	-1.471259e-01
9.330000e-01	-1.588613e+00	1.571027e+00	-3.471499e+00	-3.324363e+00	-1.471365e-01
9.340000e-01	-1.588625e+00	1.571041e+00	-3.471503e+00	-3.324377e+00	-1.471259e-01
9.350000e-01	-1.588621e+00	1.571033e+00	-3.471510e+00	-3.324376e+00	-1.471343e-01
9.360000e-01	-1.588631e+00	1.571045e+00	-3.471512e+00	-3.324387e+00	-1.471257e-01
9.370000e-01	-1.588620e+00	1.571033e+00	-3.471511e+00	-3.324375e+00	-1.471360e-01
9.380000e-01	-1.588625e+00	1.571040e+00	-3.471502e+00	-3.324376e+00	-1.471256e-01
9.390000e-01	-1.588618e+00	1.571032e+00	-3.471508e+00	-3.324372e+00	-1.471360e-01
9.400000e-01	-1.588627e+00	1.571043e+00	-3.471507e+00	-3.324381e+00	-1.471265e-01
9.410000e-01	-1.588623e+00	1.571036e+00	-3.471517e+00	-3.324381e+00	-1.471357e-01
9.420000e-01	-1.588633e+00	1.571046e+00	-3.471523e+00	-3.324394e+00	-1.471287e-01
9.430000e-01	-1.588623e+00	1.571034e+00	-3.471521e+00	-3.324383e+00	-1.471377e-01
9.440000e-01	-1.588631e+00	1.571043e+00	-3.471519e+00	-3.324390e+00	-1.471286e-01
9.450000e-01	-1.588625e+00	1.571036e+00	-3.471529e+00	-3.324389e+00	-1.471394e-01
9.460000e-01	-1.588632e+00	1.571044e+00	-3.471521e+00	-3.324392e+00	-1.471290e-01
9.470000e-01	-1.588621e+00	1.571032e+00	-3.471517e+00	-3.324380e+00	-1.471377e-01
9.480000e-01	-1.588629e+00	1.571041e+00	-3.471516e+00	-3.324387e+00	-1.471295e-01
9.490000e-01	-1.588618e+00	1.571029e+00	-3.471514e+00	-3.324375e+00	-1.471394e-01
9.500000e-01	-1.588625e+00	1.571037e+00	-3.471506e+00	-3.324378e+00	-1.471280e-01
9.510000e-01	-1.588622e+00	1.571035e+00	-3.471517e+00	-3.324381e+00	-1.471362e-01
9.520000e-01	-1.588636e+00	1.571050e+00	-3.471521e+00	-3.324397e+00	-1.471245e-01
9.530000e-01	-1.588631e+00	1.571043e+00	-3.471530e+00	-3.324396e+00	-1.471345e-01
9.540000e-01	-1.588642e+00	1.571055e+00	-3.471537e+00	-3.324411e+00	-1.471263e-01
9.550000e-01	-1.588632e+00	1.571044e+00	-3.471536e+00	-3.324400e+00	-1.471359e-01
9.560000e-01	-1.588638e+00	1.571051e+00	-3.471528e+00	-3.324402e+00	-1.471256e-01
9.570000e-01	-1.588630e+00	1.571041e+00	-3.471536e+00	-3.324398e+00	-1.471380e-01
9.580000e-01	-1.588635e+00	1.571047e+00	-3.471527e+00	-3.324398e+00	-1.471291e-01
9.590000e-01	-1.588622e+00	1.571033e+00	-3.471524e+00	-3.324384e+00	-1.471399e-01
9.600000e-01	-1.588629e+00	1.571041e+00	-3.471524e+00	-3.324392e+00	-1.471326e-01
9.610000e-01	-1.588620e+00	1.571030e+00	-3.471524e+00	-3.324382e+00	-1.471416e-01
9.620000e-01	-1.588627e+00	1.571037e+00	-3.471513e+00	-3.324384e+00	-1.471293e-01
9.630000e-01	-1.588620e+00	1.571029e+00	-3.471518e+00	-3.324379e+00	-1.471389e-01
9.640000e-01	-1.588627e+00	1.571038e+00	-3.471510e+00	-3.324382e+00	-1.471286e-01
9.650000e-01	-1.588615e+00	1.571026e+00	-3.471507e+00	-3.324368e+00	-1.471389e-01
9.660000e-01	-1.588623e+00	1.571036e+00	-3.471509e+00	-3.324377e+00	-1.471313e-01
9.670000e-01	-1.588612e+00	1.571022e+00	-3.471499e+00	-3.324361e+00	-1.471381e-01
9.680000e-01	-1.588623e+00	1.571034e+00	-3.471500e+00	-3.324372e+00	-1.471272e-01
9.690000e-01	-1.588622e+00	1.571032e+00	-3.471519e+00	-3.324382e+00	-1.471370e-01
9.700000e-01	-1.588634e+00	1.571044e+00	-3.471520e+00	-3.324394e+00	-1.471264e-01
9.710000e-01	-1.588622e+00	1.571032e+00	-3.471515e+00	-3.324380e+00	-1.471353e-01
9.720000e-01	-1.588630e+00	1.571043e+00	-3.471513e+00	-3.324386e+00	-1.471268e-01
9.730000e-01	-1.588619e+00	1.571031e+00	-3.471511e+00	-3.324375e+00	-1.471361e-01
9.740000e-01	-1.588627e+00	1.571040e+00	-3.471504e+00	-3.324379e+00	-1.471251e-01
9.750000e-01	-1.588624e+00	1.571037e+00	-3.471518e+00	-3.324384e+00	-1.471349e-01
9.760000e-01	-1.588640e+00	1.571053e+00	-3.471526e+00	-3.324403e+00	-1.471232e-01
9.770000e-01	-1.588633e+00	1.571045e+00	-3.471534e+00	-3.324400e+00	-1.471339e-01
9.780000e-01	-1.588644e+00	1.571057e+00	-3.471541e+00	-3.324414e+00	-1.471265e-01
9.790000e-01	-1.588633e+00	1.571045e+00	-3.471535e+00	-3.324401e+00	-1.471342e-01
9.800000e-01	-1.588642e+00	1.571054e+00	-3.471534e+00	-3.324409e+00	-1.471249e-01
9.810000e-01	-1.588637e+00	1.571048e+00	-3.471548e+00	-3.324411e+00	-1.471368e-01
9.820000e-01	-1.588646e+00	1.571058e+00	-3.471548e+00	-3.324420e+00	-1.471277e-01
9.830000e-01	-1.588635e+00	1.571045e+00	-3.471545e+00	-3.324408e+00	-1.471374e-01
9.840000e-01	-1.588640e+00	1.571051e+00	-3.471542e+00	-3.324411e+00	-1.471308e-01
9.850000e-01	-1.588628e+00	1.571037e+00	-3.471538e+00	-3.324397e+00	-1.471411e-01
9.860000e-01	-1.588634e+00	1.571045e+00	-3.471527e+00	-3.324397e+00	-1.471298e-01
9.870000e-01	-1.588630e+00	1.571041e+00	-3.471537e+00	-3.324399e+00	-1.471381e-01
9.880000e-01	-1.588643e+00	1.571054e+00	-3.471538e+00	-3.324412e+00	-1.471266e-01
9.890000e-01	-1.588637e+00	1.571046e+00	-3.471548e+00	-3.324411e+00	-1.471367e-01
9.900000e-01	-1.588649e+00	1.571060e+00	-3.471556e+00	-3.324428e+00	-1.471287e-01
9.910000e-01	-1.588640e+00	1.571048e+00	-3.471552e+00	-3.324415e+00	-1.471364e-01
9.920000e-01	-1.588647e+00	1.571057e+00	-3.471547e+00	-3.324420e+00	-1.471269e-01
9.930000e-01	-1.588641e+00	1.571052e+00	-3.471558e+00	-3.324420e+00	-1.471381e-01
9.940000e-01	-1.588652e+00	1.571063e+00	-3.471559e+00	-3.324431e+00	-1.471279e-01
9.950000e-01	-1.588642e+00	1.571053e+00	-3.471560e+00	-3.324422e+00	-1.471377e-01
9.960000e-01	-1.588652e+00	1.571063e+00	-3.471560e+00	-3.324432e+00	-1.471284e-01
9.970000e-01	-1.588641e+00	1.571049e+00	-3.471558e+00	-3.324420e+00	-1.471384e-01
9.980000e-01	-1.588647e+00	1.571055e+00	-3.471554e+00	-3.324424e+00	-1.471301e-01
9.990000e-01	-1.588637e+00	1.571045e+00	-3.471556e+00	-3.324415e+00	-1.471414e-01
1.000000e+00	-1.588644e+00	1.571055e+00	-3.471551e+00	-3.324420e+00	-1.471310e-01
