# Force coefficients
# liftDir    : (0.000000e+00 1.000000e+00 0.000000e+00)
# dragDir    : (1.000000e+00 0.000000e+00 0.000000e+00)
# pitchAxis  : (0.000000e+00 0.000000e+00 1.000000e+00)
# magUInf    : 5.148000e+01
# lRef       : 4.530000e-01
# Aref       : 4.348800e-01
# CofR       : (0.000000e+00 0.000000e+00 0.000000e+00)
# Time       	Cm           	Cd           	Cl           	Cl(f)        	Cl(r)        	Cm	Cd	Cl	Cl(f)	Cl(r)
1.000000e-03	-1.409152e-03	1.539712e-03	-2.374839e-03	-2.596572e-03	2.217328e-04
2.000000e-03	-5.365698e-03	6.042646e-03	-9.584251e-03	-1.015782e-02	5.735723e-04
3.000000e-03	-7.936281e-03	8.977313e-03	-1.491927e-02	-1.539592e-02	4.766462e-04
4.000000e-03	-8.413311e-03	9.515829e-03	-1.669732e-02	-1.676197e-02	6.465121e-05
5.000000e-03	-8.068412e-03	9.058413e-03	-1.714816e-02	-1.664249e-02	-5.056674e-04
6.000000e-03	-7.965831e-03	8.767904e-03	-1.807220e-02	-1.700193e-02	-1.070271e-03
7.000000e-03	-8.353709e-03	8.923677e-03	-1.980191e-02	-1.825466e-02	-1.547246e-03
8.000000e-03	-9.666160e-03	1.007690e-02	-2.315202e-02	-2.124217e-02	-1.909851e-03
9.000000e-03	-1.157272e-02	1.190234e-02	-2.755840e-02	-2.535192e-02	-2.206483e-03
1.000000e-02	-1.362331e-02	1.392085e-02	-3.221604e-02	-2.973133e-02	-2.484711e-03
1.100000e-02	-1.544626e-02	1.571568e-02	-3.650917e-02	-3.370085e-02	-2.808320e-03
1.200000e-02	-1.713017e-02	1.738436e-02	-4.057555e-02	-3.741795e-02	-3.157601e-03
1.300000e-02	-1.862111e-02	1.885003e-02	-4.433509e-02	-4.078865e-02	-3.546438e-03
1.400000e-02	-2.009348e-02	2.028833e-02	-4.809556e-02	-4.414126e-02	-3.954304e-03
1.500000e-02	-2.186215e-02	2.204321e-02	-5.247753e-02	-4.810091e-02	-4.376620e-03
1.600000e-02	-2.412159e-02	2.431379e-02	-5.791850e-02	-5.308084e-02	-4.837663e-03
1.700000e-02	-2.680398e-02	2.700782e-02	-6.430086e-02	-5.895441e-02	-5.346446e-03
1.800000e-02	-2.980396e-02	3.001626e-02	-7.143780e-02	-6.552286e-02	-5.914947e-03
1.900000e-02	-3.289205e-02	3.307121e-02	-7.895255e-02	-7.236832e-02	-6.584227e-03
2.000000e-02	-3.595756e-02	3.605533e-02	-8.658463e-02	-7.924987e-02	-7.334754e-03
2.100000e-02	-3.890696e-02	3.888120e-02	-9.412968e-02	-8.597180e-02	-8.157878e-03
2.200000e-02	-4.172474e-02	4.154361e-02	-1.014694e-01	-9.245943e-02	-9.009944e-03
2.300000e-02	-4.449043e-02	4.413595e-02	-1.086904e-01	-9.883564e-02	-9.854779e-03
2.400000e-02	-4.735715e-02	4.682788e-02	-1.160647e-01	-1.053895e-01	-1.067517e-02
2.500000e-02	-5.057073e-02	4.987714e-02	-1.241567e-01	-1.126491e-01	-1.150764e-02
2.600000e-02	-5.422498e-02	5.338477e-02	-1.331673e-01	-1.208086e-01	-1.235866e-02
2.700000e-02	-5.830514e-02	5.733745e-02	-1.431454e-01	-1.298779e-01	-1.326758e-02
2.800000e-02	-6.269975e-02	6.161704e-02	-1.538761e-01	-1.396378e-01	-1.423831e-02
2.900000e-02	-6.720323e-02	6.600952e-02	-1.649612e-01	-1.496838e-01	-1.527736e-02
3.000000e-02	-7.179166e-02	7.049315e-02	-1.763349e-01	-1.599591e-01	-1.637579e-02
3.100000e-02	-7.637460e-02	7.497697e-02	-1.877910e-01	-1.702701e-01	-1.752090e-02
3.200000e-02	-8.096066e-02	7.947125e-02	-1.992327e-01	-1.805770e-01	-1.865569e-02
3.300000e-02	-8.560857e-02	8.403496e-02	-2.108334e-01	-1.910253e-01	-1.980814e-02
3.400000e-02	-9.041602e-02	8.877201e-02	-2.226868e-01	-2.017594e-01	-2.092739e-02
3.500000e-02	-9.538319e-02	9.369468e-02	-2.348167e-01	-2.127916e-01	-2.202519e-02
3.600000e-02	-1.005807e-01	9.887417e-02	-2.473814e-01	-2.242714e-01	-2.311005e-02
3.700000e-02	-1.059377e-01	1.042403e-01	-2.602814e-01	-2.360784e-01	-2.420301e-02
3.800000e-02	-1.115382e-01	1.098648e-01	-2.736942e-01	-2.483853e-01	-2.530896e-02
3.900000e-02	-1.173504e-01	1.157221e-01	-2.875788e-01	-2.611398e-01	-2.643901e-02
4.000000e-02	-1.233665e-01	1.217861e-01	-3.018732e-01	-2.743031e-01	-2.757005e-02
4.100000e-02	-1.294705e-01	1.279441e-01	-3.163476e-01	-2.876443e-01	-2.870330e-02
4.200000e-02	-1.357034e-01	1.342149e-01	-3.310304e-01	-3.012185e-01	-2.981183e-02
4.300000e-02	-1.419169e-01	1.404765e-01	-3.456124e-01	-3.147231e-01	-3.088935e-02
4.400000e-02	-1.482322e-01	1.468340e-01	-3.602727e-01	-3.283686e-01	-3.190412e-02
4.500000e-02	-1.545361e-01	1.532035e-01	-3.746996e-01	-3.418859e-01	-3.281368e-02
4.600000e-02	-1.608789e-01	1.596203e-01	-3.889599e-01	-3.553589e-01	-3.360103e-02
4.700000e-02	-1.671973e-01	1.660441e-01	-4.029203e-01	-3.686575e-01	-3.426285e-02
4.800000e-02	-1.735837e-01	1.725376e-01	-4.167931e-01	-3.819803e-01	-3.481283e-02
4.900000e-02	-1.798805e-01	1.789681e-01	-4.302970e-01	-3.950289e-01	-3.526804e-02
5.000000e-02	-1.861259e-01	1.853548e-01	-4.435091e-01	-4.078805e-01	-3.562865e-02
5.100000e-02	-1.922819e-01	1.916740e-01	-4.563798e-01	-4.204718e-01	-3.590801e-02
5.200000e-02	-1.982280e-01	1.977941e-01	-4.686137e-01	-4.325349e-01	-3.607887e-02
5.300000e-02	-2.038447e-01	2.036145e-01	-4.799633e-01	-4.438263e-01	-3.613698e-02
5.400000e-02	-2.090949e-01	2.090846e-01	-4.903046e-01	-4.542472e-01	-3.605739e-02
5.500000e-02	-2.139090e-01	2.141513e-01	-4.994912e-01	-4.636545e-01	-3.583664e-02
5.600000e-02	-2.183382e-01	2.188561e-01	-5.076287e-01	-4.721525e-01	-3.547616e-02
5.700000e-02	-2.224254e-01	2.232473e-01	-5.148405e-01	-4.798457e-01	-3.499481e-02
5.800000e-02	-2.263098e-01	2.274570e-01	-5.214178e-01	-4.870187e-01	-3.439914e-02
5.900000e-02	-2.300501e-01	2.315388e-01	-5.275208e-01	-4.938105e-01	-3.371027e-02
6.000000e-02	-2.336187e-01	2.354409e-01	-5.331991e-01	-5.002182e-01	-3.298088e-02
6.100000e-02	-2.370783e-01	2.392134e-01	-5.386274e-01	-5.063920e-01	-3.223539e-02
6.200000e-02	-2.404339e-01	2.428502e-01	-5.438788e-01	-5.123733e-01	-3.150549e-02
6.300000e-02	-2.436891e-01	2.463478e-01	-5.490051e-01	-5.181917e-01	-3.081346e-02
6.400000e-02	-2.468157e-01	2.496801e-01	-5.539762e-01	-5.238038e-01	-3.017235e-02
6.500000e-02	-2.498505e-01	2.528797e-01	-5.589108e-01	-5.293059e-01	-2.960483e-02
6.600000e-02	-2.528470e-01	2.559971e-01	-5.639815e-01	-5.348377e-01	-2.914378e-02
6.700000e-02	-2.558125e-01	2.590408e-01	-5.692337e-01	-5.404293e-01	-2.880436e-02
6.800000e-02	-2.587736e-01	2.620390e-01	-5.747491e-01	-5.461482e-01	-2.860089e-02
6.900000e-02	-2.616918e-01	2.649554e-01	-5.804586e-01	-5.519211e-01	-2.853750e-02
7.000000e-02	-2.645207e-01	2.677494e-01	-5.862358e-01	-5.576386e-01	-2.859719e-02
7.100000e-02	-2.672306e-01	2.703931e-01	-5.920128e-01	-5.632370e-01	-2.877574e-02
7.200000e-02	-2.698866e-01	2.729460e-01	-5.978943e-01	-5.688337e-01	-2.906055e-02
7.300000e-02	-2.725536e-01	2.754666e-01	-6.040329e-01	-5.745700e-01	-2.946283e-02
7.400000e-02	-2.752954e-01	2.780156e-01	-6.105226e-01	-5.805566e-01	-2.996593e-02
7.500000e-02	-2.781712e-01	2.806512e-01	-6.174933e-01	-5.869178e-01	-3.057550e-02
7.600000e-02	-2.811925e-01	2.833884e-01	-6.249312e-01	-5.936581e-01	-3.127308e-02
7.700000e-02	-2.843087e-01	2.861935e-01	-6.327479e-01	-6.006826e-01	-3.206523e-02
7.800000e-02	-2.875041e-01	2.890487e-01	-6.408613e-01	-6.079348e-01	-3.292651e-02
7.900000e-02	-2.909184e-01	2.921126e-01	-6.494573e-01	-6.156471e-01	-3.381023e-02
8.000000e-02	-2.945851e-01	2.954181e-01	-6.585471e-01	-6.238586e-01	-3.468848e-02
8.100000e-02	-2.985081e-01	2.989843e-01	-6.681426e-01	-6.325794e-01	-3.556324e-02
8.200000e-02	-3.024161e-01	3.025224e-01	-6.777887e-01	-6.413104e-01	-3.647831e-02
8.300000e-02	-3.061910e-01	3.059327e-01	-6.872880e-01	-6.498350e-01	-3.745306e-02
8.400000e-02	-3.097498e-01	3.091424e-01	-6.964805e-01	-6.579901e-01	-3.849042e-02
8.500000e-02	-3.132430e-01	3.123058e-01	-7.056637e-01	-6.660749e-01	-3.958884e-02
8.600000e-02	-3.162936e-01	3.150225e-01	-7.142620e-01	-6.734246e-01	-4.083739e-02
8.700000e-02	-3.187551e-01	3.171342e-01	-7.220623e-01	-6.797863e-01	-4.227603e-02
8.800000e-02	-3.206591e-01	3.186715e-01	-7.290631e-01	-6.851907e-01	-4.387244e-02
8.900000e-02	-3.221628e-01	3.197842e-01	-7.355323e-01	-6.899290e-01	-4.560332e-02
9.000000e-02	-3.230572e-01	3.202487e-01	-7.410836e-01	-6.935990e-01	-4.748461e-02
9.100000e-02	-3.231723e-01	3.199107e-01	-7.453060e-01	-6.958253e-01	-4.948068e-02
9.200000e-02	-3.228319e-01	3.190893e-01	-7.487134e-01	-6.971886e-01	-5.152482e-02
9.300000e-02	-3.225740e-01	3.183776e-01	-7.520201e-01	-6.985840e-01	-5.343603e-02
9.400000e-02	-3.228611e-01	3.182563e-01	-7.559567e-01	-7.008394e-01	-5.511722e-02
9.500000e-02	-3.239644e-01	3.189922e-01	-7.610020e-01	-7.044654e-01	-5.653664e-02
9.600000e-02	-3.258775e-01	3.205339e-01	-7.672796e-01	-7.095173e-01	-5.776234e-02
9.700000e-02	-3.284152e-01	3.226627e-01	-7.746240e-01	-7.157272e-01	-5.889676e-02
9.800000e-02	-3.313126e-01	3.251025e-01	-7.826252e-01	-7.226252e-01	-6.000003e-02
9.900000e-02	-3.343678e-01	3.276568e-01	-7.909610e-01	-7.298483e-01	-6.111271e-02
1.000000e-01	-3.374492e-01	3.302443e-01	-7.993090e-01	-7.371037e-01	-6.220532e-02
1.010000e-01	-3.406200e-01	3.329841e-01	-8.076284e-01	-7.444342e-01	-6.319415e-02
1.020000e-01	-3.440425e-01	3.360861e-01	-8.160984e-01	-7.520917e-01	-6.400666e-02
1.030000e-01	-3.478183e-01	3.396679e-01	-8.249217e-01	-7.602791e-01	-6.464260e-02
1.040000e-01	-3.518556e-01	3.436057e-01	-8.340436e-01	-7.688774e-01	-6.516626e-02
1.050000e-01	-3.559744e-01	3.476651e-01	-8.432961e-01	-7.776224e-01	-6.567363e-02
1.060000e-01	-3.600098e-01	3.516561e-01	-8.524817e-01	-7.862507e-01	-6.623102e-02
1.070000e-01	-3.637702e-01	3.553508e-01	-8.613410e-01	-7.944408e-01	-6.690027e-02
1.080000e-01	-3.671648e-01	3.586404e-01	-8.697167e-01	-8.020231e-01	-6.769352e-02
1.090000e-01	-3.701513e-01	3.614743e-01	-8.775202e-01	-8.089114e-01	-6.860884e-02
1.100000e-01	-3.726933e-01	3.638228e-01	-8.846213e-01	-8.150039e-01	-6.961733e-02
1.110000e-01	-3.748607e-01	3.657629e-01	-8.911254e-01	-8.204235e-01	-7.070198e-02
1.120000e-01	-3.767285e-01	3.673866e-01	-8.971062e-01	-8.252816e-01	-7.182460e-02
1.130000e-01	-3.783321e-01	3.687286e-01	-9.026239e-01	-8.296441e-01	-7.297987e-02
1.140000e-01	-3.797917e-01	3.699183e-01	-9.078823e-01	-8.337328e-01	-7.414950e-02
1.150000e-01	-3.811823e-01	3.710272e-01	-9.130067e-01	-8.376856e-01	-7.532106e-02
1.160000e-01	-3.825462e-01	3.721072e-01	-9.180459e-01	-8.415691e-01	-7.647676e-02
1.170000e-01	-3.838995e-01	3.731653e-01	-9.230096e-01	-8.454043e-01	-7.760528e-02
1.180000e-01	-3.852981e-01	3.742619e-01	-9.279798e-01	-8.492880e-01	-7.869184e-02
1.190000e-01	-3.867666e-01	3.754183e-01	-9.329967e-01	-8.532649e-01	-7.973179e-02
1.200000e-01	-3.883219e-01	3.766645e-01	-9.380497e-01	-8.573468e-01	-8.070295e-02
1.210000e-01	-3.900329e-01	3.780749e-01	-9.432305e-01	-8.616481e-01	-8.158232e-02
1.220000e-01	-3.919559e-01	3.797113e-01	-9.486192e-01	-8.662655e-01	-8.235373e-02
1.230000e-01	-3.941665e-01	3.816451e-01	-9.543600e-01	-8.713465e-01	-8.301345e-02
1.240000e-01	-3.966673e-01	3.838749e-01	-9.604657e-01	-8.769002e-01	-8.356550e-02
1.250000e-01	-3.994683e-01	3.864165e-01	-9.669577e-01	-8.829472e-01	-8.401054e-02
1.260000e-01	-4.025376e-01	3.892404e-01	-9.738081e-01	-8.894417e-01	-8.436640e-02
1.270000e-01	-4.058373e-01	3.923078e-01	-9.809738e-01	-8.963242e-01	-8.464954e-02
1.280000e-01	-4.093319e-01	3.955924e-01	-9.884094e-01	-9.035365e-01	-8.487283e-02
1.290000e-01	-4.130251e-01	3.991010e-01	-9.961207e-01	-9.110855e-01	-8.503522e-02
1.300000e-01	-4.168463e-01	4.027578e-01	-1.004018e+00	-9.188554e-01	-8.516267e-02
1.310000e-01	-4.207522e-01	4.065036e-01	-1.012069e+00	-9.267866e-01	-8.528228e-02
1.320000e-01	-4.246065e-01	4.101897e-01	-1.020064e+00	-9.346385e-01	-8.542540e-02
1.330000e-01	-4.284059e-01	4.138186e-01	-1.027997e+00	-9.424041e-01	-8.559241e-02
1.340000e-01	-4.319998e-01	4.172646e-01	-1.035555e+00	-9.497774e-01	-8.577769e-02
1.350000e-01	-4.351764e-01	4.203224e-01	-1.042388e+00	-9.563703e-01	-8.601741e-02
1.360000e-01	-4.378153e-01	4.228857e-01	-1.048256e+00	-9.619435e-01	-8.631280e-02
1.370000e-01	-4.397369e-01	4.247746e-01	-1.052866e+00	-9.661697e-01	-8.669595e-02
1.380000e-01	-4.409781e-01	4.260221e-01	-1.056256e+00	-9.691063e-01	-8.715000e-02
1.390000e-01	-4.417915e-01	4.268749e-01	-1.058834e+00	-9.712086e-01	-8.762549e-02
1.400000e-01	-4.424995e-01	4.276499e-01	-1.061132e+00	-9.730653e-01	-8.806633e-02
1.410000e-01	-4.433007e-01	4.285271e-01	-1.063515e+00	-9.750583e-01	-8.845694e-02
1.420000e-01	-4.443286e-01	4.296250e-01	-1.066244e+00	-9.774506e-01	-8.879343e-02
1.430000e-01	-4.455460e-01	4.308830e-01	-1.069319e+00	-9.802057e-01	-8.911360e-02
1.440000e-01	-4.468414e-01	4.321724e-01	-1.072593e+00	-9.831381e-01	-8.945525e-02
1.450000e-01	-4.480250e-01	4.332943e-01	-1.075778e+00	-9.859141e-01	-8.986416e-02
1.460000e-01	-4.489620e-01	4.341129e-01	-1.078639e+00	-9.882816e-01	-9.035764e-02
1.470000e-01	-4.495854e-01	4.345726e-01	-1.081033e+00	-9.901020e-01	-9.093132e-02
1.480000e-01	-4.499643e-01	4.347603e-01	-1.082988e+00	-9.914582e-01	-9.152950e-02
1.490000e-01	-4.502613e-01	4.348493e-01	-1.084712e+00	-9.926174e-01	-9.209486e-02
1.500000e-01	-4.507749e-01	4.351576e-01	-1.086633e+00	-9.940916e-01	-9.254185e-02
1.510000e-01	-4.516728e-01	4.358614e-01	-1.089025e+00	-9.961853e-01	-9.283979e-02
1.520000e-01	-4.531148e-01	4.371398e-01	-1.092131e+00	-9.991800e-01	-9.295050e-02
1.530000e-01	-4.551298e-01	4.390199e-01	-1.096044e+00	-1.003152e+00	-9.289196e-02
1.540000e-01	-4.576277e-01	4.413967e-01	-1.100671e+00	-1.007963e+00	-9.270759e-02
1.550000e-01	-4.604116e-01	4.440513e-01	-1.105774e+00	-1.013299e+00	-9.247558e-02
1.560000e-01	-4.633362e-01	4.468336e-01	-1.111145e+00	-1.018909e+00	-9.223619e-02
1.570000e-01	-4.663119e-01	4.496522e-01	-1.116670e+00	-1.024647e+00	-9.202333e-02
1.580000e-01	-4.693701e-01	4.525540e-01	-1.122373e+00	-1.030556e+00	-9.181626e-02
1.590000e-01	-4.725171e-01	4.555512e-01	-1.128264e+00	-1.036649e+00	-9.161506e-02
1.600000e-01	-4.757447e-01	4.586485e-01	-1.134302e+00	-1.042896e+00	-9.140621e-02
1.610000e-01	-4.790047e-01	4.617912e-01	-1.140429e+00	-1.049219e+00	-9.121004e-02
1.620000e-01	-4.822429e-01	4.649261e-01	-1.146553e+00	-1.055519e+00	-9.103333e-02
1.630000e-01	-4.853440e-01	4.679224e-01	-1.152504e+00	-1.061596e+00	-9.090793e-02
1.640000e-01	-4.883326e-01	4.708113e-01	-1.158293e+00	-1.067479e+00	-9.081375e-02
1.650000e-01	-4.912048e-01	4.735862e-01	-1.163918e+00	-1.073164e+00	-9.075430e-02
1.660000e-01	-4.940502e-01	4.763494e-01	-1.169504e+00	-1.078802e+00	-9.070169e-02
1.670000e-01	-4.968447e-01	4.790664e-01	-1.175035e+00	-1.084362e+00	-9.067264e-02
1.680000e-01	-4.996084e-01	4.817519e-01	-1.180545e+00	-1.089881e+00	-9.066395e-02
1.690000e-01	-5.022677e-01	4.843145e-01	-1.185954e+00	-1.095245e+00	-9.070921e-02
1.700000e-01	-5.048194e-01	4.867484e-01	-1.191244e+00	-1.100441e+00	-9.080248e-02
1.710000e-01	-5.072251e-01	4.890138e-01	-1.196358e+00	-1.105404e+00	-9.095405e-02
1.720000e-01	-5.095334e-01	4.911757e-01	-1.201333e+00	-1.110200e+00	-9.113305e-02
1.730000e-01	-5.117565e-01	4.932504e-01	-1.206180e+00	-1.114847e+00	-9.133359e-02
1.740000e-01	-5.139045e-01	4.952604e-01	-1.210882e+00	-1.119346e+00	-9.153665e-02
1.750000e-01	-5.159128e-01	4.971295e-01	-1.215354e+00	-1.123590e+00	-9.176426e-02
1.760000e-01	-5.177332e-01	4.988045e-01	-1.219520e+00	-1.127493e+00	-9.202679e-02
1.770000e-01	-5.192992e-01	5.002017e-01	-1.223297e+00	-1.130948e+00	-9.234933e-02
1.780000e-01	-5.206200e-01	5.013348e-01	-1.226681e+00	-1.133960e+00	-9.272043e-02
1.790000e-01	-5.217009e-01	5.022064e-01	-1.229670e+00	-1.136536e+00	-9.313433e-02
1.800000e-01	-5.226374e-01	5.029280e-01	-1.232385e+00	-1.138830e+00	-9.355512e-02
1.810000e-01	-5.234733e-01	5.035449e-01	-1.234885e+00	-1.140916e+00	-9.396920e-02
1.820000e-01	-5.243024e-01	5.041633e-01	-1.237302e+00	-1.142954e+00	-9.434873e-02
1.830000e-01	-5.251707e-01	5.048231e-01	-1.239725e+00	-1.145033e+00	-9.469168e-02
1.840000e-01	-5.261345e-01	5.055858e-01	-1.242250e+00	-1.147260e+00	-9.499062e-02
1.850000e-01	-5.271841e-01	5.064303e-01	-1.244882e+00	-1.149625e+00	-9.525705e-02
1.860000e-01	-5.283243e-01	5.073663e-01	-1.247636e+00	-1.152143e+00	-9.549396e-02
1.870000e-01	-5.295278e-01	5.083587e-01	-1.250487e+00	-1.154771e+00	-9.571556e-02
1.880000e-01	-5.307910e-01	5.094156e-01	-1.253416e+00	-1.157499e+00	-9.591710e-02
1.890000e-01	-5.321000e-01	5.105204e-01	-1.256404e+00	-1.160302e+00	-9.610200e-02
1.900000e-01	-5.334666e-01	5.117011e-01	-1.259453e+00	-1.163193e+00	-9.626010e-02
1.910000e-01	-5.348794e-01	5.129374e-01	-1.262564e+00	-1.166161e+00	-9.640245e-02
1.920000e-01	-5.363357e-01	5.142360e-01	-1.265720e+00	-1.169196e+00	-9.652442e-02
1.930000e-01	-5.378049e-01	5.155527e-01	-1.268894e+00	-1.172252e+00	-9.664191e-02
1.940000e-01	-5.392714e-01	5.168793e-01	-1.272053e+00	-1.175298e+00	-9.675530e-02
1.950000e-01	-5.406969e-01	5.181640e-01	-1.275156e+00	-1.178275e+00	-9.688100e-02
1.960000e-01	-5.420637e-01	5.193995e-01	-1.278161e+00	-1.181144e+00	-9.701683e-02
1.970000e-01	-5.433533e-01	5.205550e-01	-1.281054e+00	-1.183880e+00	-9.717365e-02
1.980000e-01	-5.445571e-01	5.216332e-01	-1.283805e+00	-1.186460e+00	-9.734551e-02
1.990000e-01	-5.456716e-01	5.226197e-01	-1.286416e+00	-1.188880e+00	-9.753663e-02
2.000000e-01	-5.466963e-01	5.235268e-01	-1.288868e+00	-1.191130e+00	-9.773780e-02
2.010000e-01	-5.476257e-01	5.243376e-01	-1.291164e+00	-1.193208e+00	-9.795615e-02
2.020000e-01	-5.484683e-01	5.250723e-01	-1.293289e+00	-1.195113e+00	-9.817635e-02
2.030000e-01	-5.492342e-01	5.257269e-01	-1.295285e+00	-1.196877e+00	-9.840824e-02
2.040000e-01	-5.499183e-01	5.263057e-01	-1.297127e+00	-1.198482e+00	-9.864534e-02
2.050000e-01	-5.505342e-01	5.268077e-01	-1.298851e+00	-1.199960e+00	-9.889124e-02
2.060000e-01	-5.510936e-01	5.272556e-01	-1.300460e+00	-1.201323e+00	-9.913618e-02
2.070000e-01	-5.516048e-01	5.276455e-01	-1.301983e+00	-1.202596e+00	-9.938664e-02
2.080000e-01	-5.520857e-01	5.280082e-01	-1.303427e+00	-1.203799e+00	-9.962773e-02
2.090000e-01	-5.525458e-01	5.283421e-01	-1.304818e+00	-1.204955e+00	-9.986325e-02
2.100000e-01	-5.530089e-01	5.286832e-01	-1.306179e+00	-1.206099e+00	-1.000808e-01
2.110000e-01	-5.534994e-01	5.290462e-01	-1.307569e+00	-1.207284e+00	-1.002851e-01
2.120000e-01	-5.540226e-01	5.294482e-01	-1.308980e+00	-1.208513e+00	-1.004676e-01
2.130000e-01	-5.545818e-01	5.298828e-01	-1.310434e+00	-1.209799e+00	-1.006351e-01
2.140000e-01	-5.551925e-01	5.303762e-01	-1.311939e+00	-1.211162e+00	-1.007768e-01
2.150000e-01	-5.558401e-01	5.309015e-01	-1.313494e+00	-1.212587e+00	-1.009071e-01
2.160000e-01	-5.565271e-01	5.314744e-01	-1.315087e+00	-1.214071e+00	-1.010167e-01
2.170000e-01	-5.572412e-01	5.320715e-01	-1.316715e+00	-1.215599e+00	-1.011162e-01
2.180000e-01	-5.579886e-01	5.327112e-01	-1.318368e+00	-1.217172e+00	-1.011952e-01
2.190000e-01	-5.587496e-01	5.333619e-01	-1.320037e+00	-1.218768e+00	-1.012686e-01
2.200000e-01	-5.595328e-01	5.340458e-01	-1.321717e+00	-1.220391e+00	-1.013258e-01
2.210000e-01	-5.603144e-01	5.347286e-01	-1.323391e+00	-1.222010e+00	-1.013809e-01
2.220000e-01	-5.611014e-01	5.354284e-01	-1.325046e+00	-1.223624e+00	-1.014214e-01
2.230000e-01	-5.618840e-01	5.361255e-01	-1.326687e+00	-1.225228e+00	-1.014598e-01
2.240000e-01	-5.626612e-01	5.368290e-01	-1.328294e+00	-1.226808e+00	-1.014857e-01
2.250000e-01	-5.634105e-01	5.375052e-01	-1.329845e+00	-1.228333e+00	-1.015119e-01
2.260000e-01	-5.641503e-01	5.381826e-01	-1.331354e+00	-1.229827e+00	-1.015269e-01
2.270000e-01	-5.648483e-01	5.388160e-01	-1.332795e+00	-1.231246e+00	-1.015490e-01
2.280000e-01	-5.655295e-01	5.394427e-01	-1.334187e+00	-1.232623e+00	-1.015638e-01
2.290000e-01	-5.661537e-01	5.400097e-01	-1.335488e+00	-1.233897e+00	-1.015902e-01
2.300000e-01	-5.667540e-01	5.405616e-01	-1.336723e+00	-1.235115e+00	-1.016074e-01
2.310000e-01	-5.672958e-01	5.410512e-01	-1.337860e+00	-1.236226e+00	-1.016340e-01
2.320000e-01	-5.678338e-01	5.415464e-01	-1.338964e+00	-1.237316e+00	-1.016482e-01
2.330000e-01	-5.683231e-01	5.419903e-01	-1.339982e+00	-1.238314e+00	-1.016677e-01
2.340000e-01	-5.688195e-01	5.424507e-01	-1.340978e+00	-1.239308e+00	-1.016695e-01
2.350000e-01	-5.692810e-01	5.428709e-01	-1.341913e+00	-1.240238e+00	-1.016757e-01
2.360000e-01	-5.697582e-01	5.433148e-01	-1.342848e+00	-1.241182e+00	-1.016657e-01
2.370000e-01	-5.702101e-01	5.437296e-01	-1.343738e+00	-1.242079e+00	-1.016590e-01
2.380000e-01	-5.706887e-01	5.441796e-01	-1.344642e+00	-1.243010e+00	-1.016322e-01
2.390000e-01	-5.711387e-01	5.445965e-01	-1.345491e+00	-1.243884e+00	-1.016067e-01
2.400000e-01	-5.716203e-01	5.450547e-01	-1.346362e+00	-1.244801e+00	-1.015605e-01
2.410000e-01	-5.720716e-01	5.454782e-01	-1.347177e+00	-1.245660e+00	-1.015168e-01
2.420000e-01	-5.725589e-01	5.459469e-01	-1.348024e+00	-1.246571e+00	-1.014533e-01
2.430000e-01	-5.730328e-01	5.463984e-01	-1.348845e+00	-1.247455e+00	-1.013895e-01
2.440000e-01	-5.735469e-01	5.468990e-01	-1.349702e+00	-1.248398e+00	-1.013039e-01
2.450000e-01	-5.740425e-01	5.473780e-01	-1.350524e+00	-1.249304e+00	-1.012193e-01
2.460000e-01	-5.745739e-01	5.479015e-01	-1.351378e+00	-1.250263e+00	-1.011152e-01
2.470000e-01	-5.750756e-01	5.483912e-01	-1.352180e+00	-1.251165e+00	-1.010143e-01
2.480000e-01	-5.756040e-01	5.489169e-01	-1.353003e+00	-1.252105e+00	-1.008974e-01
2.490000e-01	-5.761051e-01	5.494147e-01	-1.353771e+00	-1.252991e+00	-1.007805e-01
2.500000e-01	-5.766250e-01	5.499412e-01	-1.354546e+00	-1.253898e+00	-1.006479e-01
2.510000e-01	-5.771142e-01	5.504344e-01	-1.355268e+00	-1.254748e+00	-1.005197e-01
2.520000e-01	-5.776268e-01	5.509610e-01	-1.356007e+00	-1.255630e+00	-1.003765e-01
2.530000e-01	-5.780956e-01	5.514391e-01	-1.356674e+00	-1.256432e+00	-1.002412e-01
2.540000e-01	-5.785758e-01	5.519368e-01	-1.357340e+00	-1.257246e+00	-1.000942e-01
2.550000e-01	-5.790196e-01	5.523961e-01	-1.357941e+00	-1.257990e+00	-9.995084e-02
2.560000e-01	-5.794792e-01	5.528798e-01	-1.358543e+00	-1.258751e+00	-9.979242e-02
2.570000e-01	-5.799025e-01	5.533239e-01	-1.359081e+00	-1.259443e+00	-9.963819e-02
2.580000e-01	-5.803436e-01	5.537956e-01	-1.359625e+00	-1.260156e+00	-9.946891e-02
2.590000e-01	-5.807435e-01	5.542222e-01	-1.360099e+00	-1.260793e+00	-9.930582e-02
2.600000e-01	-5.811597e-01	5.546736e-01	-1.360576e+00	-1.261448e+00	-9.912812e-02
2.610000e-01	-5.815360e-01	5.550790e-01	-1.360991e+00	-1.262031e+00	-9.895939e-02
2.620000e-01	-5.819301e-01	5.555111e-01	-1.361414e+00	-1.262637e+00	-9.877674e-02
2.630000e-01	-5.822931e-01	5.559073e-01	-1.361784e+00	-1.263185e+00	-9.859886e-02
2.640000e-01	-5.826806e-01	5.563375e-01	-1.362169e+00	-1.263765e+00	-9.840368e-02
2.650000e-01	-5.830349e-01	5.567306e-01	-1.362497e+00	-1.264284e+00	-9.821369e-02
2.660000e-01	-5.834163e-01	5.571587e-01	-1.362849e+00	-1.264841e+00	-9.800841e-02
2.670000e-01	-5.837699e-01	5.575536e-01	-1.363156e+00	-1.265348e+00	-9.780816e-02
2.680000e-01	-5.841515e-01	5.579844e-01	-1.363491e+00	-1.265897e+00	-9.759389e-02
2.690000e-01	-5.845066e-01	5.583834e-01	-1.363782e+00	-1.266398e+00	-9.738455e-02
2.700000e-01	-5.848894e-01	5.588189e-01	-1.364096e+00	-1.266937e+00	-9.715867e-02
2.710000e-01	-5.852514e-01	5.592289e-01	-1.364377e+00	-1.267440e+00	-9.693694e-02
2.720000e-01	-5.856390e-01	5.596746e-01	-1.364671e+00	-1.267974e+00	-9.669638e-02
2.730000e-01	-5.860047e-01	5.600935e-01	-1.364929e+00	-1.268469e+00	-9.645960e-02
2.740000e-01	-5.863979e-01	5.605501e-01	-1.365206e+00	-1.269001e+00	-9.620484e-02
2.750000e-01	-5.867621e-01	5.609733e-01	-1.365435e+00	-1.269480e+00	-9.595531e-02
2.760000e-01	-5.871521e-01	5.614313e-01	-1.365677e+00	-1.269991e+00	-9.568658e-02
2.770000e-01	-5.875199e-01	5.618626e-01	-1.365879e+00	-1.270459e+00	-9.541968e-02
2.780000e-01	-5.879147e-01	5.623309e-01	-1.366091e+00	-1.270960e+00	-9.513070e-02
2.790000e-01	-5.882866e-01	5.627718e-01	-1.366263e+00	-1.271418e+00	-9.484492e-02
2.800000e-01	-5.886856e-01	5.632503e-01	-1.366455e+00	-1.271913e+00	-9.454168e-02
2.810000e-01	-5.890574e-01	5.636984e-01	-1.366599e+00	-1.272357e+00	-9.424202e-02
2.820000e-01	-5.894553e-01	5.641823e-01	-1.366760e+00	-1.272835e+00	-9.392446e-02
2.830000e-01	-5.898234e-01	5.646317e-01	-1.366876e+00	-1.273261e+00	-9.361459e-02
2.840000e-01	-5.902041e-01	5.651042e-01	-1.366984e+00	-1.273696e+00	-9.328808e-02
2.850000e-01	-5.905560e-01	5.655446e-01	-1.367044e+00	-1.274078e+00	-9.296583e-02
2.860000e-01	-5.909327e-01	5.660210e-01	-1.367114e+00	-1.274490e+00	-9.262427e-02
2.870000e-01	-5.912798e-01	5.664656e-01	-1.367134e+00	-1.274847e+00	-9.228708e-02
2.880000e-01	-5.916517e-01	5.669447e-01	-1.367167e+00	-1.275235e+00	-9.193184e-02
2.890000e-01	-5.919812e-01	5.673793e-01	-1.367133e+00	-1.275548e+00	-9.158536e-02
2.900000e-01	-5.923366e-01	5.678485e-01	-1.367119e+00	-1.275896e+00	-9.122296e-02
2.910000e-01	-5.926549e-01	5.682782e-01	-1.367051e+00	-1.276180e+00	-9.087033e-02
2.920000e-01	-5.929982e-01	5.687408e-01	-1.367000e+00	-1.276498e+00	-9.050158e-02
2.930000e-01	-5.933004e-01	5.691607e-01	-1.366875e+00	-1.276738e+00	-9.013686e-02
2.940000e-01	-5.936228e-01	5.696096e-01	-1.366761e+00	-1.277003e+00	-8.975745e-02
2.950000e-01	-5.938943e-01	5.700048e-01	-1.366564e+00	-1.277176e+00	-8.938759e-02
2.960000e-01	-5.941883e-01	5.704323e-01	-1.366376e+00	-1.277377e+00	-8.899989e-02
2.970000e-01	-5.944425e-01	5.708174e-01	-1.366123e+00	-1.277504e+00	-8.861917e-02
2.980000e-01	-5.947236e-01	5.712392e-01	-1.365888e+00	-1.277667e+00	-8.822019e-02
2.990000e-01	-5.949641e-01	5.716195e-01	-1.365581e+00	-1.277755e+00	-8.782632e-02
3.000000e-01	-5.952304e-01	5.720350e-01	-1.365294e+00	-1.277877e+00	-8.741653e-02
3.010000e-01	-5.954632e-01	5.724142e-01	-1.364948e+00	-1.277937e+00	-8.701098e-02
3.020000e-01	-5.957200e-01	5.728268e-01	-1.364616e+00	-1.278028e+00	-8.658783e-02
3.030000e-01	-5.959364e-01	5.731972e-01	-1.364217e+00	-1.278045e+00	-8.617232e-02
3.040000e-01	-5.961676e-01	5.735927e-01	-1.363812e+00	-1.278074e+00	-8.573849e-02
3.050000e-01	-5.963628e-01	5.739504e-01	-1.363350e+00	-1.278038e+00	-8.531228e-02
3.060000e-01	-5.965798e-01	5.743391e-01	-1.362901e+00	-1.278030e+00	-8.487061e-02
3.070000e-01	-5.967479e-01	5.746764e-01	-1.362376e+00	-1.277936e+00	-8.444025e-02
3.080000e-01	-5.969396e-01	5.750459e-01	-1.361871e+00	-1.277875e+00	-8.399613e-02
3.090000e-01	-5.970871e-01	5.753708e-01	-1.361300e+00	-1.277737e+00	-8.356311e-02
3.100000e-01	-5.972614e-01	5.757325e-01	-1.360737e+00	-1.277630e+00	-8.310714e-02
3.110000e-01	-5.973956e-01	5.760538e-01	-1.360097e+00	-1.277444e+00	-8.265285e-02
3.120000e-01	-5.975563e-01	5.764131e-01	-1.359466e+00	-1.277289e+00	-8.217655e-02
3.130000e-01	-5.976745e-01	5.767303e-01	-1.358772e+00	-1.277060e+00	-8.171137e-02
3.140000e-01	-5.978130e-01	5.770779e-01	-1.358097e+00	-1.276862e+00	-8.123569e-02
3.150000e-01	-5.979120e-01	5.773855e-01	-1.357375e+00	-1.276599e+00	-8.077548e-02
3.160000e-01	-5.980246e-01	5.777168e-01	-1.356648e+00	-1.276349e+00	-8.029959e-02
3.170000e-01	-5.980981e-01	5.780061e-01	-1.355885e+00	-1.276040e+00	-7.984415e-02
3.180000e-01	-5.981827e-01	5.783140e-01	-1.355113e+00	-1.275739e+00	-7.937384e-02
3.190000e-01	-5.982307e-01	5.785806e-01	-1.354298e+00	-1.275380e+00	-7.891827e-02
3.200000e-01	-5.982934e-01	5.788686e-01	-1.353481e+00	-1.275034e+00	-7.844697e-02
3.210000e-01	-5.983090e-01	5.791040e-01	-1.352612e+00	-1.274615e+00	-7.799710e-02
3.220000e-01	-5.983278e-01	5.793481e-01	-1.351728e+00	-1.274192e+00	-7.753623e-02
3.230000e-01	-5.983135e-01	5.795530e-01	-1.350800e+00	-1.273714e+00	-7.708666e-02
3.240000e-01	-5.983043e-01	5.797682e-01	-1.349847e+00	-1.273228e+00	-7.661907e-02
3.250000e-01	-5.982709e-01	5.799529e-01	-1.348867e+00	-1.272704e+00	-7.616251e-02
3.260000e-01	-5.982585e-01	5.801642e-01	-1.347877e+00	-1.272197e+00	-7.568018e-02
3.270000e-01	-5.982550e-01	5.803782e-01	-1.346912e+00	-1.271711e+00	-7.520075e-02
3.280000e-01	-5.982824e-01	5.806267e-01	-1.345968e+00	-1.271266e+00	-7.470140e-02
3.290000e-01	-5.983077e-01	5.808632e-01	-1.345053e+00	-1.270834e+00	-7.421885e-02
3.300000e-01	-5.983713e-01	5.811417e-01	-1.344173e+00	-1.270458e+00	-7.371519e-02
3.310000e-01	-5.984408e-01	5.814146e-01	-1.343333e+00	-1.270107e+00	-7.322553e-02
3.320000e-01	-5.985440e-01	5.817204e-01	-1.342522e+00	-1.269805e+00	-7.271710e-02
3.330000e-01	-5.986674e-01	5.820335e-01	-1.341763e+00	-1.269549e+00	-7.221383e-02
3.340000e-01	-5.988367e-01	5.823933e-01	-1.341049e+00	-1.269361e+00	-7.168805e-02
3.350000e-01	-5.990242e-01	5.827605e-01	-1.340377e+00	-1.269212e+00	-7.116408e-02
3.360000e-01	-5.992657e-01	5.831849e-01	-1.339763e+00	-1.269147e+00	-7.061560e-02
3.370000e-01	-5.995139e-01	5.836074e-01	-1.339167e+00	-1.269098e+00	-7.006977e-02
3.380000e-01	-5.998118e-01	5.840845e-01	-1.338623e+00	-1.269123e+00	-6.949980e-02
3.390000e-01	-6.001273e-01	5.845699e-01	-1.338110e+00	-1.269182e+00	-6.892784e-02
3.400000e-01	-6.004983e-01	5.851156e-01	-1.337654e+00	-1.269325e+00	-6.832865e-02
3.410000e-01	-6.008909e-01	5.856744e-01	-1.337244e+00	-1.269513e+00	-6.773096e-02
3.420000e-01	-6.013447e-01	5.863027e-01	-1.336892e+00	-1.269791e+00	-6.710151e-02
3.430000e-01	-6.018221e-01	5.869516e-01	-1.336582e+00	-1.270113e+00	-6.646882e-02
3.440000e-01	-6.023358e-01	5.876502e-01	-1.336285e+00	-1.270478e+00	-6.580669e-02
3.450000e-01	-6.028366e-01	5.883331e-01	-1.335976e+00	-1.270825e+00	-6.515122e-02
3.460000e-01	-6.033518e-01	5.890420e-01	-1.335664e+00	-1.271184e+00	-6.448021e-02
3.470000e-01	-6.038321e-01	5.897154e-01	-1.335321e+00	-1.271493e+00	-6.382863e-02
3.480000e-01	-6.043099e-01	5.903983e-01	-1.334955e+00	-1.271787e+00	-6.316770e-02
3.490000e-01	-6.047314e-01	5.910254e-01	-1.334519e+00	-1.271991e+00	-6.252823e-02
3.500000e-01	-6.051246e-01	5.916398e-01	-1.333985e+00	-1.272117e+00	-6.186792e-02
3.510000e-01	-6.054257e-01	5.921643e-01	-1.333295e+00	-1.272073e+00	-6.122186e-02
3.520000e-01	-6.056809e-01	5.926632e-01	-1.332479e+00	-1.271921e+00	-6.055883e-02
3.530000e-01	-6.058236e-01	5.930565e-01	-1.331471e+00	-1.271559e+00	-5.991207e-02
3.540000e-01	-6.058973e-01	5.933995e-01	-1.330301e+00	-1.271048e+00	-5.925298e-02
3.550000e-01	-6.058561e-01	5.936372e-01	-1.328930e+00	-1.270321e+00	-5.860902e-02
3.560000e-01	-6.057443e-01	5.938235e-01	-1.327398e+00	-1.269443e+00	-5.795472e-02
3.570000e-01	-6.055017e-01	5.938839e-01	-1.325641e+00	-1.268322e+00	-5.731868e-02
3.580000e-01	-6.051991e-01	5.939021e-01	-1.323741e+00	-1.267070e+00	-5.667160e-02
3.590000e-01	-6.047772e-01	5.938033e-01	-1.321647e+00	-1.265601e+00	-5.604632e-02
3.600000e-01	-6.042772e-01	5.936391e-01	-1.319385e+00	-1.263969e+00	-5.541515e-02
3.610000e-01	-6.036761e-01	5.933705e-01	-1.316967e+00	-1.262160e+00	-5.480755e-02
3.620000e-01	-6.030133e-01	5.930510e-01	-1.314407e+00	-1.260217e+00	-5.419042e-02
3.630000e-01	-6.022490e-01	5.926243e-01	-1.311687e+00	-1.258092e+00	-5.359439e-02
3.640000e-01	-6.014418e-01	5.921671e-01	-1.308861e+00	-1.255872e+00	-5.298847e-02
3.650000e-01	-6.005581e-01	5.916260e-01	-1.305915e+00	-1.253516e+00	-5.239933e-02
3.660000e-01	-5.996448e-01	5.910625e-01	-1.302887e+00	-1.251088e+00	-5.179868e-02
3.670000e-01	-5.987000e-01	5.904589e-01	-1.299820e+00	-1.248610e+00	-5.121023e-02
3.680000e-01	-5.977497e-01	5.898556e-01	-1.296715e+00	-1.246107e+00	-5.060804e-02
3.690000e-01	-5.967671e-01	5.892034e-01	-1.293583e+00	-1.243559e+00	-5.002429e-02
3.700000e-01	-5.958156e-01	5.885837e-01	-1.290478e+00	-1.241055e+00	-4.942357e-02
3.710000e-01	-5.948480e-01	5.879291e-01	-1.287378e+00	-1.238537e+00	-4.884101e-02
3.720000e-01	-5.939054e-01	5.872945e-01	-1.284308e+00	-1.236059e+00	-4.824868e-02
3.730000e-01	-5.929984e-01	5.866775e-01	-1.281331e+00	-1.233664e+00	-4.766721e-02
3.740000e-01	-5.921769e-01	5.861453e-01	-1.278484e+00	-1.231419e+00	-4.706503e-02
3.750000e-01	-5.914029e-01	5.856428e-01	-1.275760e+00	-1.229283e+00	-4.647695e-02
3.760000e-01	-5.907191e-01	5.852286e-01	-1.273186e+00	-1.227312e+00	-4.587387e-02
3.770000e-01	-5.900591e-01	5.848155e-01	-1.270714e+00	-1.225416e+00	-4.529794e-02
3.780000e-01	-5.894737e-01	5.844647e-01	-1.268384e+00	-1.223666e+00	-4.471830e-02
3.790000e-01	-5.889593e-01	5.841645e-01	-1.266234e+00	-1.222076e+00	-4.415773e-02
3.800000e-01	-5.885235e-01	5.839345e-01	-1.264239e+00	-1.220643e+00	-4.359600e-02
3.810000e-01	-5.881208e-01	5.837153e-01	-1.262378e+00	-1.219310e+00	-4.306827e-02
3.820000e-01	-5.878000e-01	5.835717e-01	-1.260676e+00	-1.218138e+00	-4.253822e-02
3.830000e-01	-5.875192e-01	5.834508e-01	-1.259113e+00	-1.217076e+00	-4.203755e-02
3.840000e-01	-5.873025e-01	5.833864e-01	-1.257681e+00	-1.216143e+00	-4.153807e-02
3.850000e-01	-5.871141e-01	5.833351e-01	-1.256375e+00	-1.215302e+00	-4.107345e-02
3.860000e-01	-5.869805e-01	5.833362e-01	-1.255185e+00	-1.214573e+00	-4.061208e-02
3.870000e-01	-5.868601e-01	5.833410e-01	-1.254092e+00	-1.213906e+00	-4.018591e-02
3.880000e-01	-5.867822e-01	5.833906e-01	-1.253097e+00	-1.213331e+00	-3.976622e-02
3.890000e-01	-5.866972e-01	5.834245e-01	-1.252168e+00	-1.212781e+00	-3.938703e-02
3.900000e-01	-5.865993e-01	5.834471e-01	-1.251247e+00	-1.212223e+00	-3.902400e-02
3.910000e-01	-5.864496e-01	5.834091e-01	-1.250319e+00	-1.211609e+00	-3.870962e-02
3.920000e-01	-5.862596e-01	5.833313e-01	-1.249351e+00	-1.210935e+00	-3.841602e-02
3.930000e-01	-5.859962e-01	5.831742e-01	-1.248326e+00	-1.210159e+00	-3.816673e-02
3.940000e-01	-5.856683e-01	5.829563e-01	-1.247209e+00	-1.209273e+00	-3.793630e-02
3.950000e-01	-5.852469e-01	5.826382e-01	-1.245998e+00	-1.208246e+00	-3.775229e-02
3.960000e-01	-5.847711e-01	5.822715e-01	-1.244700e+00	-1.207121e+00	-3.757873e-02
3.970000e-01	-5.842127e-01	5.818215e-01	-1.243310e+00	-1.205868e+00	-3.744230e-02
3.980000e-01	-5.836048e-01	5.813235e-01	-1.241842e+00	-1.204526e+00	-3.731622e-02
3.990000e-01	-5.829084e-01	5.807315e-01	-1.240279e+00	-1.203048e+00	-3.723125e-02
4.000000e-01	-5.821563e-01	5.800839e-01	-1.238641e+00	-1.201477e+00	-3.716421e-02
4.010000e-01	-5.813194e-01	5.793397e-01	-1.236909e+00	-1.199774e+00	-3.713512e-02
4.020000e-01	-5.804419e-01	5.785547e-01	-1.235106e+00	-1.197995e+00	-3.711112e-02
4.030000e-01	-5.794942e-01	5.776919e-01	-1.233231e+00	-1.196110e+00	-3.712104e-02
4.040000e-01	-5.785154e-01	5.767928e-01	-1.231311e+00	-1.194171e+00	-3.713998e-02
4.050000e-01	-5.774818e-01	5.758291e-01	-1.229344e+00	-1.192154e+00	-3.719005e-02
4.060000e-01	-5.764535e-01	5.748697e-01	-1.227381e+00	-1.190144e+00	-3.723683e-02
4.070000e-01	-5.754092e-01	5.738801e-01	-1.225436e+00	-1.188127e+00	-3.730879e-02
4.080000e-01	-5.743999e-01	5.729186e-01	-1.223556e+00	-1.186178e+00	-3.737803e-02
4.090000e-01	-5.733892e-01	5.719415e-01	-1.221713e+00	-1.184246e+00	-3.746718e-02
4.100000e-01	-5.724104e-01	5.709810e-01	-1.219942e+00	-1.182381e+00	-3.756063e-02
4.110000e-01	-5.714459e-01	5.700158e-01	-1.218251e+00	-1.180571e+00	-3.767951e-02
4.120000e-01	-5.705543e-01	5.691153e-01	-1.216700e+00	-1.178904e+00	-3.779590e-02
4.130000e-01	-5.697002e-01	5.682381e-01	-1.215261e+00	-1.177331e+00	-3.793038e-02
4.140000e-01	-5.689131e-01	5.674247e-01	-1.213930e+00	-1.175878e+00	-3.805207e-02
4.150000e-01	-5.681537e-01	5.666277e-01	-1.212692e+00	-1.174500e+00	-3.819230e-02
4.160000e-01	-5.674620e-01	5.658961e-01	-1.211556e+00	-1.173240e+00	-3.831598e-02
4.170000e-01	-5.668018e-01	5.651873e-01	-1.210511e+00	-1.172057e+00	-3.845341e-02
4.180000e-01	-5.662015e-01	5.645370e-01	-1.209574e+00	-1.170989e+00	-3.858550e-02
4.190000e-01	-5.656323e-01	5.639058e-01	-1.208746e+00	-1.170005e+00	-3.874074e-02
4.200000e-01	-5.650955e-01	5.633049e-01	-1.207985e+00	-1.169088e+00	-3.889701e-02
4.210000e-01	-5.645734e-01	5.627107e-01	-1.207311e+00	-1.168229e+00	-3.908229e-02
4.220000e-01	-5.640541e-01	5.621224e-01	-1.206648e+00	-1.167378e+00	-3.927011e-02
4.230000e-01	-5.635366e-01	5.615375e-01	-1.206033e+00	-1.166553e+00	-3.947965e-02
4.240000e-01	-5.630175e-01	5.609617e-01	-1.205403e+00	-1.165719e+00	-3.968394e-02
4.250000e-01	-5.624766e-01	5.603646e-01	-1.204796e+00	-1.164874e+00	-3.992123e-02
4.260000e-01	-5.618933e-01	5.597338e-01	-1.204114e+00	-1.163950e+00	-4.016389e-02
4.270000e-01	-5.612588e-01	5.590547e-01	-1.203399e+00	-1.162959e+00	-4.044081e-02
4.280000e-01	-5.605354e-01	5.582962e-01	-1.202530e+00	-1.161800e+00	-4.072947e-02
4.290000e-01	-5.597285e-01	5.574551e-01	-1.201578e+00	-1.160518e+00	-4.106069e-02
4.300000e-01	-5.588139e-01	5.565157e-01	-1.200447e+00	-1.159037e+00	-4.140942e-02
4.310000e-01	-5.578226e-01	5.555032e-01	-1.199230e+00	-1.157437e+00	-4.179224e-02
4.320000e-01	-5.567418e-01	5.544100e-01	-1.197844e+00	-1.155664e+00	-4.218038e-02
4.330000e-01	-5.555850e-01	5.532381e-01	-1.196382e+00	-1.153776e+00	-4.260591e-02
4.340000e-01	-5.543060e-01	5.519460e-01	-1.194703e+00	-1.151658e+00	-4.304567e-02
4.350000e-01	-5.529236e-01	5.505427e-01	-1.192913e+00	-1.149380e+00	-4.353283e-02
4.360000e-01	-5.514154e-01	5.490112e-01	-1.190915e+00	-1.146873e+00	-4.404194e-02
4.370000e-01	-5.498444e-01	5.474103e-01	-1.188852e+00	-1.144270e+00	-4.458152e-02
4.380000e-01	-5.481906e-01	5.457286e-01	-1.186632e+00	-1.141506e+00	-4.512529e-02
4.390000e-01	-5.464962e-01	5.439958e-01	-1.184384e+00	-1.138688e+00	-4.569569e-02
4.400000e-01	-5.447556e-01	5.422103e-01	-1.182057e+00	-1.135784e+00	-4.627271e-02
4.410000e-01	-5.430227e-01	5.404174e-01	-1.179793e+00	-1.132919e+00	-4.687392e-02
4.420000e-01	-5.412920e-01	5.386145e-01	-1.177533e+00	-1.130058e+00	-4.747436e-02
4.430000e-01	-5.396086e-01	5.368437e-01	-1.175394e+00	-1.127306e+00	-4.808865e-02
4.440000e-01	-5.379614e-01	5.351019e-01	-1.173302e+00	-1.124612e+00	-4.868940e-02
4.450000e-01	-5.363771e-01	5.334111e-01	-1.171366e+00	-1.122060e+00	-4.930614e-02
4.460000e-01	-5.348848e-01	5.318077e-01	-1.169572e+00	-1.119671e+00	-4.990105e-02
4.470000e-01	-5.334932e-01	5.302970e-01	-1.167979e+00	-1.117483e+00	-5.049651e-02
4.480000e-01	-5.322055e-01	5.288810e-01	-1.166563e+00	-1.115487e+00	-5.107575e-02
4.490000e-01	-5.310029e-01	5.275332e-01	-1.165350e+00	-1.113678e+00	-5.167234e-02
4.500000e-01	-5.298713e-01	5.262432e-01	-1.164280e+00	-1.112011e+00	-5.226860e-02
4.510000e-01	-5.288275e-01	5.250224e-01	-1.163422e+00	-1.110539e+00	-5.288372e-02
4.520000e-01	-5.278640e-01	5.238727e-01	-1.162718e+00	-1.109223e+00	-5.349481e-02
4.530000e-01	-5.269828e-01	5.227931e-01	-1.162212e+00	-1.108089e+00	-5.412331e-02
4.540000e-01	-5.261785e-01	5.217895e-01	-1.161845e+00	-1.107101e+00	-5.474404e-02
4.550000e-01	-5.254670e-01	5.208754e-01	-1.161683e+00	-1.106308e+00	-5.537434e-02
4.560000e-01	-5.248399e-01	5.200526e-01	-1.161655e+00	-1.105667e+00	-5.598751e-02
4.570000e-01	-5.242898e-01	5.193058e-01	-1.161797e+00	-1.105188e+00	-5.660884e-02
4.580000e-01	-5.237710e-01	5.185913e-01	-1.162003e+00	-1.104772e+00	-5.723037e-02
4.590000e-01	-5.232558e-01	5.178694e-01	-1.162278e+00	-1.104395e+00	-5.788328e-02
4.600000e-01	-5.227420e-01	5.171422e-01	-1.162583e+00	-1.104034e+00	-5.854964e-02
4.610000e-01	-5.222386e-01	5.164145e-01	-1.162962e+00	-1.103719e+00	-5.924221e-02
4.620000e-01	-5.217400e-01	5.156825e-01	-1.163362e+00	-1.103421e+00	-5.994118e-02
4.630000e-01	-5.212557e-01	5.149575e-01	-1.163829e+00	-1.103170e+00	-6.065893e-02
4.640000e-01	-5.207810e-01	5.142377e-01	-1.164311e+00	-1.102936e+00	-6.137450e-02
4.650000e-01	-5.203152e-01	5.135229e-01	-1.164839e+00	-1.102735e+00	-6.210429e-02
4.660000e-01	-5.198678e-01	5.128263e-01	-1.165397e+00	-1.102566e+00	-6.283058e-02
4.670000e-01	-5.194352e-01	5.121377e-01	-1.166000e+00	-1.102435e+00	-6.356503e-02
4.680000e-01	-5.190198e-01	5.114622e-01	-1.166628e+00	-1.102334e+00	-6.429396e-02
4.690000e-01	-5.186117e-01	5.107841e-01	-1.167293e+00	-1.102258e+00	-6.503461e-02
4.700000e-01	-5.182310e-01	5.101290e-01	-1.167995e+00	-1.102229e+00	-6.576660e-02
4.710000e-01	-5.178727e-01	5.094867e-01	-1.168754e+00	-1.102250e+00	-6.650453e-02
4.720000e-01	-5.175776e-01	5.089086e-01	-1.169600e+00	-1.102378e+00	-6.722240e-02
4.730000e-01	-5.173336e-01	5.083770e-01	-1.170539e+00	-1.102603e+00	-6.793571e-02
4.740000e-01	-5.171645e-01	5.079219e-01	-1.171581e+00	-1.102955e+00	-6.862611e-02
4.750000e-01	-5.170416e-01	5.075066e-01	-1.172718e+00	-1.103401e+00	-6.931753e-02
4.760000e-01	-5.169759e-01	5.071511e-01	-1.173937e+00	-1.103944e+00	-6.999235e-02
4.770000e-01	-5.169386e-01	5.068196e-01	-1.175225e+00	-1.104551e+00	-7.067389e-02
4.780000e-01	-5.169389e-01	5.065290e-01	-1.176562e+00	-1.105220e+00	-7.134199e-02
4.790000e-01	-5.169649e-01	5.062660e-01	-1.177950e+00	-1.105940e+00	-7.200996e-02
4.800000e-01	-5.170334e-01	5.060557e-01	-1.179379e+00	-1.106723e+00	-7.265607e-02
4.810000e-01	-5.171313e-01	5.058783e-01	-1.180866e+00	-1.107564e+00	-7.330164e-02
4.820000e-01	-5.172529e-01	5.057342e-01	-1.182360e+00	-1.108433e+00	-7.392694e-02
4.830000e-01	-5.173991e-01	5.056170e-01	-1.183905e+00	-1.109351e+00	-7.455318e-02
4.840000e-01	-5.175525e-01	5.055137e-01	-1.185439e+00	-1.110272e+00	-7.516685e-02
4.850000e-01	-5.177221e-01	5.054252e-01	-1.187021e+00	-1.111233e+00	-7.578842e-02
4.860000e-01	-5.178822e-01	5.053322e-01	-1.188567e+00	-1.112166e+00	-7.640128e-02
4.870000e-01	-5.180508e-01	5.052443e-01	-1.190151e+00	-1.113126e+00	-7.702454e-02
4.880000e-01	-5.182037e-01	5.051455e-01	-1.191683e+00	-1.114045e+00	-7.763785e-02
4.890000e-01	-5.183690e-01	5.050574e-01	-1.193253e+00	-1.114996e+00	-7.825742e-02
4.900000e-01	-5.185255e-01	5.049677e-01	-1.194775e+00	-1.115913e+00	-7.886213e-02
4.910000e-01	-5.187054e-01	5.048988e-01	-1.196347e+00	-1.116879e+00	-7.946801e-02
4.920000e-01	-5.188820e-01	5.048315e-01	-1.197875e+00	-1.117820e+00	-8.005568e-02
4.930000e-01	-5.190886e-01	5.047915e-01	-1.199467e+00	-1.118822e+00	-8.064480e-02
4.940000e-01	-5.193084e-01	5.047685e-01	-1.201037e+00	-1.119827e+00	-8.121021e-02
4.950000e-01	-5.195744e-01	5.047894e-01	-1.202692e+00	-1.120921e+00	-8.177184e-02
4.960000e-01	-5.198600e-01	5.048346e-01	-1.204339e+00	-1.122030e+00	-8.230946e-02
4.970000e-01	-5.202003e-01	5.049319e-01	-1.206080e+00	-1.123240e+00	-8.283983e-02
4.980000e-01	-5.205601e-01	5.050538e-01	-1.207813e+00	-1.124466e+00	-8.334618e-02
4.990000e-01	-5.209723e-01	5.052251e-01	-1.209640e+00	-1.125793e+00	-8.384787e-02
5.000000e-01	-5.214107e-01	5.054283e-01	-1.211465e+00	-1.127143e+00	-8.432196e-02
5.010000e-01	-5.219045e-01	5.056846e-01	-1.213387e+00	-1.128598e+00	-8.478903e-02
5.020000e-01	-5.224186e-01	5.059682e-01	-1.215300e+00	-1.130069e+00	-8.523140e-02
5.030000e-01	-5.229901e-01	5.063078e-01	-1.217312e+00	-1.131646e+00	-8.566595e-02
5.040000e-01	-5.235851e-01	5.066804e-01	-1.219316e+00	-1.133243e+00	-8.607278e-02
5.050000e-01	-5.242275e-01	5.071000e-01	-1.221407e+00	-1.134931e+00	-8.647598e-02
5.060000e-01	-5.248931e-01	5.075520e-01	-1.223497e+00	-1.136642e+00	-8.685540e-02
5.070000e-01	-5.256034e-01	5.080480e-01	-1.225664e+00	-1.138435e+00	-8.722844e-02
5.080000e-01	-5.263239e-01	5.085637e-01	-1.227814e+00	-1.140231e+00	-8.758314e-02
5.090000e-01	-5.270725e-01	5.091064e-01	-1.230018e+00	-1.142082e+00	-8.793664e-02
5.100000e-01	-5.278221e-01	5.096581e-01	-1.232190e+00	-1.143917e+00	-8.827295e-02
5.110000e-01	-5.285805e-01	5.102164e-01	-1.234387e+00	-1.145774e+00	-8.861277e-02
5.120000e-01	-5.293291e-01	5.107732e-01	-1.236536e+00	-1.147597e+00	-8.893871e-02
5.130000e-01	-5.300818e-01	5.113336e-01	-1.238696e+00	-1.149430e+00	-8.926603e-02
5.140000e-01	-5.308234e-01	5.118931e-01	-1.240801e+00	-1.151224e+00	-8.957719e-02
5.150000e-01	-5.315639e-01	5.124508e-01	-1.242904e+00	-1.153016e+00	-8.988812e-02
5.160000e-01	-5.322988e-01	5.130134e-01	-1.244958e+00	-1.154778e+00	-9.018012e-02
5.170000e-01	-5.330277e-01	5.135699e-01	-1.247003e+00	-1.156529e+00	-9.047378e-02
5.180000e-01	-5.337560e-01	5.141354e-01	-1.249004e+00	-1.158258e+00	-9.074580e-02
5.190000e-01	-5.344702e-01	5.146863e-01	-1.250982e+00	-1.159961e+00	-9.102072e-02
5.200000e-01	-5.351859e-01	5.152500e-01	-1.252921e+00	-1.161647e+00	-9.127467e-02
5.210000e-01	-5.358828e-01	5.157944e-01	-1.254823e+00	-1.163294e+00	-9.152857e-02
5.220000e-01	-5.365863e-01	5.163543e-01	-1.256694e+00	-1.164933e+00	-9.176059e-02
5.230000e-01	-5.372710e-01	5.168931e-01	-1.258533e+00	-1.166538e+00	-9.199557e-02
5.240000e-01	-5.379686e-01	5.174539e-01	-1.260355e+00	-1.168146e+00	-9.220879e-02
5.250000e-01	-5.386462e-01	5.179940e-01	-1.262137e+00	-1.169715e+00	-9.242247e-02
5.260000e-01	-5.393350e-01	5.185563e-01	-1.263896e+00	-1.171283e+00	-9.261322e-02
5.270000e-01	-5.400029e-01	5.190971e-01	-1.265614e+00	-1.172810e+00	-9.280409e-02
5.280000e-01	-5.406788e-01	5.196550e-01	-1.267303e+00	-1.174330e+00	-9.297255e-02
5.290000e-01	-5.413379e-01	5.201947e-01	-1.268959e+00	-1.175817e+00	-9.314142e-02
5.300000e-01	-5.420135e-01	5.207596e-01	-1.270602e+00	-1.177315e+00	-9.328768e-02
5.310000e-01	-5.426695e-01	5.213040e-01	-1.272208e+00	-1.178774e+00	-9.343460e-02
5.320000e-01	-5.433427e-01	5.218779e-01	-1.273796e+00	-1.180241e+00	-9.355541e-02
5.330000e-01	-5.439986e-01	5.224350e-01	-1.275347e+00	-1.181672e+00	-9.367490e-02
5.340000e-01	-5.446700e-01	5.230183e-01	-1.276880e+00	-1.183110e+00	-9.376977e-02
5.350000e-01	-5.453238e-01	5.235829e-01	-1.278374e+00	-1.184511e+00	-9.386316e-02
5.360000e-01	-5.459912e-01	5.241709e-01	-1.279851e+00	-1.185917e+00	-9.393419e-02
5.370000e-01	-5.466367e-01	5.247347e-01	-1.281289e+00	-1.187281e+00	-9.400776e-02
5.380000e-01	-5.472984e-01	5.253226e-01	-1.282710e+00	-1.188653e+00	-9.405670e-02
5.390000e-01	-5.479421e-01	5.258908e-01	-1.284099e+00	-1.189992e+00	-9.410763e-02
5.400000e-01	-5.485971e-01	5.264806e-01	-1.285464e+00	-1.191329e+00	-9.413499e-02
5.410000e-01	-5.492362e-01	5.270542e-01	-1.286794e+00	-1.192633e+00	-9.416078e-02
5.420000e-01	-5.498924e-01	5.276549e-01	-1.288107e+00	-1.193946e+00	-9.416114e-02
5.430000e-01	-5.505310e-01	5.282370e-01	-1.289386e+00	-1.195224e+00	-9.416194e-02
5.440000e-01	-5.511921e-01	5.288512e-01	-1.290662e+00	-1.196523e+00	-9.413877e-02
5.450000e-01	-5.518405e-01	5.294524e-01	-1.291908e+00	-1.197795e+00	-9.411351e-02
5.460000e-01	-5.525122e-01	5.300862e-01	-1.293154e+00	-1.199089e+00	-9.406499e-02
5.470000e-01	-5.531682e-01	5.307036e-01	-1.294363e+00	-1.200350e+00	-9.401340e-02
5.480000e-01	-5.538452e-01	5.313507e-01	-1.295571e+00	-1.201631e+00	-9.394053e-02
5.490000e-01	-5.545048e-01	5.319788e-01	-1.296740e+00	-1.202875e+00	-9.386523e-02
5.500000e-01	-5.551848e-01	5.326356e-01	-1.297905e+00	-1.204137e+00	-9.376785e-02
5.510000e-01	-5.558537e-01	5.332808e-01	-1.299045e+00	-1.205376e+00	-9.366864e-02
5.520000e-01	-5.565431e-01	5.339561e-01	-1.300181e+00	-1.206634e+00	-9.354738e-02
5.530000e-01	-5.572171e-01	5.346152e-01	-1.301283e+00	-1.207859e+00	-9.342446e-02
5.540000e-01	-5.579185e-01	5.353114e-01	-1.302395e+00	-1.209116e+00	-9.327916e-02
5.550000e-01	-5.586037e-01	5.359911e-01	-1.303477e+00	-1.210342e+00	-9.313457e-02
5.560000e-01	-5.593155e-01	5.367072e-01	-1.304564e+00	-1.211597e+00	-9.296646e-02
5.570000e-01	-5.600154e-01	5.374102e-01	-1.305626e+00	-1.212828e+00	-9.279745e-02
5.580000e-01	-5.607369e-01	5.381426e-01	-1.306690e+00	-1.214082e+00	-9.260818e-02
5.590000e-01	-5.614407e-01	5.388545e-01	-1.307727e+00	-1.215304e+00	-9.242300e-02
5.600000e-01	-5.621578e-01	5.395867e-01	-1.308755e+00	-1.216536e+00	-9.221986e-02
5.610000e-01	-5.628516e-01	5.402923e-01	-1.309745e+00	-1.217724e+00	-9.202092e-02
5.620000e-01	-5.635639e-01	5.410257e-01	-1.310730e+00	-1.218929e+00	-9.180113e-02
5.630000e-01	-5.642564e-01	5.417358e-01	-1.311688e+00	-1.220100e+00	-9.158758e-02
5.640000e-01	-5.649650e-01	5.424725e-01	-1.312640e+00	-1.221285e+00	-9.135494e-02
5.650000e-01	-5.656551e-01	5.431897e-01	-1.313564e+00	-1.222437e+00	-9.112677e-02
5.660000e-01	-5.663596e-01	5.439311e-01	-1.314466e+00	-1.223593e+00	-9.087334e-02
5.670000e-01	-5.670467e-01	5.446518e-01	-1.315342e+00	-1.224718e+00	-9.062428e-02
5.680000e-01	-5.677397e-01	5.453854e-01	-1.316189e+00	-1.225834e+00	-9.035493e-02
5.690000e-01	-5.684073e-01	5.460900e-01	-1.317001e+00	-1.226908e+00	-9.009331e-02
5.700000e-01	-5.690898e-01	5.468188e-01	-1.317802e+00	-1.227991e+00	-8.981125e-02
5.710000e-01	-5.697430e-01	5.475149e-01	-1.318562e+00	-1.229024e+00	-8.953813e-02
5.720000e-01	-5.704126e-01	5.482384e-01	-1.319310e+00	-1.230068e+00	-8.924251e-02
5.730000e-01	-5.710582e-01	5.489344e-01	-1.320028e+00	-1.231072e+00	-8.895574e-02
5.740000e-01	-5.717269e-01	5.496638e-01	-1.320746e+00	-1.232100e+00	-8.864586e-02
5.750000e-01	-5.723557e-01	5.503503e-01	-1.321400e+00	-1.233056e+00	-8.834416e-02
5.760000e-01	-5.730024e-01	5.510653e-01	-1.322045e+00	-1.234025e+00	-8.801999e-02
5.770000e-01	-5.736112e-01	5.517395e-01	-1.322629e+00	-1.234926e+00	-8.770335e-02
5.780000e-01	-5.742442e-01	5.524477e-01	-1.323219e+00	-1.235854e+00	-8.736508e-02
5.790000e-01	-5.748382e-01	5.531130e-01	-1.323748e+00	-1.236712e+00	-8.703592e-02
5.800000e-01	-5.754510e-01	5.538082e-01	-1.324272e+00	-1.237587e+00	-8.668491e-02
5.810000e-01	-5.760228e-01	5.544605e-01	-1.324729e+00	-1.238387e+00	-8.634155e-02
5.820000e-01	-5.766306e-01	5.551610e-01	-1.325200e+00	-1.239231e+00	-8.596960e-02
5.830000e-01	-5.772021e-01	5.558224e-01	-1.325618e+00	-1.240011e+00	-8.560673e-02
5.840000e-01	-5.778065e-01	5.565275e-01	-1.326056e+00	-1.240835e+00	-8.522167e-02
5.850000e-01	-5.783700e-01	5.571900e-01	-1.326423e+00	-1.241581e+00	-8.484139e-02
5.860000e-01	-5.789604e-01	5.578904e-01	-1.326801e+00	-1.242361e+00	-8.443994e-02
5.870000e-01	-5.795076e-01	5.585448e-01	-1.327109e+00	-1.243062e+00	-8.404695e-02
5.880000e-01	-5.800834e-01	5.592377e-01	-1.327435e+00	-1.243801e+00	-8.363382e-02
5.890000e-01	-5.806129e-01	5.598822e-01	-1.327682e+00	-1.244454e+00	-8.322833e-02
5.900000e-01	-5.811717e-01	5.605652e-01	-1.327950e+00	-1.245146e+00	-8.280309e-02
5.910000e-01	-5.816817e-01	5.611977e-01	-1.328133e+00	-1.245748e+00	-8.238481e-02
5.920000e-01	-5.822346e-01	5.618829e-01	-1.328355e+00	-1.246412e+00	-8.194306e-02
5.930000e-01	-5.827459e-01	5.625262e-01	-1.328508e+00	-1.247000e+00	-8.150804e-02
5.940000e-01	-5.832964e-01	5.632197e-01	-1.328697e+00	-1.247645e+00	-8.105185e-02
5.950000e-01	-5.837961e-01	5.638610e-01	-1.328799e+00	-1.248195e+00	-8.060322e-02
5.960000e-01	-5.843318e-01	5.645484e-01	-1.328933e+00	-1.248798e+00	-8.013452e-02
5.970000e-01	-5.848145e-01	5.651777e-01	-1.328989e+00	-1.249309e+00	-7.968008e-02
5.980000e-01	-5.853378e-01	5.658569e-01	-1.329091e+00	-1.249883e+00	-7.920761e-02
5.990000e-01	-5.858162e-01	5.664892e-01	-1.329113e+00	-1.250373e+00	-7.874045e-02
6.000000e-01	-5.863352e-01	5.671729e-01	-1.329170e+00	-1.250920e+00	-7.824984e-02
6.010000e-01	-5.868174e-01	5.678190e-01	-1.329159e+00	-1.251397e+00	-7.776222e-02
6.020000e-01	-5.873465e-01	5.685204e-01	-1.329190e+00	-1.251941e+00	-7.724832e-02
6.030000e-01	-5.878280e-01	5.691714e-01	-1.329144e+00	-1.252400e+00	-7.674379e-02
6.040000e-01	-5.883488e-01	5.698697e-01	-1.329134e+00	-1.252916e+00	-7.621802e-02
6.050000e-01	-5.888323e-01	5.705285e-01	-1.329060e+00	-1.253362e+00	-7.569778e-02
6.060000e-01	-5.893614e-01	5.712414e-01	-1.329034e+00	-1.253878e+00	-7.515560e-02
6.070000e-01	-5.898514e-01	5.719128e-01	-1.328941e+00	-1.254322e+00	-7.461906e-02
6.080000e-01	-5.903979e-01	5.726511e-01	-1.328909e+00	-1.254852e+00	-7.405643e-02
6.090000e-01	-5.909108e-01	5.733533e-01	-1.328825e+00	-1.255323e+00	-7.350163e-02
6.100000e-01	-5.914688e-01	5.741096e-01	-1.328784e+00	-1.255861e+00	-7.292317e-02
6.110000e-01	-5.919944e-01	5.748305e-01	-1.328687e+00	-1.256338e+00	-7.234894e-02
6.120000e-01	-5.925601e-01	5.755985e-01	-1.328633e+00	-1.256877e+00	-7.175667e-02
6.130000e-01	-5.930791e-01	5.763159e-01	-1.328509e+00	-1.257334e+00	-7.117547e-02
6.140000e-01	-5.936282e-01	5.770721e-01	-1.328405e+00	-1.257831e+00	-7.057426e-02
6.150000e-01	-5.941259e-01	5.777770e-01	-1.328212e+00	-1.258232e+00	-6.997995e-02
6.160000e-01	-5.946492e-01	5.785162e-01	-1.328033e+00	-1.258666e+00	-6.936759e-02
6.170000e-01	-5.951220e-01	5.792013e-01	-1.327775e+00	-1.259010e+00	-6.876550e-02
6.180000e-01	-5.956193e-01	5.799188e-01	-1.327521e+00	-1.259380e+00	-6.814123e-02
6.190000e-01	-5.960717e-01	5.805895e-01	-1.327188e+00	-1.259665e+00	-6.752217e-02
6.200000e-01	-5.965453e-01	5.812935e-01	-1.326849e+00	-1.259970e+00	-6.687934e-02
6.210000e-01	-5.969715e-01	5.819505e-01	-1.326432e+00	-1.260188e+00	-6.624455e-02
6.220000e-01	-5.974053e-01	5.826261e-01	-1.325986e+00	-1.260398e+00	-6.558779e-02
6.230000e-01	-5.977864e-01	5.832480e-01	-1.325453e+00	-1.260513e+00	-6.494034e-02
6.240000e-01	-5.981749e-01	5.838849e-01	-1.324908e+00	-1.260629e+00	-6.427900e-02
6.250000e-01	-5.985015e-01	5.844582e-01	-1.324259e+00	-1.260631e+00	-6.362772e-02
6.260000e-01	-5.988292e-01	5.850405e-01	-1.323576e+00	-1.260617e+00	-6.295860e-02
6.270000e-01	-5.990944e-01	5.855612e-01	-1.322792e+00	-1.260490e+00	-6.230167e-02
6.280000e-01	-5.993553e-01	5.860873e-01	-1.321963e+00	-1.260337e+00	-6.162612e-02
6.290000e-01	-5.995597e-01	5.865585e-01	-1.321042e+00	-1.260081e+00	-6.096133e-02
6.300000e-01	-5.997619e-01	5.870355e-01	-1.320086e+00	-1.259805e+00	-6.028103e-02
6.310000e-01	-5.998870e-01	5.874363e-01	-1.319010e+00	-1.259392e+00	-5.961812e-02
6.320000e-01	-6.000001e-01	5.878319e-01	-1.317885e+00	-1.258943e+00	-5.894245e-02
6.330000e-01	-6.000355e-01	5.881517e-01	-1.316635e+00	-1.258353e+00	-5.828180e-02
6.340000e-01	-6.000487e-01	5.884571e-01	-1.315318e+00	-1.257708e+00	-5.761025e-02
6.350000e-01	-5.999800e-01	5.886831e-01	-1.313869e+00	-1.256914e+00	-5.695439e-02
6.360000e-01	-5.998988e-01	5.889035e-01	-1.312372e+00	-1.256085e+00	-5.628701e-02
6.370000e-01	-5.997354e-01	5.890446e-01	-1.310740e+00	-1.255106e+00	-5.563469e-02
6.380000e-01	-5.995547e-01	5.891753e-01	-1.309051e+00	-1.254080e+00	-5.497082e-02
6.390000e-01	-5.992770e-01	5.892119e-01	-1.307211e+00	-1.252882e+00	-5.432830e-02
6.400000e-01	-5.989980e-01	5.892550e-01	-1.305344e+00	-1.251670e+00	-5.367389e-02
6.410000e-01	-5.986379e-01	5.892198e-01	-1.303359e+00	-1.250317e+00	-5.304147e-02
6.420000e-01	-5.982791e-01	5.891912e-01	-1.301358e+00	-1.248958e+00	-5.239983e-02
6.430000e-01	-5.978378e-01	5.890772e-01	-1.299239e+00	-1.247457e+00	-5.178164e-02
6.440000e-01	-5.973999e-01	5.889683e-01	-1.297112e+00	-1.245956e+00	-5.115627e-02
6.450000e-01	-5.968870e-01	5.887809e-01	-1.294890e+00	-1.244332e+00	-5.055807e-02
6.460000e-01	-5.963620e-01	5.885815e-01	-1.292637e+00	-1.242680e+00	-4.995640e-02
6.470000e-01	-5.957490e-01	5.882887e-01	-1.290278e+00	-1.240888e+00	-4.938987e-02
6.480000e-01	-5.951259e-01	5.879841e-01	-1.287908e+00	-1.239080e+00	-4.882798e-02
6.490000e-01	-5.944248e-01	5.875943e-01	-1.285442e+00	-1.237146e+00	-4.829594e-02
6.500000e-01	-5.937307e-01	5.872086e-01	-1.282989e+00	-1.235225e+00	-4.776362e-02
6.510000e-01	-5.929792e-01	5.867557e-01	-1.280477e+00	-1.233217e+00	-4.725914e-02
6.520000e-01	-5.922506e-01	5.863214e-01	-1.278003e+00	-1.231252e+00	-4.675092e-02
6.530000e-01	-5.914689e-01	5.858216e-01	-1.275484e+00	-1.229211e+00	-4.627319e-02
6.540000e-01	-5.907218e-01	5.853475e-01	-1.273038e+00	-1.227241e+00	-4.579705e-02
6.550000e-01	-5.899430e-01	5.848274e-01	-1.270579e+00	-1.225232e+00	-4.534633e-02
6.560000e-01	-5.892126e-01	5.843479e-01	-1.268211e+00	-1.223318e+00	-4.489299e-02
6.570000e-01	-5.884525e-01	5.838226e-01	-1.265846e+00	-1.221375e+00	-4.447042e-02
6.580000e-01	-5.877543e-01	5.833503e-01	-1.263594e+00	-1.219551e+00	-4.404293e-02
6.590000e-01	-5.870463e-01	5.828506e-01	-1.261388e+00	-1.217740e+00	-4.364767e-02
6.600000e-01	-5.863935e-01	5.823971e-01	-1.259288e+00	-1.216038e+00	-4.325056e-02
6.610000e-01	-5.857410e-01	5.819242e-01	-1.257257e+00	-1.214369e+00	-4.288738e-02
6.620000e-01	-5.851398e-01	5.814922e-01	-1.255339e+00	-1.212809e+00	-4.252967e-02
6.630000e-01	-5.845322e-01	5.810348e-01	-1.253477e+00	-1.211271e+00	-4.220654e-02
6.640000e-01	-5.839635e-01	5.806072e-01	-1.251706e+00	-1.209816e+00	-4.188937e-02
6.650000e-01	-5.833978e-01	5.801674e-01	-1.250001e+00	-1.208398e+00	-4.160289e-02
6.660000e-01	-5.828841e-01	5.797745e-01	-1.248405e+00	-1.207086e+00	-4.131828e-02
6.670000e-01	-5.823778e-01	5.793743e-01	-1.246883e+00	-1.205819e+00	-4.106390e-02
6.680000e-01	-5.819171e-01	5.790174e-01	-1.245462e+00	-1.204648e+00	-4.081386e-02
6.690000e-01	-5.814558e-01	5.786477e-01	-1.244108e+00	-1.203510e+00	-4.059810e-02
6.700000e-01	-5.810248e-01	5.783061e-01	-1.242821e+00	-1.202435e+00	-4.038579e-02
6.710000e-01	-5.805823e-01	5.779423e-01	-1.241582e+00	-1.201373e+00	-4.020884e-02
6.720000e-01	-5.801435e-01	5.775799e-01	-1.240377e+00	-1.200332e+00	-4.004478e-02
6.730000e-01	-5.796743e-01	5.771756e-01	-1.239185e+00	-1.199267e+00	-3.991820e-02
6.740000e-01	-5.791907e-01	5.767577e-01	-1.237979e+00	-1.198180e+00	-3.979861e-02
6.750000e-01	-5.786577e-01	5.762790e-01	-1.236760e+00	-1.197037e+00	-3.972209e-02
6.760000e-01	-5.781015e-01	5.757774e-01	-1.235510e+00	-1.195856e+00	-3.965331e-02
6.770000e-01	-5.775082e-01	5.752332e-01	-1.234243e+00	-1.194630e+00	-3.961327e-02
6.780000e-01	-5.768913e-01	5.746662e-01	-1.232947e+00	-1.193365e+00	-3.958201e-02
6.790000e-01	-5.762297e-01	5.740471e-01	-1.231623e+00	-1.192041e+00	-3.958192e-02
6.800000e-01	-5.755548e-01	5.734146e-01	-1.230282e+00	-1.190696e+00	-3.958612e-02
6.810000e-01	-5.748294e-01	5.727245e-01	-1.228899e+00	-1.189279e+00	-3.962020e-02
6.820000e-01	-5.740881e-01	5.720162e-01	-1.227497e+00	-1.187837e+00	-3.966049e-02
6.830000e-01	-5.732934e-01	5.712427e-01	-1.226052e+00	-1.186319e+00	-3.973259e-02
6.840000e-01	-5.724966e-01	5.704642e-01	-1.224606e+00	-1.184800e+00	-3.980660e-02
6.850000e-01	-5.716699e-01	5.696461e-01	-1.223145e+00	-1.183242e+00	-3.990254e-02
6.860000e-01	-5.708641e-01	5.688432e-01	-1.221721e+00	-1.181724e+00	-3.999632e-02
6.870000e-01	-5.700287e-01	5.679988e-01	-1.220295e+00	-1.180176e+00	-4.011874e-02
6.880000e-01	-5.692105e-01	5.671643e-01	-1.218892e+00	-1.178657e+00	-4.023562e-02
6.890000e-01	-5.683618e-01	5.662865e-01	-1.217481e+00	-1.177102e+00	-4.037856e-02
6.900000e-01	-5.675547e-01	5.654473e-01	-1.216113e+00	-1.175611e+00	-4.050200e-02
6.910000e-01	-5.667613e-01	5.646147e-01	-1.214791e+00	-1.174157e+00	-4.063441e-02
6.920000e-01	-5.660130e-01	5.638245e-01	-1.213532e+00	-1.172779e+00	-4.075304e-02
6.930000e-01	-5.652568e-01	5.630193e-01	-1.212298e+00	-1.171406e+00	-4.089207e-02
6.940000e-01	-5.645582e-01	5.622712e-01	-1.211144e+00	-1.170130e+00	-4.101391e-02
6.950000e-01	-5.638705e-01	5.615286e-01	-1.210053e+00	-1.168897e+00	-4.115616e-02
6.960000e-01	-5.632569e-01	5.608624e-01	-1.209074e+00	-1.167794e+00	-4.128031e-02
6.970000e-01	-5.626683e-01	5.602217e-01	-1.208171e+00	-1.166754e+00	-4.141729e-02
6.980000e-01	-5.621129e-01	5.596125e-01	-1.207329e+00	-1.165778e+00	-4.155188e-02
6.990000e-01	-5.615496e-01	5.589963e-01	-1.206514e+00	-1.164807e+00	-4.170763e-02
7.000000e-01	-5.609899e-01	5.583845e-01	-1.205719e+00	-1.163849e+00	-4.186946e-02
7.010000e-01	-5.603796e-01	5.577210e-01	-1.204889e+00	-1.162824e+00	-4.206466e-02
7.020000e-01	-5.597763e-01	5.570741e-01	-1.204064e+00	-1.161808e+00	-4.225584e-02
7.030000e-01	-5.591126e-01	5.563703e-01	-1.203178e+00	-1.160701e+00	-4.247620e-02
7.040000e-01	-5.584321e-01	5.556596e-01	-1.202264e+00	-1.159564e+00	-4.269976e-02
7.050000e-01	-5.576848e-01	5.548930e-01	-1.201260e+00	-1.158315e+00	-4.294533e-02
7.060000e-01	-5.569124e-01	5.541113e-01	-1.200209e+00	-1.157017e+00	-4.319209e-02
7.070000e-01	-5.560291e-01	5.532229e-01	-1.199008e+00	-1.155533e+00	-4.347480e-02
7.080000e-01	-5.551128e-01	5.523067e-01	-1.197754e+00	-1.153990e+00	-4.376416e-02
7.090000e-01	-5.540720e-01	5.512655e-01	-1.196337e+00	-1.152240e+00	-4.409640e-02
7.100000e-01	-5.529963e-01	5.501892e-01	-1.194868e+00	-1.150430e+00	-4.443776e-02
7.110000e-01	-5.517894e-01	5.489800e-01	-1.193218e+00	-1.148399e+00	-4.481977e-02
7.120000e-01	-5.505337e-01	5.477193e-01	-1.191480e+00	-1.146274e+00	-4.520623e-02
7.130000e-01	-5.491678e-01	5.463470e-01	-1.189560e+00	-1.143948e+00	-4.561227e-02
7.140000e-01	-5.477748e-01	5.449400e-01	-1.187599e+00	-1.141574e+00	-4.602469e-02
7.150000e-01	-5.462849e-01	5.434265e-01	-1.185512e+00	-1.139041e+00	-4.647129e-02
7.160000e-01	-5.448160e-01	5.419212e-01	-1.183476e+00	-1.136554e+00	-4.692212e-02
7.170000e-01	-5.433107e-01	5.403691e-01	-1.181406e+00	-1.134014e+00	-4.739208e-02
7.180000e-01	-5.418722e-01	5.388723e-01	-1.179455e+00	-1.131600e+00	-4.785514e-02
7.190000e-01	-5.404337e-01	5.373679e-01	-1.177523e+00	-1.129195e+00	-4.832796e-02
7.200000e-01	-5.390503e-01	5.359073e-01	-1.175694e+00	-1.126897e+00	-4.879656e-02
7.210000e-01	-5.376837e-01	5.344566e-01	-1.173921e+00	-1.124644e+00	-4.927674e-02
7.220000e-01	-5.364085e-01	5.330869e-01	-1.172310e+00	-1.122564e+00	-4.974657e-02
7.230000e-01	-5.351757e-01	5.317489e-01	-1.170813e+00	-1.120582e+00	-5.023057e-02
7.240000e-01	-5.340623e-01	5.305247e-01	-1.169524e+00	-1.118824e+00	-5.069990e-02
7.250000e-01	-5.330330e-01	5.293754e-01	-1.168415e+00	-1.117241e+00	-5.117441e-02
7.260000e-01	-5.321211e-01	5.283371e-01	-1.167521e+00	-1.115881e+00	-5.163924e-02
7.270000e-01	-5.312813e-01	5.273650e-01	-1.166792e+00	-1.114677e+00	-5.211489e-02
7.280000e-01	-5.305431e-01	5.264877e-01	-1.166259e+00	-1.113672e+00	-5.258619e-02
7.290000e-01	-5.298456e-01	5.256415e-01	-1.165864e+00	-1.112778e+00	-5.308637e-02
7.300000e-01	-5.292269e-01	5.248669e-01	-1.165623e+00	-1.112039e+00	-5.358484e-02
7.310000e-01	-5.286021e-01	5.240762e-01	-1.165437e+00	-1.111321e+00	-5.411664e-02
7.320000e-01	-5.280473e-01	5.233519e-01	-1.165376e+00	-1.110735e+00	-5.464069e-02
7.330000e-01	-5.274883e-01	5.226190e-01	-1.165357e+00	-1.110167e+00	-5.519006e-02
7.340000e-01	-5.269816e-01	5.219397e-01	-1.165428e+00	-1.109696e+00	-5.573240e-02
7.350000e-01	-5.264575e-01	5.212418e-01	-1.165526e+00	-1.109221e+00	-5.630570e-02
7.360000e-01	-5.259805e-01	5.205891e-01	-1.165717e+00	-1.108839e+00	-5.687818e-02
7.370000e-01	-5.254730e-01	5.198995e-01	-1.165912e+00	-1.108429e+00	-5.748308e-02
7.380000e-01	-5.250000e-01	5.192391e-01	-1.166175e+00	-1.108088e+00	-5.808776e-02
7.390000e-01	-5.244921e-01	5.185395e-01	-1.166424e+00	-1.107704e+00	-5.872002e-02
7.400000e-01	-5.240014e-01	5.178520e-01	-1.166699e+00	-1.107351e+00	-5.934821e-02
7.410000e-01	-5.234724e-01	5.171215e-01	-1.166951e+00	-1.106948e+00	-6.000330e-02
7.420000e-01	-5.229712e-01	5.164152e-01	-1.167244e+00	-1.106593e+00	-6.065086e-02
7.430000e-01	-5.224403e-01	5.156739e-01	-1.167526e+00	-1.106203e+00	-6.132285e-02
7.440000e-01	-5.219370e-01	5.149530e-01	-1.167854e+00	-1.105864e+00	-6.199024e-02
7.450000e-01	-5.214209e-01	5.142085e-01	-1.168204e+00	-1.105523e+00	-6.268110e-02
7.460000e-01	-5.209481e-01	5.134980e-01	-1.168622e+00	-1.105259e+00	-6.336287e-02
7.470000e-01	-5.204949e-01	5.128003e-01	-1.169098e+00	-1.105044e+00	-6.405401e-02
7.480000e-01	-5.201027e-01	5.121592e-01	-1.169648e+00	-1.104927e+00	-6.472118e-02
7.490000e-01	-5.197201e-01	5.115209e-01	-1.170242e+00	-1.104841e+00	-6.540108e-02
7.500000e-01	-5.194001e-01	5.109446e-01	-1.170921e+00	-1.104861e+00	-6.606043e-02
7.510000e-01	-5.191016e-01	5.103858e-01	-1.171665e+00	-1.104934e+00	-6.673107e-02
7.520000e-01	-5.188830e-01	5.099061e-01	-1.172521e+00	-1.105144e+00	-6.737772e-02
7.530000e-01	-5.187153e-01	5.094769e-01	-1.173483e+00	-1.105457e+00	-6.802625e-02
7.540000e-01	-5.186362e-01	5.091384e-01	-1.174567e+00	-1.105919e+00	-6.864715e-02
7.550000e-01	-5.185936e-01	5.088342e-01	-1.175733e+00	-1.106460e+00	-6.927299e-02
7.560000e-01	-5.186064e-01	5.085881e-01	-1.176976e+00	-1.107094e+00	-6.988135e-02
7.570000e-01	-5.186316e-01	5.083513e-01	-1.178267e+00	-1.107765e+00	-7.050190e-02
7.580000e-01	-5.186903e-01	5.081492e-01	-1.179601e+00	-1.108491e+00	-7.111034e-02
7.590000e-01	-5.187435e-01	5.079412e-01	-1.180952e+00	-1.109220e+00	-7.173264e-02
7.600000e-01	-5.188224e-01	5.077636e-01	-1.182329e+00	-1.109987e+00	-7.234230e-02
7.610000e-01	-5.189008e-01	5.075894e-01	-1.183720e+00	-1.110761e+00	-7.295912e-02
7.620000e-01	-5.189953e-01	5.074412e-01	-1.185113e+00	-1.111552e+00	-7.356139e-02
7.630000e-01	-5.190900e-01	5.072974e-01	-1.186513e+00	-1.112346e+00	-7.416628e-02
7.640000e-01	-5.191921e-01	5.071675e-01	-1.187899e+00	-1.113142e+00	-7.475736e-02
7.650000e-01	-5.192871e-01	5.070305e-01	-1.189284e+00	-1.113929e+00	-7.535479e-02
7.660000e-01	-5.193795e-01	5.068914e-01	-1.190649e+00	-1.114704e+00	-7.594488e-02
7.670000e-01	-5.194652e-01	5.067425e-01	-1.192018e+00	-1.115474e+00	-7.654383e-02
7.680000e-01	-5.195481e-01	5.065911e-01	-1.193367e+00	-1.116232e+00	-7.713522e-02
7.690000e-01	-5.196332e-01	5.064405e-01	-1.194730e+00	-1.116998e+00	-7.773163e-02
7.700000e-01	-5.197257e-01	5.062986e-01	-1.196076e+00	-1.117764e+00	-7.831238e-02
7.710000e-01	-5.198358e-01	5.061728e-01	-1.197456e+00	-1.118564e+00	-7.889225e-02
7.720000e-01	-5.199601e-01	5.060625e-01	-1.198827e+00	-1.119374e+00	-7.945348e-02
7.730000e-01	-5.201239e-01	5.059903e-01	-1.200266e+00	-1.120257e+00	-8.000913e-02
7.740000e-01	-5.203176e-01	5.059499e-01	-1.201721e+00	-1.121178e+00	-8.054287e-02
7.750000e-01	-5.205570e-01	5.059549e-01	-1.203254e+00	-1.122184e+00	-8.106984e-02
7.760000e-01	-5.208356e-01	5.060026e-01	-1.204813e+00	-1.123242e+00	-8.157081e-02
7.770000e-01	-5.211742e-01	5.061097e-01	-1.206468e+00	-1.124408e+00	-8.205973e-02
7.780000e-01	-5.215471e-01	5.062553e-01	-1.208145e+00	-1.125620e+00	-8.252558e-02
7.790000e-01	-5.219785e-01	5.064592e-01	-1.209919e+00	-1.126938e+00	-8.298123e-02
7.800000e-01	-5.224450e-01	5.067020e-01	-1.211720e+00	-1.128305e+00	-8.341503e-02
7.810000e-01	-5.229609e-01	5.069949e-01	-1.213607e+00	-1.129764e+00	-8.384259e-02
7.820000e-01	-5.235075e-01	5.073233e-01	-1.215509e+00	-1.131262e+00	-8.424719e-02
7.830000e-01	-5.240960e-01	5.076945e-01	-1.217484e+00	-1.132838e+00	-8.464611e-02
7.840000e-01	-5.247022e-01	5.080896e-01	-1.219456e+00	-1.134430e+00	-8.502576e-02
7.850000e-01	-5.253438e-01	5.085222e-01	-1.221490e+00	-1.136089e+00	-8.540119e-02
7.860000e-01	-5.260033e-01	5.089796e-01	-1.223519e+00	-1.137763e+00	-8.575629e-02
7.870000e-01	-5.266894e-01	5.094658e-01	-1.225596e+00	-1.139487e+00	-8.610869e-02
7.880000e-01	-5.273834e-01	5.099658e-01	-1.227653e+00	-1.141210e+00	-8.644331e-02
7.890000e-01	-5.280954e-01	5.104849e-01	-1.229745e+00	-1.142968e+00	-8.677733e-02
7.900000e-01	-5.287903e-01	5.109929e-01	-1.231778e+00	-1.144679e+00	-8.709877e-02
7.910000e-01	-5.294919e-01	5.115088e-01	-1.233822e+00	-1.146403e+00	-8.741909e-02
7.920000e-01	-5.301749e-01	5.120107e-01	-1.235801e+00	-1.148075e+00	-8.772548e-02
7.930000e-01	-5.308628e-01	5.125199e-01	-1.237788e+00	-1.149757e+00	-8.803117e-02
7.940000e-01	-5.315298e-01	5.130141e-01	-1.239704e+00	-1.151382e+00	-8.832210e-02
7.950000e-01	-5.322106e-01	5.135252e-01	-1.241638e+00	-1.153030e+00	-8.860839e-02
7.960000e-01	-5.328764e-01	5.140273e-01	-1.243511e+00	-1.154632e+00	-8.887901e-02
7.970000e-01	-5.335553e-01	5.145444e-01	-1.245396e+00	-1.156254e+00	-8.914292e-02
7.980000e-01	-5.342225e-01	5.150563e-01	-1.247224e+00	-1.157834e+00	-8.938940e-02
7.990000e-01	-5.349005e-01	5.155818e-01	-1.249058e+00	-1.159429e+00	-8.962826e-02
8.000000e-01	-5.355734e-01	5.161104e-01	-1.250844e+00	-1.160995e+00	-8.984844e-02
8.010000e-01	-5.362633e-01	5.166582e-01	-1.252653e+00	-1.162590e+00	-9.006297e-02
8.020000e-01	-5.369415e-01	5.172009e-01	-1.254404e+00	-1.164144e+00	-9.026068e-02
8.030000e-01	-5.376278e-01	5.177534e-01	-1.256165e+00	-1.165710e+00	-9.045463e-02
8.040000e-01	-5.383097e-01	5.183087e-01	-1.257875e+00	-1.167247e+00	-9.062772e-02
8.050000e-01	-5.390051e-01	5.188806e-01	-1.259598e+00	-1.168804e+00	-9.079389e-02
8.060000e-01	-5.396888e-01	5.194483e-01	-1.261262e+00	-1.170320e+00	-9.094243e-02
8.070000e-01	-5.403824e-01	5.200278e-01	-1.262941e+00	-1.171853e+00	-9.108829e-02
8.080000e-01	-5.410626e-01	5.206017e-01	-1.264559e+00	-1.173342e+00	-9.121672e-02
8.090000e-01	-5.417466e-01	5.211804e-01	-1.266179e+00	-1.174836e+00	-9.134272e-02
8.100000e-01	-5.424154e-01	5.217521e-01	-1.267731e+00	-1.176281e+00	-9.144998e-02
8.110000e-01	-5.430864e-01	5.223278e-01	-1.269279e+00	-1.177726e+00	-9.155303e-02
8.120000e-01	-5.437504e-01	5.229063e-01	-1.270766e+00	-1.179133e+00	-9.163270e-02
8.130000e-01	-5.444237e-01	5.234955e-01	-1.272264e+00	-1.180556e+00	-9.170829e-02
8.140000e-01	-5.450852e-01	5.240828e-01	-1.273697e+00	-1.181934e+00	-9.176313e-02
8.150000e-01	-5.457444e-01	5.246683e-01	-1.275122e+00	-1.183306e+00	-9.181685e-02
8.160000e-01	-5.463882e-01	5.252448e-01	-1.276483e+00	-1.184629e+00	-9.185313e-02
8.170000e-01	-5.470272e-01	5.258139e-01	-1.277834e+00	-1.185944e+00	-9.188990e-02
8.180000e-01	-5.476522e-01	5.263754e-01	-1.279117e+00	-1.187211e+00	-9.190614e-02
8.190000e-01	-5.482736e-01	5.269342e-01	-1.280385e+00	-1.188466e+00	-9.191918e-02
8.200000e-01	-5.488999e-01	5.275077e-01	-1.281619e+00	-1.189709e+00	-9.190941e-02
8.210000e-01	-5.495319e-01	5.280887e-01	-1.282854e+00	-1.190959e+00	-9.189502e-02
8.220000e-01	-5.501684e-01	5.286832e-01	-1.284053e+00	-1.192195e+00	-9.185813e-02
8.230000e-01	-5.508082e-01	5.292811e-01	-1.285251e+00	-1.193434e+00	-9.181719e-02
8.240000e-01	-5.514531e-01	5.298913e-01	-1.286412e+00	-1.194659e+00	-9.175263e-02
8.250000e-01	-5.521006e-01	5.305054e-01	-1.287571e+00	-1.195886e+00	-9.168501e-02
8.260000e-01	-5.527528e-01	5.311322e-01	-1.288693e+00	-1.197099e+00	-9.159368e-02
8.270000e-01	-5.534054e-01	5.317611e-01	-1.289816e+00	-1.198313e+00	-9.150260e-02
8.280000e-01	-5.540699e-01	5.324095e-01	-1.290918e+00	-1.199529e+00	-9.138883e-02
8.290000e-01	-5.547331e-01	5.330573e-01	-1.292014e+00	-1.200740e+00	-9.127414e-02
8.300000e-01	-5.554100e-01	5.337266e-01	-1.293088e+00	-1.201954e+00	-9.113410e-02
8.310000e-01	-5.560858e-01	5.343953e-01	-1.294160e+00	-1.203166e+00	-9.099426e-02
8.320000e-01	-5.567800e-01	5.350901e-01	-1.295225e+00	-1.204392e+00	-9.083228e-02
8.330000e-01	-5.574660e-01	5.357777e-01	-1.296272e+00	-1.205602e+00	-9.067009e-02
8.340000e-01	-5.581656e-01	5.364882e-01	-1.297301e+00	-1.206816e+00	-9.048471e-02
8.350000e-01	-5.588507e-01	5.371863e-01	-1.298307e+00	-1.208004e+00	-9.030302e-02
8.360000e-01	-5.595521e-01	5.379093e-01	-1.299301e+00	-1.209202e+00	-9.009815e-02
8.370000e-01	-5.602460e-01	5.386248e-01	-1.300285e+00	-1.210389e+00	-8.989669e-02
8.380000e-01	-5.609395e-01	5.393458e-01	-1.301234e+00	-1.211556e+00	-8.967734e-02
8.390000e-01	-5.616093e-01	5.400428e-01	-1.302148e+00	-1.212683e+00	-8.946486e-02
8.400000e-01	-5.622786e-01	5.407451e-01	-1.303026e+00	-1.213792e+00	-8.923452e-02
8.410000e-01	-5.629280e-01	5.414263e-01	-1.303875e+00	-1.214866e+00	-8.900965e-02
8.420000e-01	-5.635797e-01	5.421187e-01	-1.304689e+00	-1.215924e+00	-8.876458e-02
8.430000e-01	-5.642087e-01	5.427885e-01	-1.305468e+00	-1.216943e+00	-8.852533e-02
8.440000e-01	-5.648479e-01	5.434773e-01	-1.306228e+00	-1.217962e+00	-8.826600e-02
8.450000e-01	-5.654724e-01	5.441507e-01	-1.306967e+00	-1.218956e+00	-8.801089e-02
8.460000e-01	-5.661066e-01	5.448411e-01	-1.307689e+00	-1.219951e+00	-8.773772e-02
8.470000e-01	-5.667174e-01	5.455075e-01	-1.308374e+00	-1.220904e+00	-8.746972e-02
8.480000e-01	-5.673322e-01	5.461850e-01	-1.309034e+00	-1.221849e+00	-8.718477e-02
8.490000e-01	-5.679177e-01	5.468314e-01	-1.309648e+00	-1.222742e+00	-8.690615e-02
8.500000e-01	-5.685151e-01	5.474978e-01	-1.310244e+00	-1.223637e+00	-8.660708e-02
8.510000e-01	-5.690844e-01	5.481355e-01	-1.310798e+00	-1.224484e+00	-8.631479e-02
8.520000e-01	-5.696762e-01	5.488046e-01	-1.311355e+00	-1.225354e+00	-8.600137e-02
8.530000e-01	-5.702394e-01	5.494435e-01	-1.311866e+00	-1.226172e+00	-8.569354e-02
8.540000e-01	-5.708215e-01	5.501111e-01	-1.312375e+00	-1.227009e+00	-8.536603e-02
8.550000e-01	-5.713634e-01	5.507364e-01	-1.312821e+00	-1.227774e+00	-8.504725e-02
8.560000e-01	-5.719366e-01	5.514021e-01	-1.313282e+00	-1.228578e+00	-8.470461e-02
8.570000e-01	-5.724739e-01	5.520299e-01	-1.313685e+00	-1.229316e+00	-8.436857e-02
8.580000e-01	-5.730372e-01	5.526928e-01	-1.314097e+00	-1.230086e+00	-8.401130e-02
8.590000e-01	-5.735533e-01	5.533077e-01	-1.314431e+00	-1.230769e+00	-8.366199e-02
8.600000e-01	-5.740988e-01	5.539605e-01	-1.314785e+00	-1.231491e+00	-8.329377e-02
8.610000e-01	-5.745971e-01	5.545650e-01	-1.315065e+00	-1.232130e+00	-8.293551e-02
8.620000e-01	-5.751319e-01	5.552154e-01	-1.315373e+00	-1.232819e+00	-8.255470e-02
8.630000e-01	-5.756172e-01	5.558147e-01	-1.315599e+00	-1.233417e+00	-8.218215e-02
8.640000e-01	-5.761372e-01	5.564585e-01	-1.315847e+00	-1.234060e+00	-8.178612e-02
8.650000e-01	-5.766054e-01	5.570472e-01	-1.316014e+00	-1.234612e+00	-8.140149e-02
8.660000e-01	-5.771064e-01	5.576765e-01	-1.316206e+00	-1.235209e+00	-8.099660e-02
8.670000e-01	-5.775515e-01	5.582482e-01	-1.316313e+00	-1.235708e+00	-8.060510e-02
8.680000e-01	-5.780380e-01	5.588697e-01	-1.316466e+00	-1.236271e+00	-8.019492e-02
8.690000e-01	-5.784774e-01	5.594432e-01	-1.316541e+00	-1.236748e+00	-7.979323e-02
8.700000e-01	-5.789611e-01	5.600687e-01	-1.316667e+00	-1.237294e+00	-7.937232e-02
8.710000e-01	-5.793986e-01	5.606451e-01	-1.316727e+00	-1.237762e+00	-7.896515e-02
8.720000e-01	-5.798747e-01	5.612663e-01	-1.316829e+00	-1.238289e+00	-7.854005e-02
8.730000e-01	-5.803005e-01	5.618357e-01	-1.316851e+00	-1.238726e+00	-7.812483e-02
8.740000e-01	-5.807665e-01	5.624518e-01	-1.316918e+00	-1.239225e+00	-7.769230e-02
8.750000e-01	-5.811834e-01	5.630149e-01	-1.316906e+00	-1.239636e+00	-7.726950e-02
8.760000e-01	-5.816438e-01	5.636286e-01	-1.316938e+00	-1.240113e+00	-7.682517e-02
8.770000e-01	-5.820691e-01	5.642050e-01	-1.316915e+00	-1.240526e+00	-7.638823e-02
8.780000e-01	-5.825397e-01	5.648339e-01	-1.316934e+00	-1.241007e+00	-7.592749e-02
8.790000e-01	-5.829741e-01	5.654239e-01	-1.316896e+00	-1.241422e+00	-7.547409e-02
8.800000e-01	-5.834439e-01	5.660570e-01	-1.316887e+00	-1.241887e+00	-7.499956e-02
8.810000e-01	-5.838752e-01	5.666486e-01	-1.316820e+00	-1.242285e+00	-7.453485e-02
8.820000e-01	-5.843429e-01	5.672829e-01	-1.316791e+00	-1.242738e+00	-7.405249e-02
8.830000e-01	-5.847711e-01	5.678758e-01	-1.316708e+00	-1.243125e+00	-7.358286e-02
8.840000e-01	-5.852396e-01	5.685169e-01	-1.316664e+00	-1.243572e+00	-7.309250e-02
8.850000e-01	-5.856772e-01	5.691240e-01	-1.316574e+00	-1.243964e+00	-7.261004e-02
8.860000e-01	-5.861541e-01	5.697764e-01	-1.316524e+00	-1.244416e+00	-7.210804e-02
8.870000e-01	-5.865891e-01	5.703849e-01	-1.316405e+00	-1.244792e+00	-7.161357e-02
8.880000e-01	-5.870585e-01	5.710348e-01	-1.316322e+00	-1.245219e+00	-7.110226e-02
8.890000e-01	-5.874722e-01	5.716256e-01	-1.316155e+00	-1.245550e+00	-7.060543e-02
8.900000e-01	-5.879119e-01	5.722480e-01	-1.316009e+00	-1.245916e+00	-7.009249e-02
8.910000e-01	-5.882983e-01	5.728135e-01	-1.315784e+00	-1.246190e+00	-6.959385e-02
8.920000e-01	-5.887061e-01	5.734077e-01	-1.315573e+00	-1.246493e+00	-6.908059e-02
8.930000e-01	-5.890607e-01	5.739475e-01	-1.315274e+00	-1.246698e+00	-6.857652e-02
8.940000e-01	-5.894383e-01	5.745181e-01	-1.314981e+00	-1.246929e+00	-6.805216e-02
8.950000e-01	-5.897693e-01	5.750408e-01	-1.314604e+00	-1.247071e+00	-6.753273e-02
8.960000e-01	-5.901163e-01	5.755898e-01	-1.314213e+00	-1.247223e+00	-6.699036e-02
8.970000e-01	-5.904168e-01	5.760898e-01	-1.313744e+00	-1.247289e+00	-6.645541e-02
8.980000e-01	-5.907248e-01	5.766068e-01	-1.313251e+00	-1.247350e+00	-6.590066e-02
8.990000e-01	-5.909873e-01	5.770743e-01	-1.312684e+00	-1.247329e+00	-6.535485e-02
9.000000e-01	-5.912481e-01	5.775482e-01	-1.312085e+00	-1.247290e+00	-6.479423e-02
9.010000e-01	-5.914667e-01	5.779774e-01	-1.311422e+00	-1.247177e+00	-6.424415e-02
9.020000e-01	-5.916788e-01	5.784087e-01	-1.310710e+00	-1.247034e+00	-6.367630e-02
9.030000e-01	-5.918404e-01	5.787863e-01	-1.309914e+00	-1.246797e+00	-6.311664e-02
9.040000e-01	-5.919856e-01	5.791567e-01	-1.309059e+00	-1.246515e+00	-6.254393e-02
9.050000e-01	-5.920924e-01	5.794864e-01	-1.308140e+00	-1.246163e+00	-6.197783e-02
9.060000e-01	-5.921829e-01	5.798086e-01	-1.307172e+00	-1.245769e+00	-6.140284e-02
9.070000e-01	-5.922351e-01	5.800906e-01	-1.306145e+00	-1.245308e+00	-6.083766e-02
9.080000e-01	-5.922640e-01	5.803592e-01	-1.305055e+00	-1.244792e+00	-6.026351e-02
9.090000e-01	-5.922409e-01	5.805743e-01	-1.303886e+00	-1.244184e+00	-5.970203e-02
9.100000e-01	-5.921982e-01	5.807809e-01	-1.302648e+00	-1.243522e+00	-5.912607e-02
9.110000e-01	-5.921110e-01	5.809428e-01	-1.301340e+00	-1.242781e+00	-5.855923e-02
9.120000e-01	-5.919941e-01	5.810843e-01	-1.299946e+00	-1.241967e+00	-5.797875e-02
9.130000e-01	-5.918371e-01	5.811847e-01	-1.298488e+00	-1.241081e+00	-5.740695e-02
9.140000e-01	-5.916529e-01	5.812692e-01	-1.296953e+00	-1.240130e+00	-5.682369e-02
9.150000e-01	-5.914083e-01	5.812898e-01	-1.295330e+00	-1.239073e+00	-5.625663e-02
9.160000e-01	-5.911377e-01	5.812954e-01	-1.293639e+00	-1.237957e+00	-5.568186e-02
9.170000e-01	-5.908333e-01	5.812639e-01	-1.291904e+00	-1.236785e+00	-5.511847e-02
9.180000e-01	-5.905043e-01	5.812176e-01	-1.290104e+00	-1.235556e+00	-5.454761e-02
9.190000e-01	-5.901398e-01	5.811298e-01	-1.288269e+00	-1.234274e+00	-5.399492e-02
9.200000e-01	-5.897608e-01	5.810374e-01	-1.286389e+00	-1.232955e+00	-5.343365e-02
9.210000e-01	-5.893371e-01	5.808932e-01	-1.284458e+00	-1.231566e+00	-5.289167e-02
9.220000e-01	-5.888768e-01	5.807180e-01	-1.282455e+00	-1.230105e+00	-5.235096e-02
9.230000e-01	-5.883766e-01	5.804944e-01	-1.280420e+00	-1.228586e+00	-5.183324e-02
9.240000e-01	-5.878395e-01	5.802379e-01	-1.278317e+00	-1.226998e+00	-5.131879e-02
9.250000e-01	-5.872462e-01	5.799130e-01	-1.276153e+00	-1.225323e+00	-5.083048e-02
9.260000e-01	-5.866495e-01	5.795873e-01	-1.273977e+00	-1.223638e+00	-5.033889e-02
9.270000e-01	-5.860231e-01	5.792218e-01	-1.271779e+00	-1.221913e+00	-4.986662e-02
9.280000e-01	-5.853964e-01	5.788544e-01	-1.269583e+00	-1.220188e+00	-4.939494e-02
9.290000e-01	-5.847521e-01	5.784551e-01	-1.267394e+00	-1.218449e+00	-4.894499e-02
9.300000e-01	-5.841157e-01	5.780621e-01	-1.265221e+00	-1.216726e+00	-4.849469e-02
9.310000e-01	-5.834856e-01	5.776622e-01	-1.263095e+00	-1.215033e+00	-4.806178e-02
9.320000e-01	-5.828629e-01	5.772684e-01	-1.260981e+00	-1.213354e+00	-4.762784e-02
9.330000e-01	-5.822284e-01	5.768476e-01	-1.258893e+00	-1.211675e+00	-4.721810e-02
9.340000e-01	-5.816019e-01	5.764295e-01	-1.256830e+00	-1.210017e+00	-4.681282e-02
9.350000e-01	-5.809855e-01	5.760025e-01	-1.254837e+00	-1.208404e+00	-4.643281e-02
9.360000e-01	-5.804081e-01	5.756089e-01	-1.252919e+00	-1.206868e+00	-4.605159e-02
9.370000e-01	-5.798659e-01	5.752354e-01	-1.251108e+00	-1.205420e+00	-4.568819e-02
9.380000e-01	-5.793875e-01	5.749203e-01	-1.249418e+00	-1.204096e+00	-4.532142e-02
9.390000e-01	-5.789262e-01	5.746083e-01	-1.247811e+00	-1.202832e+00	-4.497933e-02
9.400000e-01	-5.785011e-01	5.743268e-01	-1.246289e+00	-1.201645e+00	-4.464316e-02
9.410000e-01	-5.780692e-01	5.740219e-01	-1.244816e+00	-1.200477e+00	-4.433874e-02
9.420000e-01	-5.776709e-01	5.737461e-01	-1.243419e+00	-1.199380e+00	-4.403842e-02
9.430000e-01	-5.772815e-01	5.734682e-01	-1.242089e+00	-1.198326e+00	-4.376302e-02
9.440000e-01	-5.769326e-01	5.732262e-01	-1.240849e+00	-1.197357e+00	-4.349169e-02
9.450000e-01	-5.765898e-01	5.729774e-01	-1.239678e+00	-1.196429e+00	-4.324905e-02
9.460000e-01	-5.762832e-01	5.727624e-01	-1.238586e+00	-1.195576e+00	-4.300977e-02
9.470000e-01	-5.759673e-01	5.725252e-01	-1.237547e+00	-1.194741e+00	-4.280628e-02
9.480000e-01	-5.756630e-01	5.722996e-01	-1.236544e+00	-1.193935e+00	-4.260879e-02
9.490000e-01	-5.753315e-01	5.720382e-01	-1.235554e+00	-1.193108e+00	-4.244554e-02
9.500000e-01	-5.749993e-01	5.717771e-01	-1.234576e+00	-1.192287e+00	-4.228872e-02
9.510000e-01	-5.746250e-01	5.714657e-01	-1.233589e+00	-1.191420e+00	-4.216959e-02
9.520000e-01	-5.742454e-01	5.711495e-01	-1.232595e+00	-1.190543e+00	-4.205224e-02
9.530000e-01	-5.738161e-01	5.707712e-01	-1.231583e+00	-1.189607e+00	-4.197528e-02
9.540000e-01	-5.733837e-01	5.703916e-01	-1.230560e+00	-1.188664e+00	-4.189618e-02
9.550000e-01	-5.729098e-01	5.699609e-01	-1.229519e+00	-1.187669e+00	-4.184976e-02
9.560000e-01	-5.724296e-01	5.695233e-01	-1.228460e+00	-1.186660e+00	-4.180036e-02
9.570000e-01	-5.719092e-01	5.690372e-01	-1.227397e+00	-1.185608e+00	-4.178917e-02
9.580000e-01	-5.713839e-01	5.685437e-01	-1.226315e+00	-1.184542e+00	-4.177387e-02
9.590000e-01	-5.708028e-01	5.679797e-01	-1.225205e+00	-1.183405e+00	-4.179984e-02
9.600000e-01	-5.702260e-01	5.674172e-01	-1.224095e+00	-1.182274e+00	-4.182173e-02
9.610000e-01	-5.696043e-01	5.667943e-01	-1.222966e+00	-1.181087e+00	-4.187877e-02
9.620000e-01	-5.689964e-01	5.661838e-01	-1.221836e+00	-1.179915e+00	-4.192170e-02
9.630000e-01	-5.683546e-01	5.655303e-01	-1.220694e+00	-1.178702e+00	-4.199256e-02
9.640000e-01	-5.677411e-01	5.649058e-01	-1.219574e+00	-1.177528e+00	-4.204572e-02
9.650000e-01	-5.670910e-01	5.642374e-01	-1.218424e+00	-1.176303e+00	-4.212080e-02
9.660000e-01	-5.664757e-01	5.636050e-01	-1.217303e+00	-1.175127e+00	-4.217591e-02
9.670000e-01	-5.658415e-01	5.629454e-01	-1.216179e+00	-1.173931e+00	-4.224825e-02
9.680000e-01	-5.652632e-01	5.623431e-01	-1.215134e+00	-1.172830e+00	-4.230393e-02
9.690000e-01	-5.646702e-01	5.617190e-01	-1.214108e+00	-1.171724e+00	-4.238371e-02
9.700000e-01	-5.641406e-01	5.611585e-01	-1.213180e+00	-1.170731e+00	-4.244936e-02
9.710000e-01	-5.635898e-01	5.605740e-01	-1.212260e+00	-1.169720e+00	-4.254035e-02
9.720000e-01	-5.630899e-01	5.600466e-01	-1.211410e+00	-1.168795e+00	-4.261509e-02
9.730000e-01	-5.625547e-01	5.594852e-01	-1.210541e+00	-1.167825e+00	-4.271586e-02
9.740000e-01	-5.620441e-01	5.589545e-01	-1.209706e+00	-1.166897e+00	-4.280881e-02
9.750000e-01	-5.614667e-01	5.583583e-01	-1.208808e+00	-1.165871e+00	-4.293726e-02
9.760000e-01	-5.608953e-01	5.577735e-01	-1.207923e+00	-1.164857e+00	-4.306604e-02
9.770000e-01	-5.602423e-01	5.571105e-01	-1.206947e+00	-1.163716e+00	-4.323111e-02
9.780000e-01	-5.595883e-01	5.564547e-01	-1.205970e+00	-1.162573e+00	-4.339694e-02
9.790000e-01	-5.588387e-01	5.557088e-01	-1.204867e+00	-1.161272e+00	-4.359471e-02
9.800000e-01	-5.580769e-01	5.549595e-01	-1.203740e+00	-1.159947e+00	-4.379316e-02
9.810000e-01	-5.572034e-01	5.541022e-01	-1.202461e+00	-1.158434e+00	-4.402700e-02
9.820000e-01	-5.562993e-01	5.532190e-01	-1.201138e+00	-1.156869e+00	-4.426981e-02
9.830000e-01	-5.552586e-01	5.521959e-01	-1.199630e+00	-1.155074e+00	-4.455668e-02
9.840000e-01	-5.541863e-01	5.511434e-01	-1.198072e+00	-1.153222e+00	-4.484955e-02
9.850000e-01	-5.529990e-01	5.499707e-01	-1.196362e+00	-1.151180e+00	-4.518200e-02
9.860000e-01	-5.517909e-01	5.487760e-01	-1.194604e+00	-1.149093e+00	-4.551105e-02
9.870000e-01	-5.504910e-01	5.474816e-01	-1.192716e+00	-1.146849e+00	-4.586676e-02
9.880000e-01	-5.491800e-01	5.461710e-01	-1.190786e+00	-1.144573e+00	-4.621278e-02
9.890000e-01	-5.478086e-01	5.447877e-01	-1.188777e+00	-1.142197e+00	-4.657994e-02
9.900000e-01	-5.464509e-01	5.434109e-01	-1.186790e+00	-1.139846e+00	-4.694385e-02
9.910000e-01	-5.450816e-01	5.420086e-01	-1.184820e+00	-1.137491e+00	-4.732826e-02
9.920000e-01	-5.437619e-01	5.406473e-01	-1.182943e+00	-1.135233e+00	-4.770959e-02
9.930000e-01	-5.424669e-01	5.392960e-01	-1.181158e+00	-1.133046e+00	-4.811230e-02
9.940000e-01	-5.412485e-01	5.380120e-01	-1.179512e+00	-1.131004e+00	-4.850732e-02
9.950000e-01	-5.400638e-01	5.367474e-01	-1.177963e+00	-1.129045e+00	-4.891785e-02
9.960000e-01	-5.389575e-01	5.355528e-01	-1.176549e+00	-1.127232e+00	-4.931702e-02
9.970000e-01	-5.379000e-01	5.343957e-01	-1.175255e+00	-1.125528e+00	-4.972748e-02
9.980000e-01	-5.369357e-01	5.333244e-01	-1.174132e+00	-1.124002e+00	-5.013020e-02
9.990000e-01	-5.360397e-01	5.323139e-01	-1.173166e+00	-1.122623e+00	-5.054334e-02
1.000000e+00	-5.352373e-01	5.313897e-01	-1.172385e+00	-1.121430e+00	-5.095504e-02
