# Force coefficients
# liftDir    : (0.000000e+00 1.000000e+00 0.000000e+00)
# dragDir    : (1.000000e+00 0.000000e+00 0.000000e+00)
# pitchAxis  : (0.000000e+00 0.000000e+00 1.000000e+00)
# magUInf    : 5.148000e+01
# lRef       : 4.530000e-01
# Aref       : 4.348800e-01
# CofR       : (0.000000e+00 0.000000e+00 0.000000e+00)
# Time       	Cm           	Cd           	Cl           	Cl(f)        	Cl(r)        	Cm	Cd	Cl	Cl(f)	Cl(r)
1.000000e-03	-1.405318e-03	1.535210e-03	-2.367931e-03	-2.589284e-03	2.213527e-04
2.000000e-03	-5.361610e-03	6.038280e-03	-9.569852e-03	-1.014654e-02	5.766841e-04
3.000000e-03	-7.895254e-03	8.930037e-03	-1.482905e-02	-1.530978e-02	4.807285e-04
4.000000e-03	-8.344593e-03	9.435292e-03	-1.654766e-02	-1.661842e-02	7.076065e-05
5.000000e-03	-7.952443e-03	8.927525e-03	-1.689093e-02	-1.639791e-02	-4.930220e-04
6.000000e-03	-7.819653e-03	8.594333e-03	-1.775762e-02	-1.669846e-02	-1.059158e-03
7.000000e-03	-8.260782e-03	8.816214e-03	-1.956898e-02	-1.804527e-02	-1.523709e-03
8.000000e-03	-9.545957e-03	9.946007e-03	-2.284387e-02	-2.096789e-02	-1.875976e-03
9.000000e-03	-1.141578e-02	1.173879e-02	-2.715645e-02	-2.499400e-02	-2.162448e-03
1.000000e-02	-1.343378e-02	1.373125e-02	-3.171962e-02	-2.929359e-02	-2.426026e-03
1.100000e-02	-1.520619e-02	1.547811e-02	-3.588479e-02	-3.314859e-02	-2.736204e-03
1.200000e-02	-1.687130e-02	1.713147e-02	-3.988834e-02	-3.681547e-02	-3.072872e-03
1.300000e-02	-1.839983e-02	1.863312e-02	-4.373115e-02	-4.026541e-02	-3.465741e-03
1.400000e-02	-1.992170e-02	2.012212e-02	-4.760010e-02	-4.372175e-02	-3.878355e-03
1.500000e-02	-2.164197e-02	2.182214e-02	-5.188164e-02	-4.758279e-02	-4.298844e-03
1.600000e-02	-2.383124e-02	2.401331e-02	-5.716423e-02	-5.241335e-02	-4.750879e-03
1.700000e-02	-2.643628e-02	2.662112e-02	-6.338560e-02	-5.812908e-02	-5.256516e-03
1.800000e-02	-2.940330e-02	2.957757e-02	-7.049349e-02	-6.465005e-02	-5.843444e-03
1.900000e-02	-3.247285e-02	3.260316e-02	-7.799881e-02	-7.147226e-02	-6.526554e-03
2.000000e-02	-3.551980e-02	3.557120e-02	-8.559426e-02	-7.831693e-02	-7.277327e-03
2.100000e-02	-3.843239e-02	3.836124e-02	-9.302106e-02	-8.494292e-02	-8.078143e-03
2.200000e-02	-4.118085e-02	4.094744e-02	-1.001925e-01	-9.127711e-02	-8.915399e-03
2.300000e-02	-4.390984e-02	4.348534e-02	-1.073506e-01	-9.758513e-02	-9.765446e-03
2.400000e-02	-4.682742e-02	4.620944e-02	-1.148842e-01	-1.042695e-01	-1.061469e-02
2.500000e-02	-5.008941e-02	4.928866e-02	-1.231235e-01	-1.116511e-01	-1.147231e-02
2.600000e-02	-5.374586e-02	5.278886e-02	-1.321637e-01	-1.198277e-01	-1.233599e-02
2.700000e-02	-5.779894e-02	5.670371e-02	-1.420932e-01	-1.288456e-01	-1.324767e-02
2.800000e-02	-6.211435e-02	6.089976e-02	-1.526497e-01	-1.384392e-01	-1.421049e-02
2.900000e-02	-6.652976e-02	6.520767e-02	-1.635050e-01	-1.482823e-01	-1.522274e-02
3.000000e-02	-7.094953e-02	6.952929e-02	-1.744880e-01	-1.581935e-01	-1.629447e-02
3.100000e-02	-7.540977e-02	7.390036e-02	-1.856082e-01	-1.682139e-01	-1.739432e-02
3.200000e-02	-7.988930e-02	7.830928e-02	-1.967656e-01	-1.782721e-01	-1.849351e-02
3.300000e-02	-8.446826e-02	8.282467e-02	-2.081118e-01	-1.885241e-01	-1.958762e-02
3.400000e-02	-8.921818e-02	8.752924e-02	-2.197603e-01	-1.990983e-01	-2.066199e-02
3.500000e-02	-9.417479e-02	9.245777e-02	-2.318028e-01	-2.100762e-01	-2.172659e-02
3.600000e-02	-9.932817e-02	9.760715e-02	-2.442270e-01	-2.214417e-01	-2.278533e-02
3.700000e-02	-1.047204e-01	1.030113e-01	-2.571822e-01	-2.333115e-01	-2.387068e-02
3.800000e-02	-1.102827e-01	1.086047e-01	-2.704671e-01	-2.455163e-01	-2.495080e-02
3.900000e-02	-1.160175e-01	1.143842e-01	-2.841434e-01	-2.580892e-01	-2.605416e-02
4.000000e-02	-1.219139e-01	1.203296e-01	-2.981783e-01	-2.710031e-01	-2.717523e-02
4.100000e-02	-1.279297e-01	1.263926e-01	-3.124488e-01	-2.841541e-01	-2.829465e-02
4.200000e-02	-1.340400e-01	1.325455e-01	-3.268733e-01	-2.974767e-01	-2.939661e-02
4.300000e-02	-1.402628e-01	1.388129e-01	-3.414180e-01	-3.109718e-01	-3.044617e-02
4.400000e-02	-1.465170e-01	1.451208e-01	-3.558502e-01	-3.244421e-01	-3.140808e-02
4.500000e-02	-1.527858e-01	1.514583e-01	-3.700861e-01	-3.378288e-01	-3.225730e-02
4.600000e-02	-1.590728e-01	1.578284e-01	-3.841486e-01	-3.511471e-01	-3.300155e-02
4.700000e-02	-1.653772e-01	1.642340e-01	-3.980290e-01	-3.643917e-01	-3.363734e-02
4.800000e-02	-1.716168e-01	1.705971e-01	-4.115327e-01	-3.773832e-01	-3.414948e-02
4.900000e-02	-1.777736e-01	1.768883e-01	-4.246915e-01	-3.901194e-01	-3.457210e-02
5.000000e-02	-1.838058e-01	1.830781e-01	-4.373777e-01	-4.024946e-01	-3.488311e-02
5.100000e-02	-1.896126e-01	1.890721e-01	-4.494065e-01	-4.143158e-01	-3.509070e-02
5.200000e-02	-1.950778e-01	1.947648e-01	-4.604581e-01	-4.253069e-01	-3.515121e-02
5.300000e-02	-2.000838e-01	2.000494e-01	-4.702632e-01	-4.352154e-01	-3.504783e-02
5.400000e-02	-2.045647e-01	2.048680e-01	-4.786189e-01	-4.438741e-01	-3.474472e-02
5.500000e-02	-2.084757e-01	2.091764e-01	-4.854481e-01	-4.511998e-01	-3.424837e-02
5.600000e-02	-2.118477e-01	2.130210e-01	-4.907513e-01	-4.572233e-01	-3.352800e-02
5.700000e-02	-2.148804e-01	2.165966e-01	-4.949745e-01	-4.623677e-01	-3.260684e-02
5.800000e-02	-2.176330e-01	2.199596e-01	-4.982129e-01	-4.667394e-01	-3.147347e-02
5.900000e-02	-2.201293e-01	2.231129e-01	-5.006245e-01	-4.704416e-01	-3.018296e-02
6.000000e-02	-2.222883e-01	2.259625e-01	-5.021335e-01	-4.733551e-01	-2.877841e-02
6.100000e-02	-2.241820e-01	2.285567e-01	-5.029712e-01	-4.756676e-01	-2.730365e-02
6.200000e-02	-2.258389e-01	2.309086e-01	-5.032765e-01	-4.774772e-01	-2.579937e-02
6.300000e-02	-2.272664e-01	2.330172e-01	-5.030986e-01	-4.788157e-01	-2.428294e-02
6.400000e-02	-2.284899e-01	2.349063e-01	-5.025308e-01	-4.797553e-01	-2.277555e-02
6.500000e-02	-2.296677e-01	2.367180e-01	-5.019695e-01	-4.806524e-01	-2.131704e-02
6.600000e-02	-2.307516e-01	2.383934e-01	-5.013733e-01	-4.814382e-01	-1.993505e-02
6.700000e-02	-2.318767e-01	2.400533e-01	-5.010876e-01	-4.824205e-01	-1.866717e-02
6.800000e-02	-2.329883e-01	2.416555e-01	-5.010313e-01	-4.835040e-01	-1.752738e-02
6.900000e-02	-2.340859e-01	2.431829e-01	-5.012337e-01	-4.847028e-01	-1.653090e-02
7.000000e-02	-2.351502e-01	2.446145e-01	-5.016417e-01	-4.859710e-01	-1.567067e-02
7.100000e-02	-2.362047e-01	2.459788e-01	-5.022301e-01	-4.873198e-01	-1.491034e-02
7.200000e-02	-2.373177e-01	2.473608e-01	-5.031162e-01	-4.888758e-01	-1.424043e-02
7.300000e-02	-2.387021e-01	2.489503e-01	-5.047982e-01	-4.911012e-01	-1.369700e-02
7.400000e-02	-2.404984e-01	2.508495e-01	-5.076943e-01	-4.943455e-01	-1.334879e-02
7.500000e-02	-2.427703e-01	2.531698e-01	-5.119463e-01	-4.987434e-01	-1.320290e-02
7.600000e-02	-2.454151e-01	2.557704e-01	-5.174925e-01	-5.041614e-01	-1.333112e-02
7.700000e-02	-2.484453e-01	2.586966e-01	-5.242747e-01	-5.105827e-01	-1.369205e-02
7.800000e-02	-2.519065e-01	2.619917e-01	-5.322753e-01	-5.180441e-01	-1.423118e-02
7.900000e-02	-2.556059e-01	2.655013e-01	-5.408858e-01	-5.260488e-01	-1.483706e-02
8.000000e-02	-2.594262e-01	2.691427e-01	-5.496544e-01	-5.342534e-01	-1.540107e-02
8.100000e-02	-2.627778e-01	2.723039e-01	-5.577537e-01	-5.416546e-01	-1.609906e-02
8.200000e-02	-2.658148e-01	2.751499e-01	-5.655296e-01	-5.485796e-01	-1.695001e-02
8.300000e-02	-2.685228e-01	2.776378e-01	-5.733644e-01	-5.552050e-01	-1.815942e-02
8.400000e-02	-2.706683e-01	2.795548e-01	-5.806892e-01	-5.610129e-01	-1.967628e-02
8.500000e-02	-2.718972e-01	2.804656e-01	-5.871679e-01	-5.654812e-01	-2.168673e-02
8.600000e-02	-2.724960e-01	2.807283e-01	-5.927756e-01	-5.688838e-01	-2.389183e-02
8.700000e-02	-2.730121e-01	2.809002e-01	-5.984348e-01	-5.722295e-01	-2.620533e-02
8.800000e-02	-2.737482e-01	2.813266e-01	-6.042029e-01	-5.758497e-01	-2.835326e-02
8.900000e-02	-2.750626e-01	2.823554e-01	-6.108926e-01	-5.805089e-01	-3.038375e-02
9.000000e-02	-2.765532e-01	2.836208e-01	-6.174758e-01	-5.852910e-01	-3.218471e-02
9.100000e-02	-2.779902e-01	2.848110e-01	-6.239527e-01	-5.899665e-01	-3.398615e-02
9.200000e-02	-2.792451e-01	2.857830e-01	-6.298382e-01	-5.941642e-01	-3.567394e-02
9.300000e-02	-2.808608e-01	2.870317e-01	-6.363922e-01	-5.990570e-01	-3.733527e-02
9.400000e-02	-2.831831e-01	2.889429e-01	-6.440060e-01	-6.051861e-01	-3.881992e-02
9.500000e-02	-2.864996e-01	2.917968e-01	-6.534813e-01	-6.132403e-01	-4.024099e-02
9.600000e-02	-2.905569e-01	2.954297e-01	-6.639683e-01	-6.225410e-01	-4.142726e-02
9.700000e-02	-2.952778e-01	2.997677e-01	-6.756085e-01	-6.330821e-01	-4.252644e-02
9.800000e-02	-3.002480e-01	3.044248e-01	-6.874918e-01	-6.439939e-01	-4.349785e-02
9.900000e-02	-3.052617e-01	3.091607e-01	-6.995224e-01	-6.550228e-01	-4.449952e-02
1.000000e-01	-3.101905e-01	3.138858e-01	-7.112329e-01	-6.658070e-01	-4.542595e-02
1.010000e-01	-3.150496e-01	3.185705e-01	-7.229412e-01	-6.765201e-01	-4.642104e-02
1.020000e-01	-3.198213e-01	3.231970e-01	-7.344030e-01	-6.870228e-01	-4.738018e-02
1.030000e-01	-3.244550e-01	3.276367e-01	-7.458410e-01	-6.973755e-01	-4.846553e-02
1.040000e-01	-3.288094e-01	3.317684e-01	-7.568498e-01	-7.072343e-01	-4.961545e-02
1.050000e-01	-3.328610e-01	3.354939e-01	-7.676250e-01	-7.166735e-01	-5.095152e-02
1.060000e-01	-3.364806e-01	3.387437e-01	-7.776925e-01	-7.253268e-01	-5.236571e-02
1.070000e-01	-3.396881e-01	3.414990e-01	-7.872381e-01	-7.333072e-01	-5.393095e-02
1.080000e-01	-3.426079e-01	3.439529e-01	-7.962337e-01	-7.407248e-01	-5.550892e-02
1.090000e-01	-3.455213e-01	3.463623e-01	-8.052616e-01	-7.481521e-01	-5.710947e-02
1.100000e-01	-3.485835e-01	3.489524e-01	-8.143652e-01	-7.557661e-01	-5.859912e-02
1.110000e-01	-3.519432e-01	3.518440e-01	-8.239160e-01	-7.639012e-01	-6.001477e-02
1.120000e-01	-3.555509e-01	3.550099e-01	-8.336941e-01	-7.723980e-01	-6.129610e-02
1.130000e-01	-3.593856e-01	3.583789e-01	-8.438206e-01	-7.812959e-01	-6.252470e-02
1.140000e-01	-3.633863e-01	3.619228e-01	-8.540777e-01	-7.904251e-01	-6.365259e-02
1.150000e-01	-3.675235e-01	3.655575e-01	-8.645644e-01	-7.998057e-01	-6.475871e-02
1.160000e-01	-3.717543e-01	3.692762e-01	-8.750856e-01	-8.092971e-01	-6.578851e-02
1.170000e-01	-3.761688e-01	3.731450e-01	-8.858926e-01	-8.191151e-01	-6.677750e-02
1.180000e-01	-3.806927e-01	3.771236e-01	-8.967837e-01	-8.290846e-01	-6.769913e-02
1.190000e-01	-3.854045e-01	3.812805e-01	-9.079708e-01	-8.393900e-01	-6.858086e-02
1.200000e-01	-3.903310e-01	3.856892e-01	-9.193763e-01	-8.500192e-01	-6.935709e-02
1.210000e-01	-3.955512e-01	3.904199e-01	-9.312003e-01	-8.611514e-01	-7.004892e-02
1.220000e-01	-4.010776e-01	3.955035e-01	-9.433795e-01	-8.727673e-01	-7.061218e-02
1.230000e-01	-4.069008e-01	4.009321e-01	-9.559724e-01	-8.848870e-01	-7.108545e-02
1.240000e-01	-4.130393e-01	4.067196e-01	-9.689365e-01	-8.975076e-01	-7.142892e-02
1.250000e-01	-4.194816e-01	4.128556e-01	-9.822974e-01	-9.106303e-01	-7.166713e-02
1.260000e-01	-4.260425e-01	4.191131e-01	-9.957744e-01	-9.239297e-01	-7.184465e-02
1.270000e-01	-4.325885e-01	4.253598e-01	-1.009230e+00	-9.372037e-01	-7.202668e-02
1.280000e-01	-4.389596e-01	4.313887e-01	-1.022424e+00	-9.501715e-01	-7.225241e-02
1.290000e-01	-4.451248e-01	4.372101e-01	-1.035308e+00	-9.627790e-01	-7.252947e-02
1.300000e-01	-4.510659e-01	4.427706e-01	-1.047832e+00	-9.749821e-01	-7.285023e-02
1.310000e-01	-4.568698e-01	4.482276e-01	-1.060061e+00	-9.869002e-01	-7.316066e-02
1.320000e-01	-4.627384e-01	4.537490e-01	-1.072308e+00	-9.988926e-01	-7.341585e-02
1.330000e-01	-4.686031e-01	4.593083e-01	-1.084452e+00	-1.010829e+00	-7.362274e-02
1.340000e-01	-4.744092e-01	4.647743e-01	-1.096488e+00	-1.022653e+00	-7.383500e-02
1.350000e-01	-4.799866e-01	4.700063e-01	-1.108150e+00	-1.034062e+00	-7.408829e-02
1.360000e-01	-4.853112e-01	4.749118e-01	-1.119439e+00	-1.045031e+00	-7.440816e-02
1.370000e-01	-4.903083e-01	4.794826e-01	-1.130173e+00	-1.055395e+00	-7.477793e-02
1.380000e-01	-4.950538e-01	4.837624e-01	-1.140463e+00	-1.065286e+00	-7.517783e-02
1.390000e-01	-4.995671e-01	4.878300e-01	-1.150291e+00	-1.074713e+00	-7.557847e-02
1.400000e-01	-5.039525e-01	4.917674e-01	-1.159815e+00	-1.083860e+00	-7.595486e-02
1.410000e-01	-5.082993e-01	4.957109e-01	-1.169179e+00	-1.092889e+00	-7.629041e-02
1.420000e-01	-5.126083e-01	4.996227e-01	-1.178395e+00	-1.101806e+00	-7.658907e-02
1.430000e-01	-5.169013e-01	5.035409e-01	-1.187529e+00	-1.110666e+00	-7.686335e-02
1.440000e-01	-5.211318e-01	5.073915e-01	-1.196490e+00	-1.119377e+00	-7.711307e-02
1.450000e-01	-5.253370e-01	5.112215e-01	-1.205407e+00	-1.128041e+00	-7.736675e-02
1.460000e-01	-5.294442e-01	5.149398e-01	-1.214124e+00	-1.136506e+00	-7.761757e-02
1.470000e-01	-5.335102e-01	5.186113e-01	-1.222768e+00	-1.144894e+00	-7.787388e-02
1.480000e-01	-5.375004e-01	5.222114e-01	-1.231195e+00	-1.153098e+00	-7.809695e-02
1.490000e-01	-5.414476e-01	5.257741e-01	-1.239536e+00	-1.161216e+00	-7.832035e-02
1.500000e-01	-5.453060e-01	5.292592e-01	-1.247625e+00	-1.169118e+00	-7.850634e-02
1.510000e-01	-5.491585e-01	5.327462e-01	-1.255675e+00	-1.176996e+00	-7.867916e-02
1.520000e-01	-5.529537e-01	5.361960e-01	-1.263507e+00	-1.184707e+00	-7.879966e-02
1.530000e-01	-5.567637e-01	5.396695e-01	-1.271350e+00	-1.192439e+00	-7.891132e-02
1.540000e-01	-5.604585e-01	5.430433e-01	-1.278903e+00	-1.199910e+00	-7.899319e-02
1.550000e-01	-5.641363e-01	5.463972e-01	-1.286444e+00	-1.207358e+00	-7.908555e-02
1.560000e-01	-5.676982e-01	5.496436e-01	-1.293700e+00	-1.214548e+00	-7.915201e-02
1.570000e-01	-5.712763e-01	5.529022e-01	-1.301004e+00	-1.221778e+00	-7.922553e-02
1.580000e-01	-5.747684e-01	5.560861e-01	-1.308063e+00	-1.228800e+00	-7.926296e-02
1.590000e-01	-5.782964e-01	5.593069e-01	-1.315195e+00	-1.235894e+00	-7.930096e-02
1.600000e-01	-5.817455e-01	5.624682e-01	-1.322091e+00	-1.242791e+00	-7.929980e-02
1.610000e-01	-5.852138e-01	5.656469e-01	-1.329042e+00	-1.249735e+00	-7.930718e-02
1.620000e-01	-5.885848e-01	5.687453e-01	-1.335740e+00	-1.256455e+00	-7.928526e-02
1.630000e-01	-5.919666e-01	5.718503e-01	-1.342501e+00	-1.263217e+00	-7.928386e-02
1.640000e-01	-5.952373e-01	5.748617e-01	-1.348996e+00	-1.269735e+00	-7.926075e-02
1.650000e-01	-5.985003e-01	5.778592e-01	-1.355530e+00	-1.276265e+00	-7.926472e-02
1.660000e-01	-6.016490e-01	5.807581e-01	-1.361791e+00	-1.282545e+00	-7.924653e-02
1.670000e-01	-6.047894e-01	5.836443e-01	-1.368077e+00	-1.288828e+00	-7.924927e-02
1.680000e-01	-6.078216e-01	5.864408e-01	-1.374092e+00	-1.294867e+00	-7.922425e-02
1.690000e-01	-6.108460e-01	5.892218e-01	-1.380132e+00	-1.300912e+00	-7.922020e-02
1.700000e-01	-6.137567e-01	5.919070e-01	-1.385891e+00	-1.306702e+00	-7.918902e-02
1.710000e-01	-6.166612e-01	5.945780e-01	-1.391682e+00	-1.312502e+00	-7.917965e-02
1.720000e-01	-6.194605e-01	5.971617e-01	-1.397223e+00	-1.318072e+00	-7.915105e-02
1.730000e-01	-6.222592e-01	5.997360e-01	-1.402809e+00	-1.323664e+00	-7.914522e-02
1.740000e-01	-6.249618e-01	6.022333e-01	-1.408162e+00	-1.329043e+00	-7.911909e-02
1.750000e-01	-6.276760e-01	6.047338e-01	-1.413575e+00	-1.334463e+00	-7.911139e-02
1.760000e-01	-6.302994e-01	6.071612e-01	-1.418758e+00	-1.339678e+00	-7.907938e-02
1.770000e-01	-6.329302e-01	6.095877e-01	-1.423987e+00	-1.344923e+00	-7.906300e-02
1.780000e-01	-6.354724e-01	6.119392e-01	-1.428992e+00	-1.349968e+00	-7.902352e-02
1.790000e-01	-6.380199e-01	6.142896e-01	-1.434043e+00	-1.355042e+00	-7.900171e-02
1.800000e-01	-6.404690e-01	6.165561e-01	-1.438864e+00	-1.359901e+00	-7.896271e-02
1.810000e-01	-6.429206e-01	6.188214e-01	-1.443721e+00	-1.364781e+00	-7.894014e-02
1.820000e-01	-6.452779e-01	6.210055e-01	-1.448357e+00	-1.369456e+00	-7.890036e-02
1.830000e-01	-6.476402e-01	6.231909e-01	-1.453027e+00	-1.374154e+00	-7.887330e-02
1.840000e-01	-6.499185e-01	6.253023e-01	-1.457495e+00	-1.378666e+00	-7.882887e-02
1.850000e-01	-6.522045e-01	6.274192e-01	-1.462002e+00	-1.383206e+00	-7.879666e-02
1.860000e-01	-6.544035e-01	6.294592e-01	-1.466313e+00	-1.387560e+00	-7.875325e-02
1.870000e-01	-6.566111e-01	6.315056e-01	-1.470664e+00	-1.391943e+00	-7.872101e-02
1.880000e-01	-6.587426e-01	6.334853e-01	-1.474838e+00	-1.396162e+00	-7.867658e-02
1.890000e-01	-6.608837e-01	6.354743e-01	-1.479046e+00	-1.400407e+00	-7.863914e-02
1.900000e-01	-6.629476e-01	6.373938e-01	-1.483078e+00	-1.404487e+00	-7.859149e-02
1.910000e-01	-6.650133e-01	6.393167e-01	-1.487123e+00	-1.408575e+00	-7.854826e-02
1.920000e-01	-6.670000e-01	6.411661e-01	-1.490995e+00	-1.412498e+00	-7.849765e-02
1.930000e-01	-6.689946e-01	6.430232e-01	-1.494890e+00	-1.416439e+00	-7.845037e-02
1.940000e-01	-6.709036e-01	6.447977e-01	-1.498606e+00	-1.420207e+00	-7.839947e-02
1.950000e-01	-6.728231e-01	6.465837e-01	-1.502349e+00	-1.423998e+00	-7.835147e-02
1.960000e-01	-6.746560e-01	6.482842e-01	-1.505929e+00	-1.427621e+00	-7.830868e-02
1.970000e-01	-6.764924e-01	6.499937e-01	-1.509524e+00	-1.431255e+00	-7.826962e-02
1.980000e-01	-6.782469e-01	6.516260e-01	-1.512955e+00	-1.434725e+00	-7.823066e-02
1.990000e-01	-6.800117e-01	6.532732e-01	-1.516404e+00	-1.438214e+00	-7.819004e-02
2.000000e-01	-6.817033e-01	6.548526e-01	-1.519700e+00	-1.441553e+00	-7.814691e-02
2.010000e-01	-6.834051e-01	6.564436e-01	-1.523015e+00	-1.444913e+00	-7.810258e-02
2.020000e-01	-6.850286e-01	6.579574e-01	-1.526171e+00	-1.448114e+00	-7.805719e-02
2.030000e-01	-6.866648e-01	6.594848e-01	-1.529354e+00	-1.451342e+00	-7.801228e-02
2.040000e-01	-6.882127e-01	6.609271e-01	-1.532364e+00	-1.454395e+00	-7.796910e-02
2.050000e-01	-6.897828e-01	6.623942e-01	-1.535412e+00	-1.457489e+00	-7.792332e-02
2.060000e-01	-6.912748e-01	6.637842e-01	-1.538314e+00	-1.460432e+00	-7.788240e-02
2.070000e-01	-6.927890e-01	6.651984e-01	-1.541262e+00	-1.463420e+00	-7.784180e-02
2.080000e-01	-6.942275e-01	6.665391e-01	-1.544059e+00	-1.466257e+00	-7.780197e-02
2.090000e-01	-6.956852e-01	6.679009e-01	-1.546895e+00	-1.469133e+00	-7.776209e-02
2.100000e-01	-6.970682e-01	6.691885e-01	-1.549582e+00	-1.471859e+00	-7.772265e-02
2.110000e-01	-6.984713e-01	6.705010e-01	-1.552297e+00	-1.474620e+00	-7.767724e-02
2.120000e-01	-6.997901e-01	6.717305e-01	-1.554851e+00	-1.477216e+00	-7.763541e-02
2.130000e-01	-7.011380e-01	6.729953e-01	-1.557454e+00	-1.479865e+00	-7.758874e-02
2.140000e-01	-7.024107e-01	6.741840e-01	-1.559913e+00	-1.482367e+00	-7.754598e-02
2.150000e-01	-7.037162e-01	6.754113e-01	-1.562433e+00	-1.484933e+00	-7.750031e-02
2.160000e-01	-7.049334e-01	6.765483e-01	-1.564791e+00	-1.487329e+00	-7.746238e-02
2.170000e-01	-7.061896e-01	6.777309e-01	-1.567209e+00	-1.489794e+00	-7.741513e-02
2.180000e-01	-7.073563e-01	6.788206e-01	-1.569458e+00	-1.492085e+00	-7.737293e-02
2.190000e-01	-7.085596e-01	6.799535e-01	-1.571764e+00	-1.494442e+00	-7.732236e-02
2.200000e-01	-7.096774e-01	6.809969e-01	-1.573919e+00	-1.496637e+00	-7.728190e-02
2.210000e-01	-7.108367e-01	6.820889e-01	-1.576143e+00	-1.498908e+00	-7.723461e-02
2.220000e-01	-7.119185e-01	6.830981e-01	-1.578227e+00	-1.501032e+00	-7.719511e-02
2.230000e-01	-7.130421e-01	6.841573e-01	-1.580370e+00	-1.503227e+00	-7.714307e-02
2.240000e-01	-7.140853e-01	6.851324e-01	-1.582361e+00	-1.505266e+00	-7.709522e-02
2.250000e-01	-7.151548e-01	6.861427e-01	-1.584396e+00	-1.507353e+00	-7.704300e-02
2.260000e-01	-7.161353e-01	6.870592e-01	-1.586278e+00	-1.509274e+00	-7.700370e-02
2.270000e-01	-7.171578e-01	6.880256e-01	-1.588237e+00	-1.511276e+00	-7.696053e-02
2.280000e-01	-7.181106e-01	6.889171e-01	-1.590070e+00	-1.513145e+00	-7.692431e-02
2.290000e-01	-7.191069e-01	6.898599e-01	-1.591970e+00	-1.515092e+00	-7.687814e-02
2.300000e-01	-7.200206e-01	6.907148e-01	-1.593726e+00	-1.516884e+00	-7.684254e-02
2.310000e-01	-7.209753e-01	6.916192e-01	-1.595546e+00	-1.518748e+00	-7.679767e-02
2.320000e-01	-7.218534e-01	6.924417e-01	-1.597232e+00	-1.520469e+00	-7.676257e-02
2.330000e-01	-7.227630e-01	6.933052e-01	-1.598968e+00	-1.522247e+00	-7.672101e-02
2.340000e-01	-7.235957e-01	6.940845e-01	-1.600571e+00	-1.523881e+00	-7.668978e-02
2.350000e-01	-7.244711e-01	6.949154e-01	-1.602241e+00	-1.525591e+00	-7.664930e-02
2.360000e-01	-7.252621e-01	6.956546e-01	-1.603766e+00	-1.527145e+00	-7.662084e-02
2.370000e-01	-7.261003e-01	6.964493e-01	-1.605370e+00	-1.528786e+00	-7.658483e-02
2.380000e-01	-7.268592e-01	6.971592e-01	-1.606834e+00	-1.530276e+00	-7.655773e-02
2.390000e-01	-7.276730e-01	6.979349e-01	-1.608376e+00	-1.531861e+00	-7.651482e-02
2.400000e-01	-7.284114e-01	6.986280e-01	-1.609789e+00	-1.533306e+00	-7.648301e-02
2.410000e-01	-7.291900e-01	6.993700e-01	-1.611261e+00	-1.534821e+00	-7.644072e-02
2.420000e-01	-7.298912e-01	7.000281e-01	-1.612607e+00	-1.536195e+00	-7.641210e-02
2.430000e-01	-7.306370e-01	7.007400e-01	-1.614022e+00	-1.537648e+00	-7.637391e-02
2.440000e-01	-7.312990e-01	7.013597e-01	-1.615296e+00	-1.538947e+00	-7.634903e-02
2.450000e-01	-7.320112e-01	7.020384e-01	-1.616651e+00	-1.540337e+00	-7.631448e-02
2.460000e-01	-7.326408e-01	7.026270e-01	-1.617872e+00	-1.541577e+00	-7.629495e-02
2.470000e-01	-7.333275e-01	7.032836e-01	-1.619172e+00	-1.542914e+00	-7.625865e-02
2.480000e-01	-7.339358e-01	7.038538e-01	-1.620344e+00	-1.544108e+00	-7.623597e-02
2.490000e-01	-7.345940e-01	7.044831e-01	-1.621592e+00	-1.545390e+00	-7.620196e-02
2.500000e-01	-7.351811e-01	7.050340e-01	-1.622722e+00	-1.546542e+00	-7.617988e-02
2.510000e-01	-7.358046e-01	7.056299e-01	-1.623902e+00	-1.547756e+00	-7.614661e-02
2.520000e-01	-7.363493e-01	7.061367e-01	-1.624963e+00	-1.548831e+00	-7.613196e-02
2.530000e-01	-7.369451e-01	7.067044e-01	-1.626098e+00	-1.549994e+00	-7.610404e-02
2.540000e-01	-7.374730e-01	7.071981e-01	-1.627114e+00	-1.551030e+00	-7.608414e-02
2.550000e-01	-7.380549e-01	7.077557e-01	-1.628211e+00	-1.552160e+00	-7.605057e-02
2.560000e-01	-7.385569e-01	7.082254e-01	-1.629178e+00	-1.553146e+00	-7.603223e-02
2.570000e-01	-7.391177e-01	7.087639e-01	-1.630231e+00	-1.554233e+00	-7.599767e-02
2.580000e-01	-7.395904e-01	7.092054e-01	-1.631156e+00	-1.555168e+00	-7.598733e-02
2.590000e-01	-7.401251e-01	7.097170e-01	-1.632169e+00	-1.556210e+00	-7.595938e-02
2.600000e-01	-7.405823e-01	7.101429e-01	-1.633060e+00	-1.557112e+00	-7.594782e-02
2.610000e-01	-7.410837e-01	7.106208e-01	-1.634016e+00	-1.558092e+00	-7.592411e-02
2.620000e-01	-7.415192e-01	7.110271e-01	-1.634862e+00	-1.558950e+00	-7.591167e-02
2.630000e-01	-7.420044e-01	7.114923e-01	-1.635779e+00	-1.559894e+00	-7.588501e-02
2.640000e-01	-7.424143e-01	7.118747e-01	-1.636578e+00	-1.560703e+00	-7.587459e-02
2.650000e-01	-7.428874e-01	7.123278e-01	-1.637471e+00	-1.561623e+00	-7.584821e-02
2.660000e-01	-7.432948e-01	7.127085e-01	-1.638259e+00	-1.562424e+00	-7.583446e-02
2.670000e-01	-7.437481e-01	7.131427e-01	-1.639112e+00	-1.563304e+00	-7.580796e-02
2.680000e-01	-7.441147e-01	7.134819e-01	-1.639836e+00	-1.564033e+00	-7.580321e-02
2.690000e-01	-7.445332e-01	7.138815e-01	-1.640626e+00	-1.564846e+00	-7.577957e-02
2.700000e-01	-7.448890e-01	7.142130e-01	-1.641321e+00	-1.565550e+00	-7.577171e-02
2.710000e-01	-7.452951e-01	7.146037e-01	-1.642090e+00	-1.566340e+00	-7.574992e-02
2.720000e-01	-7.456391e-01	7.149234e-01	-1.642765e+00	-1.567022e+00	-7.574335e-02
2.730000e-01	-7.460412e-01	7.153086e-01	-1.643526e+00	-1.567804e+00	-7.572186e-02
2.740000e-01	-7.463656e-01	7.156094e-01	-1.644160e+00	-1.568445e+00	-7.571433e-02
2.750000e-01	-7.467531e-01	7.159825e-01	-1.644890e+00	-1.569198e+00	-7.569175e-02
2.760000e-01	-7.470519e-01	7.162597e-01	-1.645478e+00	-1.569791e+00	-7.568689e-02
2.770000e-01	-7.474005e-01	7.165940e-01	-1.646136e+00	-1.570469e+00	-7.566765e-02
2.780000e-01	-7.476964e-01	7.168667e-01	-1.646723e+00	-1.571058e+00	-7.566493e-02
2.790000e-01	-7.480505e-01	7.172078e-01	-1.647388e+00	-1.571744e+00	-7.564354e-02
2.800000e-01	-7.483474e-01	7.174848e-01	-1.647965e+00	-1.572330e+00	-7.563516e-02
2.810000e-01	-7.486948e-01	7.178199e-01	-1.648611e+00	-1.573001e+00	-7.561083e-02
2.820000e-01	-7.489575e-01	7.180639e-01	-1.649122e+00	-1.573519e+00	-7.560361e-02
2.830000e-01	-7.492658e-01	7.183624e-01	-1.649703e+00	-1.574117e+00	-7.558572e-02
2.840000e-01	-7.495077e-01	7.185851e-01	-1.650190e+00	-1.574603e+00	-7.558722e-02
2.850000e-01	-7.498153e-01	7.188809e-01	-1.650776e+00	-1.575203e+00	-7.557270e-02
2.860000e-01	-7.500569e-01	7.191033e-01	-1.651252e+00	-1.575683e+00	-7.556919e-02
2.870000e-01	-7.503570e-01	7.193928e-01	-1.651810e+00	-1.576262e+00	-7.554804e-02
2.880000e-01	-7.505785e-01	7.195991e-01	-1.652248e+00	-1.576702e+00	-7.554541e-02
2.890000e-01	-7.508608e-01	7.198734e-01	-1.652777e+00	-1.577249e+00	-7.552746e-02
2.900000e-01	-7.510802e-01	7.200764e-01	-1.653212e+00	-1.577686e+00	-7.552566e-02
2.910000e-01	-7.513635e-01	7.203511e-01	-1.653733e+00	-1.578230e+00	-7.550310e-02
2.920000e-01	-7.515770e-01	7.205479e-01	-1.654151e+00	-1.578652e+00	-7.549827e-02
2.930000e-01	-7.518425e-01	7.208038e-01	-1.654649e+00	-1.579167e+00	-7.548215e-02
2.940000e-01	-7.520315e-01	7.209781e-01	-1.655027e+00	-1.579545e+00	-7.548215e-02
2.950000e-01	-7.522825e-01	7.212212e-01	-1.655501e+00	-1.580033e+00	-7.546816e-02
2.960000e-01	-7.524745e-01	7.213979e-01	-1.655878e+00	-1.580413e+00	-7.546453e-02
2.970000e-01	-7.527167e-01	7.216331e-01	-1.656320e+00	-1.580877e+00	-7.544347e-02
2.980000e-01	-7.528828e-01	7.217851e-01	-1.656657e+00	-1.581211e+00	-7.544547e-02
2.990000e-01	-7.531107e-01	7.220063e-01	-1.657090e+00	-1.581656e+00	-7.543426e-02
3.000000e-01	-7.532742e-01	7.221571e-01	-1.657419e+00	-1.581984e+00	-7.543552e-02
3.010000e-01	-7.535107e-01	7.223861e-01	-1.657849e+00	-1.582435e+00	-7.541367e-02
3.020000e-01	-7.536784e-01	7.225400e-01	-1.658171e+00	-1.582764e+00	-7.540708e-02
3.030000e-01	-7.539015e-01	7.227580e-01	-1.658576e+00	-1.583190e+00	-7.538669e-02
3.040000e-01	-7.540473e-01	7.228924e-01	-1.658869e+00	-1.583482e+00	-7.538723e-02
3.050000e-01	-7.542519e-01	7.230910e-01	-1.659254e+00	-1.583879e+00	-7.537506e-02
3.060000e-01	-7.544004e-01	7.232277e-01	-1.659544e+00	-1.584172e+00	-7.537157e-02
3.070000e-01	-7.546108e-01	7.234321e-01	-1.659926e+00	-1.584574e+00	-7.535232e-02
3.080000e-01	-7.547418e-01	7.235504e-01	-1.660195e+00	-1.584839e+00	-7.535548e-02
3.090000e-01	-7.549311e-01	7.237363e-01	-1.660541e+00	-1.585202e+00	-7.533965e-02
3.100000e-01	-7.550458e-01	7.238426e-01	-1.660780e+00	-1.585436e+00	-7.534421e-02
3.110000e-01	-7.552335e-01	7.240275e-01	-1.661125e+00	-1.585796e+00	-7.532913e-02
3.120000e-01	-7.553412e-01	7.241249e-01	-1.661347e+00	-1.586015e+00	-7.533244e-02
3.130000e-01	-7.555245e-01	7.243019e-01	-1.661691e+00	-1.586370e+00	-7.532091e-02
3.140000e-01	-7.556567e-01	7.244237e-01	-1.661949e+00	-1.586631e+00	-7.531770e-02
3.150000e-01	-7.558544e-01	7.246206e-01	-1.662301e+00	-1.587005e+00	-7.529624e-02
3.160000e-01	-7.559717e-01	7.247287e-01	-1.662530e+00	-1.587237e+00	-7.529348e-02
3.170000e-01	-7.561294e-01	7.248797e-01	-1.662821e+00	-1.587540e+00	-7.528116e-02
3.180000e-01	-7.562015e-01	7.249415e-01	-1.662986e+00	-1.587694e+00	-7.529150e-02
3.190000e-01	-7.563473e-01	7.250841e-01	-1.663261e+00	-1.587978e+00	-7.528308e-02
3.200000e-01	-7.564505e-01	7.251790e-01	-1.663475e+00	-1.588188e+00	-7.528680e-02
3.210000e-01	-7.566135e-01	7.253417e-01	-1.663767e+00	-1.588497e+00	-7.526986e-02
3.220000e-01	-7.567211e-01	7.254410e-01	-1.663974e+00	-1.588708e+00	-7.526588e-02
3.230000e-01	-7.568837e-01	7.256008e-01	-1.664263e+00	-1.589015e+00	-7.524798e-02
3.240000e-01	-7.569663e-01	7.256744e-01	-1.664433e+00	-1.589183e+00	-7.525020e-02
3.250000e-01	-7.571050e-01	7.258112e-01	-1.664692e+00	-1.589451e+00	-7.524098e-02
3.260000e-01	-7.571839e-01	7.258804e-01	-1.664861e+00	-1.589615e+00	-7.524686e-02
3.270000e-01	-7.573180e-01	7.260119e-01	-1.665105e+00	-1.589870e+00	-7.523439e-02
3.280000e-01	-7.573933e-01	7.260791e-01	-1.665264e+00	-1.590025e+00	-7.523854e-02
3.290000e-01	-7.575315e-01	7.262146e-01	-1.665513e+00	-1.590288e+00	-7.522482e-02
3.300000e-01	-7.576058e-01	7.262834e-01	-1.665661e+00	-1.590436e+00	-7.522452e-02
3.310000e-01	-7.577376e-01	7.264146e-01	-1.665900e+00	-1.590687e+00	-7.521227e-02
3.320000e-01	-7.578100e-01	7.264781e-01	-1.666048e+00	-1.590834e+00	-7.521400e-02
3.330000e-01	-7.579311e-01	7.265995e-01	-1.666268e+00	-1.591065e+00	-7.520302e-02
3.340000e-01	-7.579943e-01	7.266541e-01	-1.666406e+00	-1.591198e+00	-7.520894e-02
3.350000e-01	-7.581097e-01	7.267669e-01	-1.666620e+00	-1.591419e+00	-7.520010e-02
3.360000e-01	-7.581713e-01	7.268220e-01	-1.666744e+00	-1.591543e+00	-7.520060e-02
3.370000e-01	-7.582884e-01	7.269381e-01	-1.666953e+00	-1.591765e+00	-7.518815e-02
3.380000e-01	-7.583600e-01	7.270032e-01	-1.667095e+00	-1.591908e+00	-7.518751e-02
3.390000e-01	-7.584747e-01	7.271193e-01	-1.667299e+00	-1.592124e+00	-7.517473e-02
3.400000e-01	-7.585257e-01	7.271634e-01	-1.667415e+00	-1.592233e+00	-7.518172e-02
3.410000e-01	-7.586329e-01	7.272693e-01	-1.667612e+00	-1.592439e+00	-7.517312e-02
3.420000e-01	-7.586746e-01	7.273033e-01	-1.667703e+00	-1.592526e+00	-7.517680e-02
3.430000e-01	-7.587846e-01	7.274122e-01	-1.667896e+00	-1.592733e+00	-7.516344e-02
3.440000e-01	-7.588342e-01	7.274554e-01	-1.668007e+00	-1.592838e+00	-7.516915e-02
3.450000e-01	-7.589285e-01	7.275500e-01	-1.668178e+00	-1.593017e+00	-7.516031e-02
3.460000e-01	-7.589783e-01	7.275956e-01	-1.668281e+00	-1.593119e+00	-7.516199e-02
3.470000e-01	-7.590927e-01	7.277111e-01	-1.668476e+00	-1.593331e+00	-7.514549e-02
3.480000e-01	-7.591277e-01	7.277405e-01	-1.668558e+00	-1.593406e+00	-7.515114e-02
3.490000e-01	-7.592210e-01	7.278319e-01	-1.668725e+00	-1.593583e+00	-7.514144e-02
3.500000e-01	-7.592662e-01	7.278677e-01	-1.668825e+00	-1.593679e+00	-7.514654e-02
3.510000e-01	-7.593555e-01	7.279573e-01	-1.668984e+00	-1.593848e+00	-7.513674e-02
3.520000e-01	-7.593786e-01	7.279743e-01	-1.669048e+00	-1.593902e+00	-7.514531e-02
3.530000e-01	-7.594648e-01	7.280615e-01	-1.669198e+00	-1.594064e+00	-7.513406e-02
3.540000e-01	-7.595009e-01	7.280954e-01	-1.669270e+00	-1.594136e+00	-7.513410e-02
3.550000e-01	-7.595984e-01	7.281955e-01	-1.669439e+00	-1.594318e+00	-7.512099e-02
3.560000e-01	-7.596344e-01	7.282248e-01	-1.669524e+00	-1.594396e+00	-7.512766e-02
3.570000e-01	-7.597041e-01	7.282940e-01	-1.669646e+00	-1.594527e+00	-7.511909e-02
3.580000e-01	-7.597181e-01	7.283002e-01	-1.669697e+00	-1.594567e+00	-7.513049e-02
3.590000e-01	-7.598055e-01	7.283868e-01	-1.669854e+00	-1.594733e+00	-7.512174e-02
3.600000e-01	-7.598406e-01	7.284174e-01	-1.669928e+00	-1.594804e+00	-7.512327e-02
3.610000e-01	-7.599315e-01	7.285116e-01	-1.670079e+00	-1.594971e+00	-7.510794e-02
3.620000e-01	-7.599698e-01	7.285457e-01	-1.670153e+00	-1.595047e+00	-7.510694e-02
3.630000e-01	-7.600558e-01	7.286333e-01	-1.670298e+00	-1.595205e+00	-7.509305e-02
3.640000e-01	-7.600696e-01	7.286405e-01	-1.670342e+00	-1.595240e+00	-7.510122e-02
3.650000e-01	-7.601323e-01	7.287027e-01	-1.670456e+00	-1.595361e+00	-7.509592e-02
3.660000e-01	-7.601362e-01	7.287014e-01	-1.670484e+00	-1.595378e+00	-7.510564e-02
3.670000e-01	-7.602098e-01	7.287769e-01	-1.670612e+00	-1.595516e+00	-7.509622e-02
3.680000e-01	-7.602301e-01	7.287930e-01	-1.670662e+00	-1.595561e+00	-7.510114e-02
3.690000e-01	-7.603030e-01	7.288678e-01	-1.670783e+00	-1.595694e+00	-7.508836e-02
3.700000e-01	-7.603147e-01	7.288737e-01	-1.670821e+00	-1.595725e+00	-7.509554e-02
3.710000e-01	-7.603886e-01	7.289466e-01	-1.670950e+00	-1.595864e+00	-7.508645e-02
3.720000e-01	-7.604113e-01	7.289668e-01	-1.670995e+00	-1.595909e+00	-7.508621e-02
3.730000e-01	-7.604892e-01	7.290464e-01	-1.671126e+00	-1.596052e+00	-7.507373e-02
3.740000e-01	-7.604998e-01	7.290508e-01	-1.671162e+00	-1.596081e+00	-7.508106e-02
3.750000e-01	-7.605654e-01	7.291190e-01	-1.671276e+00	-1.596203e+00	-7.507253e-02
3.760000e-01	-7.605668e-01	7.291157e-01	-1.671295e+00	-1.596214e+00	-7.508057e-02
3.770000e-01	-7.606314e-01	7.291818e-01	-1.671402e+00	-1.596332e+00	-7.506962e-02
3.780000e-01	-7.606375e-01	7.291853e-01	-1.671419e+00	-1.596347e+00	-7.507192e-02
3.790000e-01	-7.607053e-01	7.292558e-01	-1.671537e+00	-1.596474e+00	-7.506338e-02
3.800000e-01	-7.607108e-01	7.292554e-01	-1.671566e+00	-1.596494e+00	-7.507204e-02
3.810000e-01	-7.607624e-01	7.293068e-01	-1.671655e+00	-1.596590e+00	-7.506525e-02
3.820000e-01	-7.607616e-01	7.293016e-01	-1.671669e+00	-1.596596e+00	-7.507296e-02
3.830000e-01	-7.608306e-01	7.293724e-01	-1.671787e+00	-1.596724e+00	-7.506268e-02
3.840000e-01	-7.608397e-01	7.293781e-01	-1.671808e+00	-1.596744e+00	-7.506414e-02
3.850000e-01	-7.609072e-01	7.294473e-01	-1.671919e+00	-1.596867e+00	-7.505232e-02
3.860000e-01	-7.609225e-01	7.294581e-01	-1.671954e+00	-1.596900e+00	-7.505462e-02
3.870000e-01	-7.609859e-01	7.295261e-01	-1.672055e+00	-1.597013e+00	-7.504140e-02
3.880000e-01	-7.609702e-01	7.295049e-01	-1.672045e+00	-1.596993e+00	-7.505229e-02
3.890000e-01	-7.610124e-01	7.295467e-01	-1.672127e+00	-1.597076e+00	-7.505086e-02
3.900000e-01	-7.610026e-01	7.295322e-01	-1.672127e+00	-1.597066e+00	-7.506087e-02
3.910000e-01	-7.610626e-01	7.295950e-01	-1.672229e+00	-1.597177e+00	-7.505177e-02
3.920000e-01	-7.610699e-01	7.295978e-01	-1.672248e+00	-1.597194e+00	-7.505393e-02
3.930000e-01	-7.611244e-01	7.296557e-01	-1.672331e+00	-1.597290e+00	-7.504127e-02
3.940000e-01	-7.611226e-01	7.296497e-01	-1.672340e+00	-1.597293e+00	-7.504757e-02
3.950000e-01	-7.611809e-01	7.297090e-01	-1.672443e+00	-1.597402e+00	-7.504068e-02
3.960000e-01	-7.611753e-01	7.296992e-01	-1.672445e+00	-1.597398e+00	-7.504697e-02
3.970000e-01	-7.612311e-01	7.297584e-01	-1.672532e+00	-1.597497e+00	-7.503470e-02
3.980000e-01	-7.612294e-01	7.297507e-01	-1.672545e+00	-1.597502e+00	-7.504290e-02
3.990000e-01	-7.612646e-01	7.297878e-01	-1.672605e+00	-1.597567e+00	-7.503785e-02
4.000000e-01	-7.612584e-01	7.297775e-01	-1.672607e+00	-1.597562e+00	-7.504535e-02
4.010000e-01	-7.613214e-01	7.298440e-01	-1.672707e+00	-1.597675e+00	-7.503217e-02
4.020000e-01	-7.613282e-01	7.298493e-01	-1.672717e+00	-1.597687e+00	-7.503034e-02
4.030000e-01	-7.613775e-01	7.299020e-01	-1.672801e+00	-1.597778e+00	-7.502282e-02
4.040000e-01	-7.613643e-01	7.298813e-01	-1.672798e+00	-1.597763e+00	-7.503449e-02
4.050000e-01	-7.613914e-01	7.299083e-01	-1.672848e+00	-1.597815e+00	-7.503252e-02
4.060000e-01	-7.613768e-01	7.298898e-01	-1.672838e+00	-1.597796e+00	-7.504227e-02
4.070000e-01	-7.614319e-01	7.299489e-01	-1.672924e+00	-1.597894e+00	-7.503014e-02
4.080000e-01	-7.614279e-01	7.299435e-01	-1.672919e+00	-1.597888e+00	-7.503176e-02
4.090000e-01	-7.614717e-01	7.299887e-01	-1.672991e+00	-1.597967e+00	-7.502366e-02
4.100000e-01	-7.614721e-01	7.299850e-01	-1.673005e+00	-1.597975e+00	-7.503050e-02
4.110000e-01	-7.615217e-01	7.300365e-01	-1.673083e+00	-1.598063e+00	-7.501973e-02
4.120000e-01	-7.615119e-01	7.300231e-01	-1.673073e+00	-1.598048e+00	-7.502443e-02
4.130000e-01	-7.615540e-01	7.300659e-01	-1.673144e+00	-1.598126e+00	-7.501786e-02
4.140000e-01	-7.615370e-01	7.300451e-01	-1.673133e+00	-1.598103e+00	-7.502943e-02
4.150000e-01	-7.615740e-01	7.300840e-01	-1.673195e+00	-1.598172e+00	-7.502351e-02
4.160000e-01	-7.615617e-01	7.300671e-01	-1.673187e+00	-1.598155e+00	-7.503200e-02
4.170000e-01	-7.615977e-01	7.301058e-01	-1.673241e+00	-1.598218e+00	-7.502260e-02
4.180000e-01	-7.615965e-01	7.301031e-01	-1.673246e+00	-1.598220e+00	-7.502663e-02
4.190000e-01	-7.616448e-01	7.301533e-01	-1.673323e+00	-1.598306e+00	-7.501673e-02
4.200000e-01	-7.616344e-01	7.301384e-01	-1.673315e+00	-1.598292e+00	-7.502309e-02
4.210000e-01	-7.616750e-01	7.301808e-01	-1.673378e+00	-1.598364e+00	-7.501422e-02
4.220000e-01	-7.616617e-01	7.301635e-01	-1.673371e+00	-1.598347e+00	-7.502393e-02
4.230000e-01	-7.616886e-01	7.301931e-01	-1.673414e+00	-1.598396e+00	-7.501829e-02
4.240000e-01	-7.616779e-01	7.301802e-01	-1.673404e+00	-1.598380e+00	-7.502426e-02
4.250000e-01	-7.617188e-01	7.302230e-01	-1.673469e+00	-1.598453e+00	-7.501569e-02
4.260000e-01	-7.617128e-01	7.302145e-01	-1.673466e+00	-1.598446e+00	-7.502004e-02
4.270000e-01	-7.617591e-01	7.302642e-01	-1.673532e+00	-1.598525e+00	-7.500669e-02
4.280000e-01	-7.617571e-01	7.302583e-01	-1.673536e+00	-1.598525e+00	-7.501076e-02
4.290000e-01	-7.617853e-01	7.302875e-01	-1.673582e+00	-1.598576e+00	-7.500582e-02
4.300000e-01	-7.617619e-01	7.302592e-01	-1.673566e+00	-1.598545e+00	-7.502105e-02
4.310000e-01	-7.617863e-01	7.302848e-01	-1.673609e+00	-1.598591e+00	-7.501794e-02
4.320000e-01	-7.617720e-01	7.302684e-01	-1.673587e+00	-1.598565e+00	-7.502142e-02
4.330000e-01	-7.618047e-01	7.303039e-01	-1.673636e+00	-1.598623e+00	-7.501321e-02
4.340000e-01	-7.617992e-01	7.302947e-01	-1.673638e+00	-1.598618e+00	-7.501973e-02
4.350000e-01	-7.618445e-01	7.303439e-01	-1.673705e+00	-1.598697e+00	-7.500816e-02
4.360000e-01	-7.618401e-01	7.303363e-01	-1.673704e+00	-1.598692e+00	-7.501182e-02
4.370000e-01	-7.618732e-01	7.303721e-01	-1.673754e+00	-1.598750e+00	-7.500381e-02
4.380000e-01	-7.618495e-01	7.303443e-01	-1.673730e+00	-1.598715e+00	-7.501558e-02
4.390000e-01	-7.618719e-01	7.303698e-01	-1.673766e+00	-1.598755e+00	-7.501112e-02
4.400000e-01	-7.618576e-01	7.303507e-01	-1.673753e+00	-1.598734e+00	-7.501901e-02
4.410000e-01	-7.618873e-01	7.303839e-01	-1.673794e+00	-1.598784e+00	-7.500967e-02
4.420000e-01	-7.618811e-01	7.303747e-01	-1.673787e+00	-1.598775e+00	-7.501250e-02
4.430000e-01	-7.619288e-01	7.304265e-01	-1.673858e+00	-1.598858e+00	-7.499999e-02
4.440000e-01	-7.619031e-01	7.303958e-01	-1.673825e+00	-1.598815e+00	-7.500935e-02
4.450000e-01	-7.619231e-01	7.304166e-01	-1.673859e+00	-1.598853e+00	-7.500657e-02
4.460000e-01	-7.619120e-01	7.304012e-01	-1.673857e+00	-1.598840e+00	-7.501637e-02
4.470000e-01	-7.619486e-01	7.304420e-01	-1.673906e+00	-1.598902e+00	-7.500437e-02
4.480000e-01	-7.619380e-01	7.304273e-01	-1.673892e+00	-1.598884e+00	-7.500785e-02
4.490000e-01	-7.619747e-01	7.304686e-01	-1.673948e+00	-1.598949e+00	-7.499957e-02
4.500000e-01	-7.619575e-01	7.304484e-01	-1.673930e+00	-1.598923e+00	-7.500766e-02
4.510000e-01	-7.619797e-01	7.304741e-01	-1.673962e+00	-1.598961e+00	-7.500114e-02
4.520000e-01	-7.619573e-01	7.304458e-01	-1.673937e+00	-1.598926e+00	-7.501092e-02
4.530000e-01	-7.619753e-01	7.304658e-01	-1.673965e+00	-1.598958e+00	-7.500735e-02
4.540000e-01	-7.619592e-01	7.304445e-01	-1.673952e+00	-1.598935e+00	-7.501690e-02
4.550000e-01	-7.619999e-01	7.304908e-01	-1.674010e+00	-1.599005e+00	-7.500520e-02
4.560000e-01	-7.620035e-01	7.304932e-01	-1.674011e+00	-1.599009e+00	-7.500214e-02
4.570000e-01	-7.620412e-01	7.305359e-01	-1.674060e+00	-1.599071e+00	-7.498893e-02
4.580000e-01	-7.620308e-01	7.305195e-01	-1.674058e+00	-1.599060e+00	-7.499821e-02
4.590000e-01	-7.620429e-01	7.305338e-01	-1.674080e+00	-1.599083e+00	-7.499702e-02
4.600000e-01	-7.620066e-01	7.304917e-01	-1.674036e+00	-1.599024e+00	-7.501121e-02
4.610000e-01	-7.620354e-01	7.305226e-01	-1.674081e+00	-1.599076e+00	-7.500529e-02
4.620000e-01	-7.620187e-01	7.305022e-01	-1.674060e+00	-1.599049e+00	-7.501115e-02
4.630000e-01	-7.620509e-01	7.305398e-01	-1.674101e+00	-1.599101e+00	-7.499959e-02
4.640000e-01	-7.620431e-01	7.305292e-01	-1.674090e+00	-1.599088e+00	-7.500161e-02
4.650000e-01	-7.620711e-01	7.305625e-01	-1.674131e+00	-1.599137e+00	-7.499440e-02
4.660000e-01	-7.620476e-01	7.305344e-01	-1.674103e+00	-1.599099e+00	-7.500419e-02
4.670000e-01	-7.620864e-01	7.305774e-01	-1.674160e+00	-1.599166e+00	-7.499344e-02
4.680000e-01	-7.620640e-01	7.305497e-01	-1.674129e+00	-1.599129e+00	-7.500054e-02
4.690000e-01	-7.620917e-01	7.305796e-01	-1.674173e+00	-1.599178e+00	-7.499478e-02
4.700000e-01	-7.620813e-01	7.305644e-01	-1.674170e+00	-1.599166e+00	-7.500357e-02
4.710000e-01	-7.621129e-01	7.306020e-01	-1.674212e+00	-1.599219e+00	-7.499290e-02
4.720000e-01	-7.620841e-01	7.305682e-01	-1.674170e+00	-1.599169e+00	-7.500079e-02
4.730000e-01	-7.621014e-01	7.305885e-01	-1.674200e+00	-1.599201e+00	-7.499856e-02
4.740000e-01	-7.620765e-01	7.305593e-01	-1.674168e+00	-1.599161e+00	-7.500775e-02
4.750000e-01	-7.621102e-01	7.305974e-01	-1.674216e+00	-1.599218e+00	-7.499804e-02
4.760000e-01	-7.620930e-01	7.305761e-01	-1.674196e+00	-1.599191e+00	-7.500505e-02
4.770000e-01	-7.621255e-01	7.306136e-01	-1.674236e+00	-1.599244e+00	-7.499266e-02
4.780000e-01	-7.621035e-01	7.305862e-01	-1.674210e+00	-1.599208e+00	-7.500136e-02
4.790000e-01	-7.621304e-01	7.306156e-01	-1.674255e+00	-1.599258e+00	-7.499727e-02
4.800000e-01	-7.621140e-01	7.305957e-01	-1.674233e+00	-1.599230e+00	-7.500237e-02
4.810000e-01	-7.621430e-01	7.306298e-01	-1.674271e+00	-1.599279e+00	-7.499257e-02
4.820000e-01	-7.621295e-01	7.306123e-01	-1.674256e+00	-1.599257e+00	-7.499837e-02
4.830000e-01	-7.621546e-01	7.306418e-01	-1.674290e+00	-1.599300e+00	-7.499037e-02
4.840000e-01	-7.621207e-01	7.306025e-01	-1.674248e+00	-1.599245e+00	-7.500351e-02
4.850000e-01	-7.621435e-01	7.306274e-01	-1.674286e+00	-1.599286e+00	-7.499937e-02
4.860000e-01	-7.621266e-01	7.306067e-01	-1.674264e+00	-1.599258e+00	-7.500519e-02
4.870000e-01	-7.621511e-01	7.306358e-01	-1.674295e+00	-1.599298e+00	-7.499618e-02
4.880000e-01	-7.621410e-01	7.306209e-01	-1.674283e+00	-1.599283e+00	-7.500074e-02
4.890000e-01	-7.621735e-01	7.306583e-01	-1.674328e+00	-1.599337e+00	-7.499044e-02
4.900000e-01	-7.621602e-01	7.306411e-01	-1.674312e+00	-1.599316e+00	-7.499594e-02
4.910000e-01	-7.621904e-01	7.306757e-01	-1.674355e+00	-1.599368e+00	-7.498715e-02
4.920000e-01	-7.621626e-01	7.306440e-01	-1.674313e+00	-1.599319e+00	-7.499393e-02
4.930000e-01	-7.621700e-01	7.306540e-01	-1.674329e+00	-1.599335e+00	-7.499471e-02
4.940000e-01	-7.621457e-01	7.306245e-01	-1.674301e+00	-1.599296e+00	-7.500469e-02
4.950000e-01	-7.621765e-01	7.306608e-01	-1.674343e+00	-1.599348e+00	-7.499491e-02
4.960000e-01	-7.621692e-01	7.306497e-01	-1.674331e+00	-1.599335e+00	-7.499642e-02
4.970000e-01	-7.622018e-01	7.306862e-01	-1.674378e+00	-1.599391e+00	-7.498712e-02
4.980000e-01	-7.621814e-01	7.306614e-01	-1.674349e+00	-1.599356e+00	-7.499320e-02
4.990000e-01	-7.622006e-01	7.306853e-01	-1.674378e+00	-1.599389e+00	-7.498824e-02
5.000000e-01	-7.621724e-01	7.306508e-01	-1.674346e+00	-1.599346e+00	-7.500069e-02
5.010000e-01	-7.621976e-01	7.306800e-01	-1.674381e+00	-1.599388e+00	-7.499295e-02
5.020000e-01	-7.621756e-01	7.306534e-01	-1.674350e+00	-1.599351e+00	-7.499945e-02
5.030000e-01	-7.622001e-01	7.306813e-01	-1.674391e+00	-1.599396e+00	-7.499521e-02
5.040000e-01	-7.621861e-01	7.306646e-01	-1.674368e+00	-1.599370e+00	-7.499775e-02
5.050000e-01	-7.622248e-01	7.307094e-01	-1.674418e+00	-1.599434e+00	-7.498433e-02
5.060000e-01	-7.622044e-01	7.306839e-01	-1.674394e+00	-1.599401e+00	-7.499275e-02
5.070000e-01	-7.622259e-01	7.307096e-01	-1.674422e+00	-1.599437e+00	-7.498532e-02
5.080000e-01	-7.621870e-01	7.306654e-01	-1.674371e+00	-1.599373e+00	-7.499864e-02
5.090000e-01	-7.622024e-01	7.306839e-01	-1.674397e+00	-1.599401e+00	-7.499608e-02
5.100000e-01	-7.621844e-01	7.306622e-01	-1.674374e+00	-1.599371e+00	-7.500234e-02
5.110000e-01	-7.622278e-01	7.307109e-01	-1.674432e+00	-1.599444e+00	-7.498842e-02
5.120000e-01	-7.622240e-01	7.307023e-01	-1.674427e+00	-1.599438e+00	-7.498955e-02
5.130000e-01	-7.622424e-01	7.307242e-01	-1.674451e+00	-1.599468e+00	-7.498307e-02
5.140000e-01	-7.622164e-01	7.306938e-01	-1.674417e+00	-1.599425e+00	-7.499184e-02
5.150000e-01	-7.622349e-01	7.307167e-01	-1.674447e+00	-1.599458e+00	-7.498831e-02
5.160000e-01	-7.622013e-01	7.306784e-01	-1.674401e+00	-1.599402e+00	-7.499906e-02
5.170000e-01	-7.622125e-01	7.306925e-01	-1.674414e+00	-1.599419e+00	-7.499428e-02
5.180000e-01	-7.621955e-01	7.306708e-01	-1.674396e+00	-1.599393e+00	-7.500242e-02
5.190000e-01	-7.622249e-01	7.307062e-01	-1.674435e+00	-1.599442e+00	-7.499271e-02
5.200000e-01	-7.622188e-01	7.306980e-01	-1.674427e+00	-1.599432e+00	-7.499466e-02
5.210000e-01	-7.622490e-01	7.307329e-01	-1.674468e+00	-1.599483e+00	-7.498490e-02
5.220000e-01	-7.622290e-01	7.307079e-01	-1.674437e+00	-1.599448e+00	-7.498973e-02
5.230000e-01	-7.622519e-01	7.307344e-01	-1.674472e+00	-1.599488e+00	-7.498425e-02
5.240000e-01	-7.622284e-01	7.307051e-01	-1.674446e+00	-1.599452e+00	-7.499467e-02
5.250000e-01	-7.622458e-01	7.307264e-01	-1.674467e+00	-1.599480e+00	-7.498794e-02
5.260000e-01	-7.622251e-01	7.307015e-01	-1.674441e+00	-1.599446e+00	-7.499541e-02
5.270000e-01	-7.622503e-01	7.307306e-01	-1.674477e+00	-1.599489e+00	-7.498829e-02
5.280000e-01	-7.622238e-01	7.306990e-01	-1.674441e+00	-1.599445e+00	-7.499691e-02
5.290000e-01	-7.622520e-01	7.307322e-01	-1.674480e+00	-1.599492e+00	-7.498819e-02
5.300000e-01	-7.622297e-01	7.307060e-01	-1.674456e+00	-1.599458e+00	-7.499833e-02
5.310000e-01	-7.622528e-01	7.307343e-01	-1.674485e+00	-1.599495e+00	-7.498974e-02
5.320000e-01	-7.622264e-01	7.307030e-01	-1.674448e+00	-1.599450e+00	-7.499769e-02
5.330000e-01	-7.622495e-01	7.307300e-01	-1.674480e+00	-1.599490e+00	-7.499072e-02
5.340000e-01	-7.622270e-01	7.307035e-01	-1.674448e+00	-1.599451e+00	-7.499704e-02
5.350000e-01	-7.622629e-01	7.307444e-01	-1.674497e+00	-1.599511e+00	-7.498542e-02
5.360000e-01	-7.622500e-01	7.307274e-01	-1.674481e+00	-1.599491e+00	-7.499059e-02
5.370000e-01	-7.622672e-01	7.307489e-01	-1.674499e+00	-1.599517e+00	-7.498225e-02
5.380000e-01	-7.622398e-01	7.307156e-01	-1.674467e+00	-1.599473e+00	-7.499360e-02
5.390000e-01	-7.622667e-01	7.307462e-01	-1.674508e+00	-1.599521e+00	-7.498738e-02
5.400000e-01	-7.622429e-01	7.307172e-01	-1.674479e+00	-1.599482e+00	-7.499656e-02
5.410000e-01	-7.622551e-01	7.307338e-01	-1.674499e+00	-1.599504e+00	-7.499416e-02
5.420000e-01	-7.622347e-01	7.307103e-01	-1.674467e+00	-1.599468e+00	-7.499868e-02
5.430000e-01	-7.622538e-01	7.307357e-01	-1.674486e+00	-1.599497e+00	-7.498934e-02
5.440000e-01	-7.622421e-01	7.307206e-01	-1.674470e+00	-1.599477e+00	-7.499298e-02
5.450000e-01	-7.622754e-01	7.307576e-01	-1.674519e+00	-1.599535e+00	-7.498425e-02
5.460000e-01	-7.622523e-01	7.307290e-01	-1.674487e+00	-1.599496e+00	-7.499120e-02
5.470000e-01	-7.622799e-01	7.307611e-01	-1.674522e+00	-1.599541e+00	-7.498113e-02
5.480000e-01	-7.622474e-01	7.307222e-01	-1.674485e+00	-1.599490e+00	-7.499491e-02
5.490000e-01	-7.622599e-01	7.307379e-01	-1.674502e+00	-1.599511e+00	-7.499110e-02
5.500000e-01	-7.622400e-01	7.307142e-01	-1.674476e+00	-1.599478e+00	-7.499782e-02
5.510000e-01	-7.622772e-01	7.307572e-01	-1.674528e+00	-1.599541e+00	-7.498662e-02
5.520000e-01	-7.622553e-01	7.307327e-01	-1.674494e+00	-1.599502e+00	-7.499163e-02
5.530000e-01	-7.622776e-01	7.307600e-01	-1.674523e+00	-1.599539e+00	-7.498391e-02
5.540000e-01	-7.622545e-01	7.307314e-01	-1.674496e+00	-1.599503e+00	-7.499373e-02
5.550000e-01	-7.622800e-01	7.307614e-01	-1.674532e+00	-1.599546e+00	-7.498600e-02
5.560000e-01	-7.622521e-01	7.307278e-01	-1.674495e+00	-1.599500e+00	-7.499570e-02
5.570000e-01	-7.622777e-01	7.307575e-01	-1.674530e+00	-1.599543e+00	-7.498736e-02
5.580000e-01	-7.622518e-01	7.307271e-01	-1.674493e+00	-1.599498e+00	-7.499492e-02
5.590000e-01	-7.622753e-01	7.307547e-01	-1.674527e+00	-1.599539e+00	-7.498829e-02
5.600000e-01	-7.622585e-01	7.307329e-01	-1.674508e+00	-1.599513e+00	-7.499548e-02
5.610000e-01	-7.622762e-01	7.307555e-01	-1.674530e+00	-1.599541e+00	-7.498894e-02
5.620000e-01	-7.622507e-01	7.307259e-01	-1.674491e+00	-1.599496e+00	-7.499491e-02
5.630000e-01	-7.622747e-01	7.307549e-01	-1.674526e+00	-1.599538e+00	-7.498830e-02
5.640000e-01	-7.622543e-01	7.307309e-01	-1.674499e+00	-1.599504e+00	-7.499510e-02
5.650000e-01	-7.622844e-01	7.307665e-01	-1.674541e+00	-1.599555e+00	-7.498586e-02
5.660000e-01	-7.622674e-01	7.307440e-01	-1.674521e+00	-1.599528e+00	-7.499320e-02
5.670000e-01	-7.622871e-01	7.307674e-01	-1.674547e+00	-1.599561e+00	-7.498659e-02
5.680000e-01	-7.622699e-01	7.307446e-01	-1.674526e+00	-1.599533e+00	-7.499332e-02
5.690000e-01	-7.622956e-01	7.307744e-01	-1.674563e+00	-1.599577e+00	-7.498602e-02
5.700000e-01	-7.622705e-01	7.307443e-01	-1.674528e+00	-1.599534e+00	-7.499333e-02
5.710000e-01	-7.622975e-01	7.307760e-01	-1.674566e+00	-1.599581e+00	-7.498558e-02
5.720000e-01	-7.622697e-01	7.307430e-01	-1.674529e+00	-1.599534e+00	-7.499495e-02
5.730000e-01	-7.622894e-01	7.307676e-01	-1.674552e+00	-1.599565e+00	-7.498658e-02
5.740000e-01	-7.622585e-01	7.307326e-01	-1.674511e+00	-1.599514e+00	-7.499683e-02
5.750000e-01	-7.622834e-01	7.307622e-01	-1.674550e+00	-1.599558e+00	-7.499163e-02
5.760000e-01	-7.622615e-01	7.307365e-01	-1.674517e+00	-1.599520e+00	-7.499717e-02
5.770000e-01	-7.622884e-01	7.307676e-01	-1.674552e+00	-1.599564e+00	-7.498759e-02
5.780000e-01	-7.622742e-01	7.307492e-01	-1.674534e+00	-1.599541e+00	-7.499275e-02
5.790000e-01	-7.622993e-01	7.307803e-01	-1.674566e+00	-1.599583e+00	-7.498385e-02
5.800000e-01	-7.622672e-01	7.307435e-01	-1.674526e+00	-1.599530e+00	-7.499582e-02
5.810000e-01	-7.622905e-01	7.307692e-01	-1.674562e+00	-1.599572e+00	-7.499073e-02
5.820000e-01	-7.622692e-01	7.307422e-01	-1.674529e+00	-1.599534e+00	-7.499525e-02
5.830000e-01	-7.623011e-01	7.307782e-01	-1.674576e+00	-1.599589e+00	-7.498669e-02
5.840000e-01	-7.622751e-01	7.307473e-01	-1.674540e+00	-1.599545e+00	-7.499507e-02
5.850000e-01	-7.622893e-01	7.307667e-01	-1.674559e+00	-1.599569e+00	-7.499013e-02
5.860000e-01	-7.622691e-01	7.307446e-01	-1.674528e+00	-1.599533e+00	-7.499504e-02
5.870000e-01	-7.623082e-01	7.307896e-01	-1.674578e+00	-1.599597e+00	-7.498103e-02
5.880000e-01	-7.622800e-01	7.307578e-01	-1.674534e+00	-1.599547e+00	-7.498710e-02
5.890000e-01	-7.622993e-01	7.307810e-01	-1.674564e+00	-1.599582e+00	-7.498296e-02
5.900000e-01	-7.622740e-01	7.307487e-01	-1.674536e+00	-1.599542e+00	-7.499390e-02
5.910000e-01	-7.622925e-01	7.307701e-01	-1.674564e+00	-1.599575e+00	-7.498975e-02
5.920000e-01	-7.622713e-01	7.307434e-01	-1.674535e+00	-1.599539e+00	-7.499609e-02
5.930000e-01	-7.623023e-01	7.307792e-01	-1.674578e+00	-1.599591e+00	-7.498687e-02
5.940000e-01	-7.622814e-01	7.307548e-01	-1.674548e+00	-1.599555e+00	-7.499273e-02
5.950000e-01	-7.623022e-01	7.307807e-01	-1.674579e+00	-1.599592e+00	-7.498724e-02
5.960000e-01	-7.622799e-01	7.307532e-01	-1.674551e+00	-1.599555e+00	-7.499561e-02
5.970000e-01	-7.622918e-01	7.307704e-01	-1.674561e+00	-1.599572e+00	-7.498875e-02
5.980000e-01	-7.622588e-01	7.307322e-01	-1.674517e+00	-1.599517e+00	-7.499974e-02
5.990000e-01	-7.622862e-01	7.307641e-01	-1.674560e+00	-1.599566e+00	-7.499390e-02
6.000000e-01	-7.622731e-01	7.307475e-01	-1.674540e+00	-1.599543e+00	-7.499701e-02
6.010000e-01	-7.623070e-01	7.307865e-01	-1.674584e+00	-1.599599e+00	-7.498496e-02
6.020000e-01	-7.622882e-01	7.307633e-01	-1.674556e+00	-1.599566e+00	-7.498974e-02
6.030000e-01	-7.623129e-01	7.307934e-01	-1.674587e+00	-1.599606e+00	-7.498057e-02
6.040000e-01	-7.622876e-01	7.307626e-01	-1.674556e+00	-1.599566e+00	-7.499055e-02
6.050000e-01	-7.623088e-01	7.307866e-01	-1.674595e+00	-1.599606e+00	-7.498857e-02
6.060000e-01	-7.622750e-01	7.307484e-01	-1.674545e+00	-1.599547e+00	-7.499727e-02
6.070000e-01	-7.622999e-01	7.307783e-01	-1.674574e+00	-1.599587e+00	-7.498713e-02
6.080000e-01	-7.622789e-01	7.307520e-01	-1.674548e+00	-1.599553e+00	-7.499530e-02
6.090000e-01	-7.623092e-01	7.307882e-01	-1.674586e+00	-1.599602e+00	-7.498373e-02
6.100000e-01	-7.622866e-01	7.307614e-01	-1.674556e+00	-1.599565e+00	-7.499156e-02
6.110000e-01	-7.623134e-01	7.307931e-01	-1.674597e+00	-1.599612e+00	-7.498525e-02
6.120000e-01	-7.622701e-01	7.307442e-01	-1.674534e+00	-1.599537e+00	-7.499694e-02
6.130000e-01	-7.622832e-01	7.307613e-01	-1.674550e+00	-1.599558e+00	-7.499186e-02
6.140000e-01	-7.622676e-01	7.307398e-01	-1.674536e+00	-1.599535e+00	-7.500016e-02
6.150000e-01	-7.622964e-01	7.307741e-01	-1.674574e+00	-1.599583e+00	-7.499060e-02
6.160000e-01	-7.622853e-01	7.307595e-01	-1.674557e+00	-1.599564e+00	-7.499302e-02
6.170000e-01	-7.623174e-01	7.307971e-01	-1.674598e+00	-1.599616e+00	-7.498163e-02
6.180000e-01	-7.622884e-01	7.307636e-01	-1.674557e+00	-1.599567e+00	-7.499037e-02
6.190000e-01	-7.623031e-01	7.307815e-01	-1.674581e+00	-1.599593e+00	-7.498716e-02
6.200000e-01	-7.622772e-01	7.307482e-01	-1.674554e+00	-1.599554e+00	-7.499996e-02
6.210000e-01	-7.623000e-01	7.307761e-01	-1.674584e+00	-1.599592e+00	-7.499200e-02
6.220000e-01	-7.622860e-01	7.307589e-01	-1.674561e+00	-1.599566e+00	-7.499444e-02
6.230000e-01	-7.623180e-01	7.307967e-01	-1.674604e+00	-1.599620e+00	-7.498393e-02
6.240000e-01	-7.622995e-01	7.307748e-01	-1.674576e+00	-1.599588e+00	-7.498844e-02
6.250000e-01	-7.623096e-01	7.307888e-01	-1.674589e+00	-1.599604e+00	-7.498495e-02
6.260000e-01	-7.622824e-01	7.307548e-01	-1.674555e+00	-1.599560e+00	-7.499527e-02
6.270000e-01	-7.623040e-01	7.307812e-01	-1.674582e+00	-1.599595e+00	-7.498697e-02
6.280000e-01	-7.622665e-01	7.307384e-01	-1.674536e+00	-1.599535e+00	-7.500172e-02
6.290000e-01	-7.622881e-01	7.307646e-01	-1.674566e+00	-1.599571e+00	-7.499477e-02
6.300000e-01	-7.622757e-01	7.307494e-01	-1.674543e+00	-1.599547e+00	-7.499590e-02
6.310000e-01	-7.623139e-01	7.307943e-01	-1.674597e+00	-1.599612e+00	-7.498439e-02
6.320000e-01	-7.623094e-01	7.307854e-01	-1.674590e+00	-1.599604e+00	-7.498539e-02
6.330000e-01	-7.623264e-01	7.308056e-01	-1.674610e+00	-1.599631e+00	-7.497854e-02
6.340000e-01	-7.622886e-01	7.307612e-01	-1.674563e+00	-1.599570e+00	-7.499309e-02
6.350000e-01	-7.623090e-01	7.307860e-01	-1.674596e+00	-1.599607e+00	-7.498915e-02
6.360000e-01	-7.622747e-01	7.307465e-01	-1.674548e+00	-1.599549e+00	-7.499949e-02
6.370000e-01	-7.622871e-01	7.307648e-01	-1.674560e+00	-1.599567e+00	-7.499269e-02
6.380000e-01	-7.622693e-01	7.307426e-01	-1.674537e+00	-1.599538e+00	-7.499898e-02
6.390000e-01	-7.622891e-01	7.307671e-01	-1.674563e+00	-1.599571e+00	-7.499248e-02
6.400000e-01	-7.622725e-01	7.307463e-01	-1.674541e+00	-1.599543e+00	-7.499821e-02
6.410000e-01	-7.623116e-01	7.307904e-01	-1.674597e+00	-1.599610e+00	-7.498700e-02
6.420000e-01	-7.622904e-01	7.307647e-01	-1.674564e+00	-1.599572e+00	-7.499137e-02
6.430000e-01	-7.623191e-01	7.307988e-01	-1.674604e+00	-1.599621e+00	-7.498272e-02
6.440000e-01	-7.622952e-01	7.307703e-01	-1.674572e+00	-1.599581e+00	-7.499064e-02
6.450000e-01	-7.623160e-01	7.307951e-01	-1.674600e+00	-1.599616e+00	-7.498415e-02
6.460000e-01	-7.622833e-01	7.307565e-01	-1.674560e+00	-1.599563e+00	-7.499670e-02
6.470000e-01	-7.623030e-01	7.307796e-01	-1.674586e+00	-1.599596e+00	-7.499015e-02
6.480000e-01	-7.622773e-01	7.307495e-01	-1.674546e+00	-1.599550e+00	-7.499571e-02
6.490000e-01	-7.623091e-01	7.307872e-01	-1.674589e+00	-1.599604e+00	-7.498525e-02
6.500000e-01	-7.622914e-01	7.307652e-01	-1.674569e+00	-1.599576e+00	-7.499295e-02
6.510000e-01	-7.623165e-01	7.307961e-01	-1.674600e+00	-1.599616e+00	-7.498342e-02
6.520000e-01	-7.622821e-01	7.307568e-01	-1.674554e+00	-1.599559e+00	-7.499469e-02
6.530000e-01	-7.623016e-01	7.307790e-01	-1.674583e+00	-1.599593e+00	-7.499008e-02
6.540000e-01	-7.622761e-01	7.307480e-01	-1.674549e+00	-1.599551e+00	-7.499849e-02
6.550000e-01	-7.623012e-01	7.307785e-01	-1.674587e+00	-1.599594e+00	-7.499206e-02
6.560000e-01	-7.622840e-01	7.307574e-01	-1.674560e+00	-1.599564e+00	-7.499601e-02
6.570000e-01	-7.623134e-01	7.307926e-01	-1.674591e+00	-1.599609e+00	-7.498204e-02
6.580000e-01	-7.622979e-01	7.307734e-01	-1.674571e+00	-1.599584e+00	-7.498784e-02
6.590000e-01	-7.623286e-01	7.308086e-01	-1.674618e+00	-1.599638e+00	-7.498062e-02
6.600000e-01	-7.622943e-01	7.307685e-01	-1.674571e+00	-1.599580e+00	-7.499126e-02
6.610000e-01	-7.623018e-01	7.307799e-01	-1.674581e+00	-1.599592e+00	-7.498883e-02
6.620000e-01	-7.622727e-01	7.307438e-01	-1.674548e+00	-1.599547e+00	-7.500122e-02
6.630000e-01	-7.622889e-01	7.307643e-01	-1.674570e+00	-1.599574e+00	-7.499590e-02
6.640000e-01	-7.622673e-01	7.307389e-01	-1.674539e+00	-1.599537e+00	-7.500239e-02
6.650000e-01	-7.623098e-01	7.307886e-01	-1.674596e+00	-1.599608e+00	-7.498798e-02
6.660000e-01	-7.623047e-01	7.307812e-01	-1.674583e+00	-1.599596e+00	-7.498657e-02
6.670000e-01	-7.623316e-01	7.308135e-01	-1.674616e+00	-1.599639e+00	-7.497628e-02
6.680000e-01	-7.622900e-01	7.307641e-01	-1.674568e+00	-1.599574e+00	-7.499424e-02
6.690000e-01	-7.622996e-01	7.307763e-01	-1.674581e+00	-1.599590e+00	-7.499110e-02
6.700000e-01	-7.622824e-01	7.307559e-01	-1.674557e+00	-1.599561e+00	-7.499619e-02
6.710000e-01	-7.623193e-01	7.307974e-01	-1.674611e+00	-1.599625e+00	-7.498630e-02
6.720000e-01	-7.622896e-01	7.307638e-01	-1.674565e+00	-1.599572e+00	-7.499284e-02
6.730000e-01	-7.623128e-01	7.307922e-01	-1.674592e+00	-1.599609e+00	-7.498313e-02
6.740000e-01	-7.622958e-01	7.307702e-01	-1.674572e+00	-1.599582e+00	-7.498995e-02
6.750000e-01	-7.623155e-01	7.307935e-01	-1.674605e+00	-1.599618e+00	-7.498692e-02
6.760000e-01	-7.622781e-01	7.307520e-01	-1.674554e+00	-1.599555e+00	-7.499893e-02
6.770000e-01	-7.622985e-01	7.307755e-01	-1.674579e+00	-1.599588e+00	-7.499087e-02
6.780000e-01	-7.622755e-01	7.307477e-01	-1.674548e+00	-1.599550e+00	-7.499865e-02
6.790000e-01	-7.623049e-01	7.307825e-01	-1.674587e+00	-1.599598e+00	-7.498841e-02
6.800000e-01	-7.622891e-01	7.307624e-01	-1.674567e+00	-1.599573e+00	-7.499437e-02
6.810000e-01	-7.623138e-01	7.307919e-01	-1.674599e+00	-1.599614e+00	-7.498584e-02
6.820000e-01	-7.622862e-01	7.307606e-01	-1.674560e+00	-1.599566e+00	-7.499363e-02
6.830000e-01	-7.623244e-01	7.308025e-01	-1.674614e+00	-1.599632e+00	-7.498275e-02
6.840000e-01	-7.622860e-01	7.307600e-01	-1.674561e+00	-1.599566e+00	-7.499436e-02
6.850000e-01	-7.622994e-01	7.307778e-01	-1.674580e+00	-1.599590e+00	-7.499080e-02
6.860000e-01	-7.622791e-01	7.307525e-01	-1.674555e+00	-1.599557e+00	-7.499851e-02
6.870000e-01	-7.623178e-01	7.307971e-01	-1.674604e+00	-1.599620e+00	-7.498403e-02
6.880000e-01	-7.622979e-01	7.307727e-01	-1.674574e+00	-1.599585e+00	-7.498926e-02
6.890000e-01	-7.623288e-01	7.308067e-01	-1.674617e+00	-1.599637e+00	-7.497984e-02
6.900000e-01	-7.622894e-01	7.307621e-01	-1.674565e+00	-1.599572e+00	-7.499305e-02
6.910000e-01	-7.623112e-01	7.307898e-01	-1.674596e+00	-1.599609e+00	-7.498695e-02
6.920000e-01	-7.622853e-01	7.307590e-01	-1.674563e+00	-1.599567e+00	-7.499616e-02
6.930000e-01	-7.623008e-01	7.307785e-01	-1.674582e+00	-1.599592e+00	-7.499016e-02
6.940000e-01	-7.622713e-01	7.307446e-01	-1.674544e+00	-1.599543e+00	-7.500090e-02
6.950000e-01	-7.623028e-01	7.307806e-01	-1.674591e+00	-1.599598e+00	-7.499283e-02
6.960000e-01	-7.622848e-01	7.307591e-01	-1.674561e+00	-1.599565e+00	-7.499570e-02
6.970000e-01	-7.623182e-01	7.307983e-01	-1.674598e+00	-1.599617e+00	-7.498074e-02
6.980000e-01	-7.622963e-01	7.307707e-01	-1.674573e+00	-1.599583e+00	-7.499025e-02
6.990000e-01	-7.623209e-01	7.307989e-01	-1.674608e+00	-1.599625e+00	-7.498300e-02
7.000000e-01	-7.622885e-01	7.307609e-01	-1.674566e+00	-1.599572e+00	-7.499454e-02
7.010000e-01	-7.623166e-01	7.307922e-01	-1.674606e+00	-1.599620e+00	-7.498665e-02
7.020000e-01	-7.622918e-01	7.307644e-01	-1.674569e+00	-1.599576e+00	-7.499259e-02
7.030000e-01	-7.623168e-01	7.307948e-01	-1.674604e+00	-1.599619e+00	-7.498527e-02
7.040000e-01	-7.622868e-01	7.307602e-01	-1.674568e+00	-1.599571e+00	-7.499720e-02
7.050000e-01	-7.623097e-01	7.307879e-01	-1.674598e+00	-1.599609e+00	-7.498928e-02
7.060000e-01	-7.622816e-01	7.307555e-01	-1.674558e+00	-1.599561e+00	-7.499764e-02
7.070000e-01	-7.623101e-01	7.307888e-01	-1.674595e+00	-1.599607e+00	-7.498728e-02
7.080000e-01	-7.622799e-01	7.307545e-01	-1.674551e+00	-1.599555e+00	-7.499572e-02
7.090000e-01	-7.623053e-01	7.307835e-01	-1.674584e+00	-1.599597e+00	-7.498690e-02
7.100000e-01	-7.622950e-01	7.307679e-01	-1.674576e+00	-1.599583e+00	-7.499317e-02
7.110000e-01	-7.623285e-01	7.308061e-01	-1.674623e+00	-1.599640e+00	-7.498281e-02
7.120000e-01	-7.623028e-01	7.307762e-01	-1.674583e+00	-1.599594e+00	-7.498894e-02
7.130000e-01	-7.623202e-01	7.307981e-01	-1.674611e+00	-1.599626e+00	-7.498539e-02
7.140000e-01	-7.622829e-01	7.307566e-01	-1.674558e+00	-1.599562e+00	-7.499625e-02
7.150000e-01	-7.623183e-01	7.307972e-01	-1.674606e+00	-1.599621e+00	-7.498471e-02
7.160000e-01	-7.622929e-01	7.307677e-01	-1.674574e+00	-1.599580e+00	-7.499412e-02
7.170000e-01	-7.623015e-01	7.307796e-01	-1.674585e+00	-1.599594e+00	-7.499108e-02
7.180000e-01	-7.622683e-01	7.307401e-01	-1.674540e+00	-1.599538e+00	-7.500149e-02
7.190000e-01	-7.622998e-01	7.307762e-01	-1.674586e+00	-1.599593e+00	-7.499317e-02
7.200000e-01	-7.622749e-01	7.307469e-01	-1.674550e+00	-1.599550e+00	-7.500026e-02
7.210000e-01	-7.623115e-01	7.307889e-01	-1.674597e+00	-1.599610e+00	-7.498701e-02
7.220000e-01	-7.622972e-01	7.307712e-01	-1.674572e+00	-1.599583e+00	-7.498895e-02
7.230000e-01	-7.623335e-01	7.308141e-01	-1.674620e+00	-1.599644e+00	-7.497658e-02
7.240000e-01	-7.622988e-01	7.307739e-01	-1.674573e+00	-1.599585e+00	-7.498787e-02
7.250000e-01	-7.623155e-01	7.307930e-01	-1.674604e+00	-1.599617e+00	-7.498645e-02
7.260000e-01	-7.622824e-01	7.307542e-01	-1.674564e+00	-1.599565e+00	-7.499988e-02
7.270000e-01	-7.623126e-01	7.307897e-01	-1.674602e+00	-1.599613e+00	-7.498831e-02
7.280000e-01	-7.622869e-01	7.307597e-01	-1.674565e+00	-1.599569e+00	-7.499545e-02
7.290000e-01	-7.623145e-01	7.307941e-01	-1.674600e+00	-1.599614e+00	-7.498530e-02
7.300000e-01	-7.622876e-01	7.307623e-01	-1.674565e+00	-1.599570e+00	-7.499466e-02
7.310000e-01	-7.623224e-01	7.308020e-01	-1.674613e+00	-1.599629e+00	-7.498412e-02
7.320000e-01	-7.622860e-01	7.307608e-01	-1.674559e+00	-1.599565e+00	-7.499344e-02
7.330000e-01	-7.623088e-01	7.307872e-01	-1.674591e+00	-1.599604e+00	-7.498686e-02
7.340000e-01	-7.622857e-01	7.307574e-01	-1.674567e+00	-1.599569e+00	-7.499796e-02
7.350000e-01	-7.623188e-01	7.307955e-01	-1.674612e+00	-1.599625e+00	-7.498703e-02
7.360000e-01	-7.623037e-01	7.307764e-01	-1.674587e+00	-1.599597e+00	-7.498960e-02
7.370000e-01	-7.623281e-01	7.308061e-01	-1.674620e+00	-1.599638e+00	-7.498177e-02
7.380000e-01	-7.622833e-01	7.307558e-01	-1.674558e+00	-1.599562e+00	-7.499560e-02
7.390000e-01	-7.623011e-01	7.307782e-01	-1.674585e+00	-1.599593e+00	-7.499120e-02
7.400000e-01	-7.622732e-01	7.307465e-01	-1.674550e+00	-1.599548e+00	-7.500169e-02
7.410000e-01	-7.623024e-01	7.307820e-01	-1.674585e+00	-1.599595e+00	-7.499023e-02
7.420000e-01	-7.622806e-01	7.307557e-01	-1.674551e+00	-1.599556e+00	-7.499490e-02
7.430000e-01	-7.623249e-01	7.308042e-01	-1.674615e+00	-1.599632e+00	-7.498237e-02
7.440000e-01	-7.623056e-01	7.307799e-01	-1.674584e+00	-1.599598e+00	-7.498638e-02
7.450000e-01	-7.623279e-01	7.308049e-01	-1.674620e+00	-1.599638e+00	-7.498215e-02
7.460000e-01	-7.622953e-01	7.307669e-01	-1.674580e+00	-1.599585e+00	-7.499444e-02
7.470000e-01	-7.623134e-01	7.307913e-01	-1.674601e+00	-1.599614e+00	-7.498688e-02
7.480000e-01	-7.622796e-01	7.307529e-01	-1.674553e+00	-1.599556e+00	-7.499707e-02
7.490000e-01	-7.623098e-01	7.307877e-01	-1.674597e+00	-1.599609e+00	-7.498891e-02
7.500000e-01	-7.622829e-01	7.307570e-01	-1.674560e+00	-1.599563e+00	-7.499698e-02
7.510000e-01	-7.623126e-01	7.307927e-01	-1.674599e+00	-1.599612e+00	-7.498713e-02
7.520000e-01	-7.622930e-01	7.307671e-01	-1.674572e+00	-1.599579e+00	-7.499309e-02
7.530000e-01	-7.623179e-01	7.307970e-01	-1.674603e+00	-1.599619e+00	-7.498373e-02
7.540000e-01	-7.622941e-01	7.307683e-01	-1.674569e+00	-1.599579e+00	-7.499056e-02
7.550000e-01	-7.623295e-01	7.308082e-01	-1.674627e+00	-1.599643e+00	-7.498393e-02
7.560000e-01	-7.622920e-01	7.307666e-01	-1.674570e+00	-1.599577e+00	-7.499316e-02
7.570000e-01	-7.623093e-01	7.307883e-01	-1.674588e+00	-1.599603e+00	-7.498476e-02
7.580000e-01	-7.622821e-01	7.307551e-01	-1.674556e+00	-1.599560e+00	-7.499590e-02
7.590000e-01	-7.623129e-01	7.307897e-01	-1.674601e+00	-1.599613e+00	-7.498741e-02
7.600000e-01	-7.622872e-01	7.307601e-01	-1.674563e+00	-1.599569e+00	-7.499451e-02
7.610000e-01	-7.623233e-01	7.308014e-01	-1.674619e+00	-1.599633e+00	-7.498609e-02
7.620000e-01	-7.622805e-01	7.307539e-01	-1.674554e+00	-1.599558e+00	-7.499656e-02
7.630000e-01	-7.623101e-01	7.307882e-01	-1.674595e+00	-1.599608e+00	-7.498755e-02
7.640000e-01	-7.622915e-01	7.307646e-01	-1.674575e+00	-1.599579e+00	-7.499591e-02
7.650000e-01	-7.623182e-01	7.307956e-01	-1.674608e+00	-1.599622e+00	-7.498597e-02
7.660000e-01	-7.622837e-01	7.307569e-01	-1.674560e+00	-1.599564e+00	-7.499611e-02
7.670000e-01	-7.623142e-01	7.307914e-01	-1.674603e+00	-1.599616e+00	-7.498753e-02
7.680000e-01	-7.622803e-01	7.307524e-01	-1.674557e+00	-1.599559e+00	-7.499818e-02
7.690000e-01	-7.623168e-01	7.307944e-01	-1.674605e+00	-1.599619e+00	-7.498570e-02
7.700000e-01	-7.622968e-01	7.307703e-01	-1.674580e+00	-1.599587e+00	-7.499311e-02
7.710000e-01	-7.623269e-01	7.308057e-01	-1.674618e+00	-1.599636e+00	-7.498218e-02
7.720000e-01	-7.622860e-01	7.307612e-01	-1.674557e+00	-1.599565e+00	-7.499265e-02
7.730000e-01	-7.623108e-01	7.307891e-01	-1.674596e+00	-1.599609e+00	-7.498713e-02
7.740000e-01	-7.622783e-01	7.307518e-01	-1.674553e+00	-1.599555e+00	-7.499803e-02
7.750000e-01	-7.623040e-01	7.307808e-01	-1.674592e+00	-1.599600e+00	-7.499200e-02
7.760000e-01	-7.622869e-01	7.307582e-01	-1.674571e+00	-1.599573e+00	-7.499878e-02
7.770000e-01	-7.623224e-01	7.307998e-01	-1.674613e+00	-1.599629e+00	-7.498421e-02
7.780000e-01	-7.622928e-01	7.307671e-01	-1.674572e+00	-1.599579e+00	-7.499303e-02
7.790000e-01	-7.623275e-01	7.308063e-01	-1.674620e+00	-1.599638e+00	-7.498274e-02
7.800000e-01	-7.622887e-01	7.307620e-01	-1.674567e+00	-1.599572e+00	-7.499470e-02
7.810000e-01	-7.623018e-01	7.307780e-01	-1.674587e+00	-1.599595e+00	-7.499172e-02
7.820000e-01	-7.622763e-01	7.307483e-01	-1.674552e+00	-1.599552e+00	-7.499981e-02
7.830000e-01	-7.623067e-01	7.307848e-01	-1.674588e+00	-1.599600e+00	-7.498716e-02
7.840000e-01	-7.622979e-01	7.307739e-01	-1.674571e+00	-1.599583e+00	-7.498756e-02
7.850000e-01	-7.623425e-01	7.308233e-01	-1.674637e+00	-1.599661e+00	-7.497582e-02
7.860000e-01	-7.623091e-01	7.307854e-01	-1.674589e+00	-1.599604e+00	-7.498544e-02
7.870000e-01	-7.623305e-01	7.308106e-01	-1.674619e+00	-1.599640e+00	-7.497896e-02
7.880000e-01	-7.623015e-01	7.307742e-01	-1.674589e+00	-1.599596e+00	-7.499292e-02
7.890000e-01	-7.623148e-01	7.307913e-01	-1.674608e+00	-1.599619e+00	-7.498902e-02
7.900000e-01	-7.622765e-01	7.307481e-01	-1.674555e+00	-1.599554e+00	-7.500116e-02
7.910000e-01	-7.623074e-01	7.307824e-01	-1.674600e+00	-1.599607e+00	-7.499267e-02
7.920000e-01	-7.622808e-01	7.307518e-01	-1.674557e+00	-1.599559e+00	-7.499775e-02
7.930000e-01	-7.623145e-01	7.307929e-01	-1.674596e+00	-1.599613e+00	-7.498366e-02
7.940000e-01	-7.622959e-01	7.307704e-01	-1.674570e+00	-1.599581e+00	-7.498926e-02
7.950000e-01	-7.623192e-01	7.307991e-01	-1.674604e+00	-1.599621e+00	-7.498279e-02
7.960000e-01	-7.622811e-01	7.307563e-01	-1.674556e+00	-1.599559e+00	-7.499669e-02
7.970000e-01	-7.623034e-01	7.307813e-01	-1.674590e+00	-1.599598e+00	-7.499143e-02
7.980000e-01	-7.622810e-01	7.307543e-01	-1.674555e+00	-1.599558e+00	-7.499629e-02
7.990000e-01	-7.623204e-01	7.307984e-01	-1.674611e+00	-1.599626e+00	-7.498488e-02
8.000000e-01	-7.623007e-01	7.307740e-01	-1.674587e+00	-1.599594e+00	-7.499297e-02
8.010000e-01	-7.623230e-01	7.308016e-01	-1.674615e+00	-1.599631e+00	-7.498468e-02
8.020000e-01	-7.622910e-01	7.307650e-01	-1.674566e+00	-1.599574e+00	-7.499187e-02
8.030000e-01	-7.623251e-01	7.308028e-01	-1.674617e+00	-1.599634e+00	-7.498355e-02
8.040000e-01	-7.622885e-01	7.307612e-01	-1.674567e+00	-1.599572e+00	-7.499527e-02
8.050000e-01	-7.622957e-01	7.307725e-01	-1.674581e+00	-1.599586e+00	-7.499462e-02
8.060000e-01	-7.622738e-01	7.307459e-01	-1.674550e+00	-1.599549e+00	-7.500139e-02
8.070000e-01	-7.623141e-01	7.307924e-01	-1.674599e+00	-1.599614e+00	-7.498532e-02
8.080000e-01	-7.622946e-01	7.307684e-01	-1.674572e+00	-1.599581e+00	-7.499169e-02
8.090000e-01	-7.623289e-01	7.308073e-01	-1.674623e+00	-1.599641e+00	-7.498277e-02
8.100000e-01	-7.623000e-01	7.307747e-01	-1.674581e+00	-1.599590e+00	-7.499032e-02
8.110000e-01	-7.623229e-01	7.308035e-01	-1.674614e+00	-1.599630e+00	-7.498398e-02
8.120000e-01	-7.622912e-01	7.307656e-01	-1.674570e+00	-1.599576e+00	-7.499366e-02
8.130000e-01	-7.623047e-01	7.307827e-01	-1.674587e+00	-1.599598e+00	-7.498864e-02
8.140000e-01	-7.622704e-01	7.307431e-01	-1.674541e+00	-1.599541e+00	-7.500006e-02
8.150000e-01	-7.623051e-01	7.307807e-01	-1.674597e+00	-1.599603e+00	-7.499322e-02
8.160000e-01	-7.622823e-01	7.307539e-01	-1.674562e+00	-1.599563e+00	-7.499854e-02
8.170000e-01	-7.623126e-01	7.307899e-01	-1.674600e+00	-1.599612e+00	-7.498730e-02
8.180000e-01	-7.622941e-01	7.307672e-01	-1.674573e+00	-1.599581e+00	-7.499251e-02
8.190000e-01	-7.623286e-01	7.308082e-01	-1.674618e+00	-1.599638e+00	-7.498039e-02
8.200000e-01	-7.622991e-01	7.307751e-01	-1.674577e+00	-1.599588e+00	-7.498939e-02
8.210000e-01	-7.623216e-01	7.308003e-01	-1.674613e+00	-1.599628e+00	-7.498488e-02
8.220000e-01	-7.622795e-01	7.307523e-01	-1.674551e+00	-1.599555e+00	-7.499582e-02
8.230000e-01	-7.623000e-01	7.307769e-01	-1.674583e+00	-1.599591e+00	-7.499140e-02
8.240000e-01	-7.622791e-01	7.307497e-01	-1.674558e+00	-1.599558e+00	-7.499985e-02
8.250000e-01	-7.623184e-01	7.307952e-01	-1.674608e+00	-1.599623e+00	-7.498584e-02
8.260000e-01	-7.623015e-01	7.307764e-01	-1.674582e+00	-1.599593e+00	-7.498957e-02
8.270000e-01	-7.623256e-01	7.308050e-01	-1.674619e+00	-1.599635e+00	-7.498380e-02
8.280000e-01	-7.622867e-01	7.307605e-01	-1.674564e+00	-1.599569e+00	-7.499516e-02
8.290000e-01	-7.623030e-01	7.307806e-01	-1.674587e+00	-1.599597e+00	-7.499073e-02
8.300000e-01	-7.622765e-01	7.307486e-01	-1.674556e+00	-1.599554e+00	-7.500148e-02
8.310000e-01	-7.623105e-01	7.307882e-01	-1.674600e+00	-1.599610e+00	-7.498942e-02
8.320000e-01	-7.622903e-01	7.307646e-01	-1.674564e+00	-1.599572e+00	-7.499181e-02
8.330000e-01	-7.623246e-01	7.308036e-01	-1.674612e+00	-1.599631e+00	-7.498160e-02
8.340000e-01	-7.623049e-01	7.307793e-01	-1.674584e+00	-1.599597e+00	-7.498717e-02
8.350000e-01	-7.623249e-01	7.308035e-01	-1.674617e+00	-1.599633e+00	-7.498341e-02
8.360000e-01	-7.622838e-01	7.307556e-01	-1.674565e+00	-1.599566e+00	-7.499862e-02
8.370000e-01	-7.622915e-01	7.307675e-01	-1.674572e+00	-1.599577e+00	-7.499428e-02
8.380000e-01	-7.622657e-01	7.307378e-01	-1.674535e+00	-1.599533e+00	-7.500198e-02
8.390000e-01	-7.623067e-01	7.307848e-01	-1.674596e+00	-1.599605e+00	-7.499125e-02
8.400000e-01	-7.622971e-01	7.307733e-01	-1.674574e+00	-1.599584e+00	-7.498969e-02
8.410000e-01	-7.623238e-01	7.308046e-01	-1.674608e+00	-1.599628e+00	-7.498021e-02
8.420000e-01	-7.622885e-01	7.307607e-01	-1.674564e+00	-1.599570e+00	-7.499340e-02
8.430000e-01	-7.623201e-01	7.307969e-01	-1.674610e+00	-1.599625e+00	-7.498491e-02
8.440000e-01	-7.622898e-01	7.307629e-01	-1.674567e+00	-1.599573e+00	-7.499386e-02
8.450000e-01	-7.623146e-01	7.307918e-01	-1.674607e+00	-1.599618e+00	-7.498885e-02
8.460000e-01	-7.622853e-01	7.307591e-01	-1.674564e+00	-1.599567e+00	-7.499658e-02
8.470000e-01	-7.623177e-01	7.307973e-01	-1.674606e+00	-1.599621e+00	-7.498523e-02
8.480000e-01	-7.622922e-01	7.307665e-01	-1.674571e+00	-1.599578e+00	-7.499354e-02
8.490000e-01	-7.623149e-01	7.307936e-01	-1.674601e+00	-1.599615e+00	-7.498544e-02
8.500000e-01	-7.622804e-01	7.307537e-01	-1.674554e+00	-1.599557e+00	-7.499641e-02
8.510000e-01	-7.623166e-01	7.307936e-01	-1.674611e+00	-1.599622e+00	-7.498902e-02
8.520000e-01	-7.622922e-01	7.307649e-01	-1.674571e+00	-1.599578e+00	-7.499311e-02
8.530000e-01	-7.623216e-01	7.307990e-01	-1.674607e+00	-1.599625e+00	-7.498200e-02
8.540000e-01	-7.622937e-01	7.307659e-01	-1.674572e+00	-1.599580e+00	-7.499246e-02
8.550000e-01	-7.623138e-01	7.307912e-01	-1.674603e+00	-1.599615e+00	-7.498791e-02
8.560000e-01	-7.622789e-01	7.307523e-01	-1.674553e+00	-1.599555e+00	-7.499746e-02
8.570000e-01	-7.623127e-01	7.307908e-01	-1.674597e+00	-1.599611e+00	-7.498606e-02
8.580000e-01	-7.622876e-01	7.307609e-01	-1.674562e+00	-1.599569e+00	-7.499353e-02
8.590000e-01	-7.623164e-01	7.307959e-01	-1.674604e+00	-1.599618e+00	-7.498539e-02
8.600000e-01	-7.622851e-01	7.307587e-01	-1.674564e+00	-1.599567e+00	-7.499705e-02
8.610000e-01	-7.623138e-01	7.307932e-01	-1.674601e+00	-1.599614e+00	-7.498660e-02
8.620000e-01	-7.622903e-01	7.307656e-01	-1.674563e+00	-1.599572e+00	-7.499137e-02
8.630000e-01	-7.623214e-01	7.307990e-01	-1.674616e+00	-1.599629e+00	-7.498641e-02
8.640000e-01	-7.622976e-01	7.307696e-01	-1.674582e+00	-1.599589e+00	-7.499355e-02
8.650000e-01	-7.623272e-01	7.308049e-01	-1.674619e+00	-1.599636e+00	-7.498210e-02
8.660000e-01	-7.622979e-01	7.307714e-01	-1.674578e+00	-1.599587e+00	-7.499121e-02
8.670000e-01	-7.623227e-01	7.308020e-01	-1.674610e+00	-1.599628e+00	-7.498225e-02
8.680000e-01	-7.622745e-01	7.307483e-01	-1.674545e+00	-1.599547e+00	-7.499799e-02
8.690000e-01	-7.622959e-01	7.307723e-01	-1.674580e+00	-1.599586e+00	-7.499395e-02
8.700000e-01	-7.622701e-01	7.307421e-01	-1.674546e+00	-1.599543e+00	-7.500273e-02
8.710000e-01	-7.623071e-01	7.307857e-01	-1.674593e+00	-1.599604e+00	-7.498962e-02
8.720000e-01	-7.622961e-01	7.307715e-01	-1.674574e+00	-1.599583e+00	-7.499090e-02
8.730000e-01	-7.623279e-01	7.308081e-01	-1.674613e+00	-1.599635e+00	-7.497864e-02
8.740000e-01	-7.623029e-01	7.307779e-01	-1.674582e+00	-1.599594e+00	-7.498831e-02
8.750000e-01	-7.623248e-01	7.308021e-01	-1.674619e+00	-1.599635e+00	-7.498493e-02
8.760000e-01	-7.622862e-01	7.307577e-01	-1.674567e+00	-1.599570e+00	-7.499726e-02
8.770000e-01	-7.623051e-01	7.307809e-01	-1.674589e+00	-1.599599e+00	-7.498920e-02
8.780000e-01	-7.622764e-01	7.307480e-01	-1.674550e+00	-1.599552e+00	-7.499873e-02
8.790000e-01	-7.623064e-01	7.307840e-01	-1.674590e+00	-1.599601e+00	-7.498856e-02
8.800000e-01	-7.622820e-01	7.307564e-01	-1.674558e+00	-1.599561e+00	-7.499689e-02
8.810000e-01	-7.623148e-01	7.307938e-01	-1.674604e+00	-1.599617e+00	-7.498717e-02
8.820000e-01	-7.622865e-01	7.307623e-01	-1.674559e+00	-1.599566e+00	-7.499286e-02
8.830000e-01	-7.623200e-01	7.308008e-01	-1.674605e+00	-1.599622e+00	-7.498236e-02
8.840000e-01	-7.622845e-01	7.307589e-01	-1.674562e+00	-1.599566e+00	-7.499656e-02
8.850000e-01	-7.623068e-01	7.307840e-01	-1.674591e+00	-1.599602e+00	-7.498853e-02
8.860000e-01	-7.622838e-01	7.307553e-01	-1.674561e+00	-1.599564e+00	-7.499679e-02
8.870000e-01	-7.623185e-01	7.307945e-01	-1.674610e+00	-1.599624e+00	-7.498668e-02
8.880000e-01	-7.622961e-01	7.307678e-01	-1.674577e+00	-1.599584e+00	-7.499218e-02
8.890000e-01	-7.623253e-01	7.308033e-01	-1.674612e+00	-1.599631e+00	-7.498086e-02
8.900000e-01	-7.623029e-01	7.307767e-01	-1.674589e+00	-1.599597e+00	-7.499151e-02
8.910000e-01	-7.623300e-01	7.308104e-01	-1.674622e+00	-1.599641e+00	-7.498098e-02
8.920000e-01	-7.622865e-01	7.307618e-01	-1.674562e+00	-1.599567e+00	-7.499432e-02
8.930000e-01	-7.622892e-01	7.307670e-01	-1.674572e+00	-1.599575e+00	-7.499682e-02
8.940000e-01	-7.622661e-01	7.307388e-01	-1.674538e+00	-1.599535e+00	-7.500313e-02
8.950000e-01	-7.623063e-01	7.307848e-01	-1.674591e+00	-1.599602e+00	-7.498922e-02
8.960000e-01	-7.623083e-01	7.307831e-01	-1.674595e+00	-1.599606e+00	-7.498946e-02
8.970000e-01	-7.623358e-01	7.308157e-01	-1.674624e+00	-1.599648e+00	-7.497633e-02
8.980000e-01	-7.622979e-01	7.307723e-01	-1.674573e+00	-1.599584e+00	-7.498844e-02
8.990000e-01	-7.623220e-01	7.307995e-01	-1.674612e+00	-1.599628e+00	-7.498397e-02
9.000000e-01	-7.622909e-01	7.307632e-01	-1.674574e+00	-1.599578e+00	-7.499588e-02
9.010000e-01	-7.623042e-01	7.307805e-01	-1.674589e+00	-1.599599e+00	-7.499048e-02
9.020000e-01	-7.622698e-01	7.307414e-01	-1.674543e+00	-1.599542e+00	-7.500181e-02
9.030000e-01	-7.622954e-01	7.307724e-01	-1.674577e+00	-1.599584e+00	-7.499296e-02
9.040000e-01	-7.622811e-01	7.307550e-01	-1.674556e+00	-1.599559e+00	-7.499670e-02
9.050000e-01	-7.623277e-01	7.308069e-01	-1.674620e+00	-1.599638e+00	-7.498208e-02
9.060000e-01	-7.623034e-01	7.307787e-01	-1.674584e+00	-1.599595e+00	-7.498852e-02
9.070000e-01	-7.623252e-01	7.308053e-01	-1.674611e+00	-1.599630e+00	-7.498012e-02
9.080000e-01	-7.622829e-01	7.307564e-01	-1.674562e+00	-1.599564e+00	-7.499802e-02
9.090000e-01	-7.623068e-01	7.307837e-01	-1.674594e+00	-1.599604e+00	-7.499014e-02
9.100000e-01	-7.622810e-01	7.307534e-01	-1.674558e+00	-1.599560e+00	-7.499794e-02
9.110000e-01	-7.623238e-01	7.308017e-01	-1.674618e+00	-1.599633e+00	-7.498500e-02
9.120000e-01	-7.622986e-01	7.307725e-01	-1.674580e+00	-1.599589e+00	-7.499133e-02
9.130000e-01	-7.623256e-01	7.308042e-01	-1.674613e+00	-1.599632e+00	-7.498099e-02
9.140000e-01	-7.623024e-01	7.307763e-01	-1.674586e+00	-1.599595e+00	-7.499055e-02
9.150000e-01	-7.623214e-01	7.308003e-01	-1.674612e+00	-1.599627e+00	-7.498462e-02
9.160000e-01	-7.622781e-01	7.307531e-01	-1.674554e+00	-1.599555e+00	-7.499909e-02
9.170000e-01	-7.623036e-01	7.307835e-01	-1.674585e+00	-1.599596e+00	-7.498871e-02
9.180000e-01	-7.622805e-01	7.307559e-01	-1.674550e+00	-1.599555e+00	-7.499433e-02
9.190000e-01	-7.623148e-01	7.307938e-01	-1.674599e+00	-1.599614e+00	-7.498488e-02
9.200000e-01	-7.622990e-01	7.307723e-01	-1.674584e+00	-1.599591e+00	-7.499325e-02
9.210000e-01	-7.623230e-01	7.308010e-01	-1.674613e+00	-1.599630e+00	-7.498365e-02
9.220000e-01	-7.622940e-01	7.307680e-01	-1.674569e+00	-1.599579e+00	-7.499071e-02
9.230000e-01	-7.623297e-01	7.308079e-01	-1.674623e+00	-1.599641e+00	-7.498159e-02
9.240000e-01	-7.622930e-01	7.307659e-01	-1.674575e+00	-1.599580e+00	-7.499457e-02
9.250000e-01	-7.623124e-01	7.307890e-01	-1.674602e+00	-1.599614e+00	-7.498875e-02
9.260000e-01	-7.622815e-01	7.307542e-01	-1.674564e+00	-1.599563e+00	-7.500050e-02
9.270000e-01	-7.623009e-01	7.307788e-01	-1.674586e+00	-1.599594e+00	-7.499230e-02
9.280000e-01	-7.622698e-01	7.307433e-01	-1.674542e+00	-1.599541e+00	-7.500147e-02
9.290000e-01	-7.623110e-01	7.307900e-01	-1.674598e+00	-1.599610e+00	-7.498788e-02
9.300000e-01	-7.622964e-01	7.307721e-01	-1.674575e+00	-1.599584e+00	-7.499085e-02
9.310000e-01	-7.623322e-01	7.308131e-01	-1.674622e+00	-1.599643e+00	-7.497904e-02
9.320000e-01	-7.622985e-01	7.307732e-01	-1.674580e+00	-1.599588e+00	-7.499137e-02
9.330000e-01	-7.623158e-01	7.307929e-01	-1.674602e+00	-1.599617e+00	-7.498511e-02
9.340000e-01	-7.622965e-01	7.307695e-01	-1.674575e+00	-1.599584e+00	-7.499095e-02
9.350000e-01	-7.623189e-01	7.307960e-01	-1.674612e+00	-1.599625e+00	-7.498718e-02
9.360000e-01	-7.622894e-01	7.307624e-01	-1.674570e+00	-1.599574e+00	-7.499544e-02
9.370000e-01	-7.623160e-01	7.307944e-01	-1.674599e+00	-1.599615e+00	-7.498331e-02
9.380000e-01	-7.622909e-01	7.307650e-01	-1.674566e+00	-1.599574e+00	-7.499216e-02
9.390000e-01	-7.623222e-01	7.308012e-01	-1.674610e+00	-1.599627e+00	-7.498276e-02
9.400000e-01	-7.622854e-01	7.307597e-01	-1.674562e+00	-1.599566e+00	-7.499542e-02
9.410000e-01	-7.623074e-01	7.307847e-01	-1.674596e+00	-1.599605e+00	-7.499059e-02
9.420000e-01	-7.622742e-01	7.307466e-01	-1.674547e+00	-1.599548e+00	-7.499950e-02
9.430000e-01	-7.623083e-01	7.307856e-01	-1.674593e+00	-1.599605e+00	-7.498831e-02
9.440000e-01	-7.622961e-01	7.307695e-01	-1.674580e+00	-1.599586e+00	-7.499405e-02
9.450000e-01	-7.623323e-01	7.308116e-01	-1.674626e+00	-1.599645e+00	-7.498084e-02
9.460000e-01	-7.623030e-01	7.307786e-01	-1.674581e+00	-1.599594e+00	-7.498760e-02
9.470000e-01	-7.623308e-01	7.308109e-01	-1.674620e+00	-1.599641e+00	-7.497930e-02
9.480000e-01	-7.622901e-01	7.307648e-01	-1.674568e+00	-1.599574e+00	-7.499385e-02
9.490000e-01	-7.623049e-01	7.307828e-01	-1.674589e+00	-1.599600e+00	-7.498971e-02
9.500000e-01	-7.622708e-01	7.307430e-01	-1.674548e+00	-1.599545e+00	-7.500305e-02
9.510000e-01	-7.623030e-01	7.307808e-01	-1.674591e+00	-1.599599e+00	-7.499264e-02
9.520000e-01	-7.622843e-01	7.307588e-01	-1.674559e+00	-1.599564e+00	-7.499527e-02
9.530000e-01	-7.623236e-01	7.308026e-01	-1.674612e+00	-1.599630e+00	-7.498260e-02
9.540000e-01	-7.622897e-01	7.307637e-01	-1.674566e+00	-1.599573e+00	-7.499345e-02
9.550000e-01	-7.623190e-01	7.307974e-01	-1.674610e+00	-1.599624e+00	-7.498585e-02
9.560000e-01	-7.622905e-01	7.307648e-01	-1.674572e+00	-1.599577e+00	-7.499559e-02
9.570000e-01	-7.623162e-01	7.307953e-01	-1.674600e+00	-1.599616e+00	-7.498365e-02
9.580000e-01	-7.622800e-01	7.307531e-01	-1.674553e+00	-1.599556e+00	-7.499633e-02
9.590000e-01	-7.623127e-01	7.307894e-01	-1.674604e+00	-1.599615e+00	-7.498938e-02
9.600000e-01	-7.622945e-01	7.307680e-01	-1.674577e+00	-1.599583e+00	-7.499377e-02
9.610000e-01	-7.623285e-01	7.308079e-01	-1.674617e+00	-1.599637e+00	-7.498000e-02
9.620000e-01	-7.622973e-01	7.307723e-01	-1.674572e+00	-1.599583e+00	-7.498864e-02
9.630000e-01	-7.623195e-01	7.307988e-01	-1.674604e+00	-1.599622e+00	-7.498261e-02
9.640000e-01	-7.622816e-01	7.307566e-01	-1.674553e+00	-1.599558e+00	-7.499488e-02
9.650000e-01	-7.623094e-01	7.307879e-01	-1.674595e+00	-1.599607e+00	-7.498804e-02
9.660000e-01	-7.622714e-01	7.307437e-01	-1.674545e+00	-1.599544e+00	-7.500123e-02
9.670000e-01	-7.623031e-01	7.307791e-01	-1.674589e+00	-1.599598e+00	-7.499139e-02
9.680000e-01	-7.622828e-01	7.307539e-01	-1.674562e+00	-1.599564e+00	-7.499797e-02
9.690000e-01	-7.623224e-01	7.308000e-01	-1.674611e+00	-1.599628e+00	-7.498294e-02
9.700000e-01	-7.622963e-01	7.307714e-01	-1.674574e+00	-1.599583e+00	-7.499044e-02
9.710000e-01	-7.623273e-01	7.308073e-01	-1.674619e+00	-1.599637e+00	-7.498231e-02
9.720000e-01	-7.622893e-01	7.307646e-01	-1.674565e+00	-1.599572e+00	-7.499328e-02
9.730000e-01	-7.623104e-01	7.307890e-01	-1.674592e+00	-1.599606e+00	-7.498545e-02
9.740000e-01	-7.622889e-01	7.307627e-01	-1.674566e+00	-1.599572e+00	-7.499383e-02
9.750000e-01	-7.623204e-01	7.307995e-01	-1.674611e+00	-1.599626e+00	-7.498486e-02
9.760000e-01	-7.622899e-01	7.307638e-01	-1.674567e+00	-1.599573e+00	-7.499339e-02
9.770000e-01	-7.623170e-01	7.307938e-01	-1.674601e+00	-1.599617e+00	-7.498343e-02
9.780000e-01	-7.622952e-01	7.307690e-01	-1.674570e+00	-1.599580e+00	-7.498983e-02
9.790000e-01	-7.623235e-01	7.308022e-01	-1.674611e+00	-1.599629e+00	-7.498189e-02
9.800000e-01	-7.622948e-01	7.307691e-01	-1.674575e+00	-1.599582e+00	-7.499265e-02
9.810000e-01	-7.623124e-01	7.307926e-01	-1.674595e+00	-1.599610e+00	-7.498496e-02
9.820000e-01	-7.622735e-01	7.307476e-01	-1.674544e+00	-1.599546e+00	-7.499861e-02
9.830000e-01	-7.622970e-01	7.307740e-01	-1.674584e+00	-1.599589e+00	-7.499494e-02
9.840000e-01	-7.622761e-01	7.307487e-01	-1.674553e+00	-1.599552e+00	-7.500028e-02
9.850000e-01	-7.623141e-01	7.307930e-01	-1.674603e+00	-1.599615e+00	-7.498734e-02
9.860000e-01	-7.623060e-01	7.307814e-01	-1.674591e+00	-1.599601e+00	-7.498953e-02
9.870000e-01	-7.623325e-01	7.308137e-01	-1.674623e+00	-1.599644e+00	-7.497885e-02
9.880000e-01	-7.622968e-01	7.307728e-01	-1.674573e+00	-1.599584e+00	-7.498990e-02
9.890000e-01	-7.623200e-01	7.307989e-01	-1.674610e+00	-1.599625e+00	-7.498490e-02
9.900000e-01	-7.622847e-01	7.307571e-01	-1.674563e+00	-1.599566e+00	-7.499703e-02
9.910000e-01	-7.623056e-01	7.307819e-01	-1.674593e+00	-1.599602e+00	-7.499106e-02
9.920000e-01	-7.622792e-01	7.307508e-01	-1.674556e+00	-1.599557e+00	-7.499852e-02
9.930000e-01	-7.623084e-01	7.307858e-01	-1.674590e+00	-1.599603e+00	-7.498671e-02
9.940000e-01	-7.622975e-01	7.307727e-01	-1.674574e+00	-1.599585e+00	-7.498972e-02
9.950000e-01	-7.623283e-01	7.308076e-01	-1.674625e+00	-1.599641e+00	-7.498414e-02
9.960000e-01	-7.622852e-01	7.307597e-01	-1.674563e+00	-1.599566e+00	-7.499610e-02
9.970000e-01	-7.623057e-01	7.307850e-01	-1.674584e+00	-1.599598e+00	-7.498636e-02
9.980000e-01	-7.622782e-01	7.307511e-01	-1.674554e+00	-1.599555e+00	-7.499857e-02
9.990000e-01	-7.623054e-01	7.307834e-01	-1.674591e+00	-1.599601e+00	-7.499012e-02
1.000000e+00	-7.622877e-01	7.307609e-01	-1.674566e+00	-1.599571e+00	-7.499553e-02
