# Force coefficients
# liftDir    : (0.000000e+00 1.000000e+00 0.000000e+00)
# dragDir    : (1.000000e+00 0.000000e+00 0.000000e+00)
# pitchAxis  : (0.000000e+00 0.000000e+00 1.000000e+00)
# magUInf    : 5.148000e+01
# lRef       : 4.530000e-01
# Aref       : 4.348800e-01
# CofR       : (0.000000e+00 0.000000e+00 0.000000e+00)
# Time       	Cm           	Cd           	Cl           	Cl(f)        	Cl(r)        	Cm	Cd	Cl	Cl(f)	Cl(r)
1.000000e-03	-1.775159e-03	1.969496e-03	-3.034279e-03	-3.292299e-03	2.580202e-04
2.000000e-03	-1.157876e-02	1.322402e-02	-2.104849e-02	-2.210300e-02	1.054516e-03
3.000000e-03	-1.992466e-02	2.273999e-02	-3.798679e-02	-3.891806e-02	9.312681e-04
4.000000e-03	-2.208267e-02	2.513684e-02	-4.401847e-02	-4.409190e-02	7.343741e-05
5.000000e-03	-2.249447e-02	2.530232e-02	-4.745126e-02	-4.622010e-02	-1.231161e-03
6.000000e-03	-2.332488e-02	2.565038e-02	-5.197876e-02	-4.931426e-02	-2.664501e-03
7.000000e-03	-2.496011e-02	2.672339e-02	-5.808180e-02	-5.400101e-02	-4.080790e-03
8.000000e-03	-2.867863e-02	3.005265e-02	-6.787330e-02	-6.261528e-02	-5.258017e-03
9.000000e-03	-3.386922e-02	3.503135e-02	-8.032028e-02	-7.402936e-02	-6.290917e-03
1.000000e-02	-3.944144e-02	4.051401e-02	-9.340190e-02	-8.614239e-02	-7.259511e-03
1.100000e-02	-4.440155e-02	4.536648e-02	-1.053326e-01	-9.706786e-02	-8.264767e-03
1.200000e-02	-4.920035e-02	5.009450e-02	-1.170348e-01	-1.077178e-01	-9.317061e-03
1.300000e-02	-5.356104e-02	5.438085e-02	-1.279984e-01	-1.175602e-01	-1.043815e-02
1.400000e-02	-5.789527e-02	5.863883e-02	-1.390787e-01	-1.274346e-01	-1.164408e-02
1.500000e-02	-6.298909e-02	6.376425e-02	-1.516775e-01	-1.388279e-01	-1.284968e-02
1.600000e-02	-6.943410e-02	7.036459e-02	-1.670574e-01	-1.529628e-01	-1.409462e-02
1.700000e-02	-7.734076e-02	7.847497e-02	-1.857230e-01	-1.702023e-01	-1.552073e-02
1.800000e-02	-8.639624e-02	8.767198e-02	-2.073122e-01	-1.900523e-01	-1.725984e-02
1.900000e-02	-9.569567e-02	9.697968e-02	-2.300935e-01	-2.107424e-01	-1.935108e-02
2.000000e-02	-1.047294e-01	1.058679e-01	-2.528617e-01	-2.311603e-01	-2.170138e-02
2.100000e-02	-1.132178e-01	1.140556e-01	-2.749471e-01	-2.506913e-01	-2.425580e-02
2.200000e-02	-1.211397e-01	1.215602e-01	-2.960677e-01	-2.691735e-01	-2.689418e-02
2.300000e-02	-1.289566e-01	1.289177e-01	-3.169173e-01	-2.874152e-01	-2.950208e-02
2.400000e-02	-1.371153e-01	1.365999e-01	-3.383699e-01	-3.063002e-01	-3.206966e-02
2.500000e-02	-1.464115e-01	1.454475e-01	-3.622029e-01	-3.275130e-01	-3.469000e-02
2.600000e-02	-1.570737e-01	1.557181e-01	-3.889463e-01	-3.515468e-01	-3.739948e-02
2.700000e-02	-1.689233e-01	1.672398e-01	-4.182717e-01	-3.780592e-01	-4.021255e-02
2.800000e-02	-1.817134e-01	1.797425e-01	-4.498778e-01	-4.066523e-01	-4.322555e-02
2.900000e-02	-1.950840e-01	1.928370e-01	-4.831572e-01	-4.366626e-01	-4.649457e-02
3.000000e-02	-2.086849e-01	2.061500e-01	-5.173670e-01	-4.673684e-01	-4.999858e-02
3.100000e-02	-2.222347e-01	2.194074e-01	-5.517160e-01	-4.980927e-01	-5.362328e-02
3.200000e-02	-2.357633e-01	2.326474e-01	-5.861123e-01	-5.288195e-01	-5.729286e-02
3.300000e-02	-2.494752e-01	2.460854e-01	-6.207675e-01	-5.598590e-01	-6.090851e-02
3.400000e-02	-2.637198e-01	2.600855e-01	-6.563453e-01	-5.918924e-01	-6.445281e-02
3.500000e-02	-2.785232e-01	2.746838e-01	-6.928709e-01	-6.249586e-01	-6.791228e-02
3.600000e-02	-2.942804e-01	2.902647e-01	-7.314144e-01	-6.599876e-01	-7.142680e-02
3.700000e-02	-3.109014e-01	3.067622e-01	-7.717038e-01	-6.967533e-01	-7.495046e-02
3.800000e-02	-3.281311e-01	3.239402e-01	-8.131698e-01	-7.347160e-01	-7.845377e-02
3.900000e-02	-3.457902e-01	3.416011e-01	-8.553312e-01	-7.734558e-01	-8.187538e-02
4.000000e-02	-3.638592e-01	3.597118e-01	-8.981639e-01	-8.129411e-01	-8.522280e-02
4.100000e-02	-3.821116e-01	3.780160e-01	-9.411614e-01	-8.526923e-01	-8.846913e-02
4.200000e-02	-4.006139e-01	3.965751e-01	-9.845572e-01	-8.928925e-01	-9.166471e-02
4.300000e-02	-4.194801e-01	4.154819e-01	-1.028468e+00	-9.337142e-01	-9.475394e-02
4.400000e-02	-4.388931e-01	4.349203e-01	-1.073205e+00	-9.754955e-01	-9.770935e-02
4.500000e-02	-4.587949e-01	4.548280e-01	-1.118493e+00	-1.018041e+00	-1.004517e-01
4.600000e-02	-4.792635e-01	4.752852e-01	-1.164561e+00	-1.061544e+00	-1.030171e-01
4.700000e-02	-4.997417e-01	4.957773e-01	-1.209986e+00	-1.104735e+00	-1.052515e-01
4.800000e-02	-5.200889e-01	5.161834e-01	-1.254370e+00	-1.147274e+00	-1.070961e-01
4.900000e-02	-5.405118e-01	5.366784e-01	-1.298200e+00	-1.189612e+00	-1.085883e-01
5.000000e-02	-5.611235e-01	5.573595e-01	-1.341963e+00	-1.232105e+00	-1.098580e-01
5.100000e-02	-5.819321e-01	5.781516e-01	-1.385969e+00	-1.274917e+00	-1.110524e-01
5.200000e-02	-6.027209e-01	5.988450e-01	-1.430008e+00	-1.317725e+00	-1.122830e-01
5.300000e-02	-6.231759e-01	6.191014e-01	-1.473421e+00	-1.359886e+00	-1.135343e-01
5.400000e-02	-6.430188e-01	6.386574e-01	-1.515565e+00	-1.400801e+00	-1.147638e-01
5.500000e-02	-6.619921e-01	6.572764e-01	-1.555686e+00	-1.439835e+00	-1.158510e-01
5.600000e-02	-6.801047e-01	6.749871e-01	-1.593656e+00	-1.476933e+00	-1.167233e-01
5.700000e-02	-6.973948e-01	6.918382e-01	-1.629550e+00	-1.512170e+00	-1.173800e-01
5.800000e-02	-7.140113e-01	7.079871e-01	-1.663708e+00	-1.545865e+00	-1.178426e-01
5.900000e-02	-7.302595e-01	7.237281e-01	-1.696933e+00	-1.578726e+00	-1.182071e-01
6.000000e-02	-7.463055e-01	7.392189e-01	-1.729638e+00	-1.611125e+00	-1.185137e-01
6.100000e-02	-7.622453e-01	7.545373e-01	-1.762098e+00	-1.643294e+00	-1.188037e-01
6.200000e-02	-7.778908e-01	7.694924e-01	-1.794031e+00	-1.674907e+00	-1.191249e-01
6.300000e-02	-7.934211e-01	7.842614e-01	-1.825844e+00	-1.706343e+00	-1.195007e-01
6.400000e-02	-8.086966e-01	7.987080e-01	-1.857286e+00	-1.737339e+00	-1.199462e-01
6.500000e-02	-8.238109e-01	8.129523e-01	-1.888501e+00	-1.768062e+00	-1.204398e-01
6.600000e-02	-8.384365e-01	8.266736e-01	-1.918970e+00	-1.797922e+00	-1.210485e-01
6.700000e-02	-8.524522e-01	8.397656e-01	-1.948507e+00	-1.826706e+00	-1.218012e-01
6.800000e-02	-8.656112e-01	8.520025e-01	-1.976615e+00	-1.853919e+00	-1.226965e-01
6.900000e-02	-8.778210e-01	8.633079e-01	-2.003126e+00	-1.879384e+00	-1.237423e-01
7.000000e-02	-8.891220e-01	8.737382e-01	-2.028039e+00	-1.903141e+00	-1.248975e-01
7.100000e-02	-8.997057e-01	8.835048e-01	-2.051608e+00	-1.925510e+00	-1.260983e-01
7.200000e-02	-9.099942e-01	8.930282e-01	-2.074592e+00	-1.947290e+00	-1.273016e-01
7.300000e-02	-9.201134e-01	9.024229e-01	-2.097281e+00	-1.968754e+00	-1.285270e-01
7.400000e-02	-9.301209e-01	9.117389e-01	-2.119805e+00	-1.990023e+00	-1.297815e-01
7.500000e-02	-9.396981e-01	9.206575e-01	-2.141601e+00	-2.010499e+00	-1.311026e-01
7.600000e-02	-9.489955e-01	9.293277e-01	-2.162918e+00	-2.030455e+00	-1.324637e-01
7.700000e-02	-9.579124e-01	9.376412e-01	-2.183564e+00	-2.049694e+00	-1.338696e-01
7.800000e-02	-9.668028e-01	9.459677e-01	-2.204075e+00	-2.068840e+00	-1.352346e-01
7.900000e-02	-9.755764e-01	9.542176e-01	-2.224263e+00	-2.087708e+00	-1.365550e-01
8.000000e-02	-9.844001e-01	9.625502e-01	-2.244388e+00	-2.106594e+00	-1.377939e-01
8.100000e-02	-9.934574e-01	9.711771e-01	-2.264748e+00	-2.125831e+00	-1.389164e-01
8.200000e-02	-1.002932e+00	9.802843e-01	-2.285646e+00	-2.145755e+00	-1.398917e-01
8.300000e-02	-1.012689e+00	9.897498e-01	-2.306807e+00	-2.166092e+00	-1.407148e-01
8.400000e-02	-1.022762e+00	9.995890e-01	-2.328306e+00	-2.186915e+00	-1.413905e-01
8.500000e-02	-1.032994e+00	1.009645e+00	-2.349829e+00	-2.207909e+00	-1.419202e-01
8.600000e-02	-1.043349e+00	1.019887e+00	-2.371299e+00	-2.228999e+00	-1.423001e-01
8.700000e-02	-1.053783e+00	1.030274e+00	-2.392591e+00	-2.250079e+00	-1.425121e-01
8.800000e-02	-1.064168e+00	1.040672e+00	-2.413442e+00	-2.270889e+00	-1.425533e-01
8.900000e-02	-1.074255e+00	1.050850e+00	-2.433350e+00	-2.290930e+00	-1.424199e-01
9.000000e-02	-1.084119e+00	1.060914e+00	-2.452436e+00	-2.310337e+00	-1.420987e-01
9.100000e-02	-1.093835e+00	1.070972e+00	-2.470771e+00	-2.329221e+00	-1.415502e-01
9.200000e-02	-1.103686e+00	1.081332e+00	-2.488820e+00	-2.348096e+00	-1.407237e-01
9.300000e-02	-1.113508e+00	1.091823e+00	-2.506246e+00	-2.366631e+00	-1.396146e-01
9.400000e-02	-1.122890e+00	1.102047e+00	-2.522253e+00	-2.384017e+00	-1.382358e-01
9.500000e-02	-1.130952e+00	1.111079e+00	-2.535295e+00	-2.398600e+00	-1.366954e-01
9.600000e-02	-1.137131e+00	1.118267e+00	-2.544445e+00	-2.409353e+00	-1.350916e-01
9.700000e-02	-1.141433e+00	1.123594e+00	-2.549684e+00	-2.416275e+00	-1.334093e-01
9.800000e-02	-1.144776e+00	1.127927e+00	-2.552918e+00	-2.421236e+00	-1.316827e-01
9.900000e-02	-1.148500e+00	1.132651e+00	-2.556571e+00	-2.426785e+00	-1.297859e-01
1.000000e-01	-1.152826e+00	1.138043e+00	-2.561092e+00	-2.433371e+00	-1.277203e-01
1.010000e-01	-1.157507e+00	1.143858e+00	-2.566238e+00	-2.440626e+00	-1.256116e-01
1.020000e-01	-1.162166e+00	1.149693e+00	-2.571461e+00	-2.447896e+00	-1.235651e-01
1.030000e-01	-1.166524e+00	1.155293e+00	-2.576241e+00	-2.454644e+00	-1.215966e-01
1.040000e-01	-1.170482e+00	1.160556e+00	-2.580337e+00	-2.460650e+00	-1.196865e-01
1.050000e-01	-1.174042e+00	1.165472e+00	-2.583665e+00	-2.465875e+00	-1.177900e-01
1.060000e-01	-1.177104e+00	1.169907e+00	-2.586010e+00	-2.470109e+00	-1.159013e-01
1.070000e-01	-1.179815e+00	1.173983e+00	-2.587668e+00	-2.473649e+00	-1.140189e-01
1.080000e-01	-1.183077e+00	1.178622e+00	-2.590156e+00	-2.478155e+00	-1.120005e-01
1.090000e-01	-1.187507e+00	1.184429e+00	-2.594626e+00	-2.484820e+00	-1.098064e-01
1.100000e-01	-1.193120e+00	1.191395e+00	-2.601272e+00	-2.493756e+00	-1.075158e-01
1.110000e-01	-1.199614e+00	1.199183e+00	-2.609790e+00	-2.504509e+00	-1.052812e-01
1.120000e-01	-1.207067e+00	1.207860e+00	-2.620394e+00	-2.517264e+00	-1.031304e-01
1.130000e-01	-1.214736e+00	1.216679e+00	-2.631836e+00	-2.530653e+00	-1.011823e-01
1.140000e-01	-1.221908e+00	1.224886e+00	-2.642914e+00	-2.543365e+00	-9.954927e-02
1.150000e-01	-1.228099e+00	1.232020e+00	-2.652597e+00	-2.554397e+00	-9.820021e-02
1.160000e-01	-1.233400e+00	1.238205e+00	-2.660859e+00	-2.563829e+00	-9.702957e-02
1.170000e-01	-1.237747e+00	1.243335e+00	-2.667616e+00	-2.571555e+00	-9.606107e-02
1.180000e-01	-1.241494e+00	1.247750e+00	-2.673431e+00	-2.578209e+00	-9.522151e-02
1.190000e-01	-1.245403e+00	1.252262e+00	-2.679574e+00	-2.585190e+00	-9.438430e-02
1.200000e-01	-1.249792e+00	1.257163e+00	-2.686696e+00	-2.593140e+00	-9.355540e-02
1.210000e-01	-1.254721e+00	1.262516e+00	-2.694942e+00	-2.602192e+00	-9.274949e-02
1.220000e-01	-1.260492e+00	1.268628e+00	-2.704851e+00	-2.612917e+00	-9.193366e-02
1.230000e-01	-1.266966e+00	1.275357e+00	-2.716272e+00	-2.625102e+00	-9.116968e-02
1.240000e-01	-1.273846e+00	1.282405e+00	-2.728731e+00	-2.638212e+00	-9.051914e-02
1.250000e-01	-1.280577e+00	1.289180e+00	-2.741335e+00	-2.651245e+00	-9.009039e-02
1.260000e-01	-1.287194e+00	1.295719e+00	-2.754114e+00	-2.664251e+00	-8.986345e-02
1.270000e-01	-1.293514e+00	1.301828e+00	-2.766719e+00	-2.676873e+00	-8.984528e-02
1.280000e-01	-1.299628e+00	1.307576e+00	-2.779238e+00	-2.689247e+00	-8.999116e-02
1.290000e-01	-1.306034e+00	1.313535e+00	-2.792421e+00	-2.702245e+00	-9.017603e-02
1.300000e-01	-1.312947e+00	1.319870e+00	-2.806749e+00	-2.716321e+00	-9.042787e-02
1.310000e-01	-1.320645e+00	1.326870e+00	-2.822799e+00	-2.732044e+00	-9.075462e-02
1.320000e-01	-1.329068e+00	1.334385e+00	-2.840797e+00	-2.749467e+00	-9.133030e-02
1.330000e-01	-1.338257e+00	1.342413e+00	-2.861097e+00	-2.768805e+00	-9.229164e-02
1.340000e-01	-1.347579e+00	1.350395e+00	-2.882472e+00	-2.788816e+00	-9.365693e-02
1.350000e-01	-1.356330e+00	1.357726e+00	-2.903350e+00	-2.808005e+00	-9.534471e-02
1.360000e-01	-1.364790e+00	1.364767e+00	-2.923965e+00	-2.826772e+00	-9.719279e-02
1.370000e-01	-1.373040e+00	1.371582e+00	-2.944460e+00	-2.845270e+00	-9.918986e-02
1.380000e-01	-1.380677e+00	1.377723e+00	-2.964155e+00	-2.862755e+00	-1.014001e-01
1.390000e-01	-1.387691e+00	1.383168e+00	-2.982852e+00	-2.879117e+00	-1.037350e-01
1.400000e-01	-1.394406e+00	1.388229e+00	-3.000984e+00	-2.894898e+00	-1.060860e-01
1.410000e-01	-1.398934e+00	1.391462e+00	-3.013533e+00	-2.905700e+00	-1.078326e-01
1.420000e-01	-1.399664e+00	1.391391e+00	-3.017242e+00	-2.908285e+00	-1.089576e-01
1.430000e-01	-1.396935e+00	1.388352e+00	-3.012807e+00	-2.903338e+00	-1.094681e-01
1.440000e-01	-1.392208e+00	1.383706e+00	-3.003285e+00	-2.893850e+00	-1.094345e-01
1.450000e-01	-1.388084e+00	1.379998e+00	-2.993746e+00	-2.884957e+00	-1.087892e-01
1.460000e-01	-1.387675e+00	1.380303e+00	-2.990229e+00	-2.882790e+00	-1.074392e-01
1.470000e-01	-1.390575e+00	1.384025e+00	-2.992977e+00	-2.887064e+00	-1.059134e-01
1.480000e-01	-1.393636e+00	1.387867e+00	-2.997364e+00	-2.892318e+00	-1.050456e-01
1.490000e-01	-1.394897e+00	1.389778e+00	-3.000365e+00	-2.895080e+00	-1.052853e-01
1.500000e-01	-1.392011e+00	1.387217e+00	-2.998141e+00	-2.891081e+00	-1.070598e-01
1.510000e-01	-1.383631e+00	1.378905e+00	-2.987775e+00	-2.877519e+00	-1.102561e-01
1.520000e-01	-1.370174e+00	1.365360e+00	-2.969041e+00	-2.854694e+00	-1.143468e-01
1.530000e-01	-1.354165e+00	1.349210e+00	-2.945386e+00	-2.826858e+00	-1.185282e-01
1.540000e-01	-1.338850e+00	1.333757e+00	-2.921857e+00	-2.799779e+00	-1.220783e-01
1.550000e-01	-1.326830e+00	1.321656e+00	-2.902681e+00	-2.778170e+00	-1.245109e-01
1.560000e-01	-1.319192e+00	1.313967e+00	-2.889882e+00	-2.764133e+00	-1.257492e-01
1.570000e-01	-1.316863e+00	1.311569e+00	-2.885426e+00	-2.759576e+00	-1.258503e-01
1.580000e-01	-1.318736e+00	1.313195e+00	-2.888119e+00	-2.762795e+00	-1.253241e-01
1.590000e-01	-1.323269e+00	1.317276e+00	-2.895699e+00	-2.771118e+00	-1.245810e-01
1.600000e-01	-1.328333e+00	1.321626e+00	-2.904864e+00	-2.780765e+00	-1.240994e-01
1.610000e-01	-1.333328e+00	1.325823e+00	-2.914290e+00	-2.790473e+00	-1.238167e-01
1.620000e-01	-1.337828e+00	1.329667e+00	-2.922804e+00	-2.799230e+00	-1.235746e-01
1.630000e-01	-1.341966e+00	1.333493e+00	-2.930106e+00	-2.807018e+00	-1.230874e-01
1.640000e-01	-1.346267e+00	1.337836e+00	-2.937044e+00	-2.814789e+00	-1.222548e-01
1.650000e-01	-1.351271e+00	1.343225e+00	-2.944526e+00	-2.823534e+00	-1.209920e-01
1.660000e-01	-1.356644e+00	1.349183e+00	-2.952205e+00	-2.832747e+00	-1.194585e-01
1.670000e-01	-1.361810e+00	1.354951e+00	-2.959359e+00	-2.841489e+00	-1.178692e-01
1.680000e-01	-1.366853e+00	1.360537e+00	-2.966207e+00	-2.849957e+00	-1.162508e-01
1.690000e-01	-1.372237e+00	1.366385e+00	-2.973576e+00	-2.859025e+00	-1.145516e-01
1.700000e-01	-1.377818e+00	1.372362e+00	-2.981274e+00	-2.868455e+00	-1.128194e-01
1.710000e-01	-1.383039e+00	1.377984e+00	-2.988315e+00	-2.877196e+00	-1.111189e-01
1.720000e-01	-1.387805e+00	1.383275e+00	-2.994432e+00	-2.885021e+00	-1.094108e-01
1.730000e-01	-1.392481e+00	1.388673e+00	-3.000105e+00	-2.892533e+00	-1.075718e-01
1.740000e-01	-1.397465e+00	1.394642e+00	-3.005985e+00	-2.900458e+00	-1.055272e-01
1.750000e-01	-1.402783e+00	1.401124e+00	-3.012282e+00	-2.908924e+00	-1.033582e-01
1.760000e-01	-1.407770e+00	1.407262e+00	-3.018299e+00	-2.916920e+00	-1.013793e-01
1.770000e-01	-1.411919e+00	1.412402e+00	-3.023496e+00	-2.923667e+00	-9.982972e-02
1.780000e-01	-1.414821e+00	1.416060e+00	-3.027365e+00	-2.928504e+00	-9.886117e-02
1.790000e-01	-1.416379e+00	1.418081e+00	-3.029803e+00	-2.931280e+00	-9.852262e-02
1.800000e-01	-1.416637e+00	1.418565e+00	-3.030703e+00	-2.931989e+00	-9.871466e-02
1.810000e-01	-1.416060e+00	1.418077e+00	-3.030592e+00	-2.931356e+00	-9.923611e-02
1.820000e-01	-1.415218e+00	1.417273e+00	-3.030218e+00	-2.930327e+00	-9.989068e-02
1.830000e-01	-1.414524e+00	1.416560e+00	-3.030317e+00	-2.929682e+00	-1.006347e-01
1.840000e-01	-1.414216e+00	1.416143e+00	-3.031399e+00	-2.929915e+00	-1.014838e-01
1.850000e-01	-1.414416e+00	1.416056e+00	-3.033900e+00	-2.931366e+00	-1.025336e-01
1.860000e-01	-1.415320e+00	1.416457e+00	-3.038255e+00	-2.934448e+00	-1.038068e-01
1.870000e-01	-1.417139e+00	1.417550e+00	-3.044924e+00	-2.939601e+00	-1.053223e-01
1.880000e-01	-1.420053e+00	1.419542e+00	-3.054168e+00	-2.947137e+00	-1.070312e-01
1.890000e-01	-1.424418e+00	1.422792e+00	-3.066703e+00	-2.957770e+00	-1.089331e-01
1.900000e-01	-1.430395e+00	1.427448e+00	-3.082853e+00	-2.971822e+00	-1.110316e-01
1.910000e-01	-1.438173e+00	1.433671e+00	-3.103028e+00	-2.989687e+00	-1.133414e-01
1.920000e-01	-1.447695e+00	1.441403e+00	-3.127028e+00	-3.011208e+00	-1.158193e-01
1.930000e-01	-1.458769e+00	1.450470e+00	-3.154411e+00	-3.035974e+00	-1.184363e-01
1.940000e-01	-1.470829e+00	1.460365e+00	-3.183871e+00	-3.062764e+00	-1.211067e-01
1.950000e-01	-1.483987e+00	1.471309e+00	-3.215354e+00	-3.091664e+00	-1.236904e-01
1.960000e-01	-1.496538e+00	1.481757e+00	-3.245452e+00	-3.119264e+00	-1.261884e-01
1.970000e-01	-1.506402e+00	1.489750e+00	-3.270049e+00	-3.141426e+00	-1.286231e-01
1.980000e-01	-1.512842e+00	1.494610e+00	-3.287459e+00	-3.156572e+00	-1.308876e-01
1.990000e-01	-1.517821e+00	1.498365e+00	-3.300963e+00	-3.168302e+00	-1.326612e-01
2.000000e-01	-1.522959e+00	1.502672e+00	-3.313460e+00	-3.179689e+00	-1.337706e-01
2.010000e-01	-1.529718e+00	1.508947e+00	-3.328155e+00	-3.193796e+00	-1.343592e-01
2.020000e-01	-1.536897e+00	1.515855e+00	-3.343749e+00	-3.208771e+00	-1.349779e-01
2.030000e-01	-1.542288e+00	1.520953e+00	-3.357195e+00	-3.220886e+00	-1.363091e-01
2.040000e-01	-1.543467e+00	1.521631e+00	-3.364450e+00	-3.225692e+00	-1.387582e-01
2.050000e-01	-1.540675e+00	1.518121e+00	-3.365443e+00	-3.223396e+00	-1.420467e-01
2.060000e-01	-1.535290e+00	1.511906e+00	-3.361605e+00	-3.216093e+00	-1.455120e-01
2.070000e-01	-1.529992e+00	1.505789e+00	-3.356841e+00	-3.208413e+00	-1.484282e-01
2.080000e-01	-1.526337e+00	1.501377e+00	-3.353707e+00	-3.203191e+00	-1.505165e-01
2.090000e-01	-1.525508e+00	1.499856e+00	-3.354597e+00	-3.202807e+00	-1.517902e-01
2.100000e-01	-1.527008e+00	1.500667e+00	-3.359315e+00	-3.206666e+00	-1.526496e-01
2.110000e-01	-1.530399e+00	1.503312e+00	-3.367578e+00	-3.214189e+00	-1.533896e-01
2.120000e-01	-1.534757e+00	1.506840e+00	-3.378050e+00	-3.223782e+00	-1.542682e-01
2.130000e-01	-1.539951e+00	1.511152e+00	-3.390282e+00	-3.235092e+00	-1.551902e-01
2.140000e-01	-1.545508e+00	1.515803e+00	-3.403261e+00	-3.247139e+00	-1.561228e-01
2.150000e-01	-1.551629e+00	1.521052e+00	-3.417021e+00	-3.260139e+00	-1.568816e-01
2.160000e-01	-1.557963e+00	1.526568e+00	-3.430903e+00	-3.273414e+00	-1.574885e-01
2.170000e-01	-1.564741e+00	1.532607e+00	-3.445227e+00	-3.287354e+00	-1.578725e-01
2.180000e-01	-1.571631e+00	1.538833e+00	-3.459597e+00	-3.301430e+00	-1.581671e-01
2.190000e-01	-1.578787e+00	1.545395e+00	-3.474275e+00	-3.315925e+00	-1.583503e-01
2.200000e-01	-1.585824e+00	1.551895e+00	-3.488724e+00	-3.330186e+00	-1.585377e-01
2.210000e-01	-1.592812e+00	1.558404e+00	-3.502999e+00	-3.344311e+00	-1.586881e-01
2.220000e-01	-1.599373e+00	1.564551e+00	-3.516476e+00	-3.357611e+00	-1.588648e-01
2.230000e-01	-1.605559e+00	1.570402e+00	-3.529116e+00	-3.370117e+00	-1.589989e-01
2.240000e-01	-1.611040e+00	1.575621e+00	-3.540399e+00	-3.381240e+00	-1.591593e-01
2.250000e-01	-1.615939e+00	1.580344e+00	-3.550394e+00	-3.391136e+00	-1.592581e-01
2.260000e-01	-1.620102e+00	1.584417e+00	-3.558901e+00	-3.399553e+00	-1.593487e-01
2.270000e-01	-1.623715e+00	1.588028e+00	-3.566138e+00	-3.406784e+00	-1.593538e-01
2.280000e-01	-1.626636e+00	1.591021e+00	-3.571934e+00	-3.412603e+00	-1.593309e-01
2.290000e-01	-1.629023e+00	1.593544e+00	-3.576526e+00	-3.417286e+00	-1.592403e-01
2.300000e-01	-1.630672e+00	1.595357e+00	-3.579695e+00	-3.420520e+00	-1.591751e-01
2.310000e-01	-1.631663e+00	1.596536e+00	-3.581493e+00	-3.422410e+00	-1.590833e-01
2.320000e-01	-1.631961e+00	1.597042e+00	-3.581922e+00	-3.422922e+00	-1.590004e-01
2.330000e-01	-1.631821e+00	1.597136e+00	-3.581321e+00	-3.422482e+00	-1.588395e-01
2.340000e-01	-1.631325e+00	1.596912e+00	-3.579837e+00	-3.421244e+00	-1.585932e-01
2.350000e-01	-1.630685e+00	1.596587e+00	-3.577804e+00	-3.419587e+00	-1.582168e-01
2.360000e-01	-1.629914e+00	1.596165e+00	-3.575331e+00	-3.417579e+00	-1.577515e-01
2.370000e-01	-1.629131e+00	1.595764e+00	-3.572599e+00	-3.415431e+00	-1.571687e-01
2.380000e-01	-1.628305e+00	1.595344e+00	-3.569652e+00	-3.413131e+00	-1.565211e-01
2.390000e-01	-1.627540e+00	1.595012e+00	-3.566657e+00	-3.410868e+00	-1.557884e-01
2.400000e-01	-1.626770e+00	1.594698e+00	-3.563534e+00	-3.408537e+00	-1.549976e-01
2.410000e-01	-1.626094e+00	1.594515e+00	-3.560421e+00	-3.406305e+00	-1.541160e-01
2.420000e-01	-1.625420e+00	1.594356e+00	-3.557241e+00	-3.404040e+00	-1.532004e-01
2.430000e-01	-1.624808e+00	1.594290e+00	-3.554049e+00	-3.401832e+00	-1.522167e-01
2.440000e-01	-1.624179e+00	1.594227e+00	-3.550776e+00	-3.399567e+00	-1.512094e-01
2.450000e-01	-1.623597e+00	1.594236e+00	-3.547527e+00	-3.397360e+00	-1.501664e-01
2.460000e-01	-1.622993e+00	1.594236e+00	-3.544229e+00	-3.395108e+00	-1.491212e-01
2.470000e-01	-1.622463e+00	1.594331e+00	-3.541011e+00	-3.392968e+00	-1.480424e-01
2.480000e-01	-1.621888e+00	1.594385e+00	-3.537759e+00	-3.390768e+00	-1.469914e-01
2.490000e-01	-1.621343e+00	1.594485e+00	-3.534549e+00	-3.388617e+00	-1.459320e-01
2.500000e-01	-1.620725e+00	1.594501e+00	-3.531282e+00	-3.386366e+00	-1.449154e-01
2.510000e-01	-1.620090e+00	1.594490e+00	-3.528047e+00	-3.384113e+00	-1.439338e-01
2.520000e-01	-1.619296e+00	1.594291e+00	-3.524635e+00	-3.381613e+00	-1.430219e-01
2.530000e-01	-1.618416e+00	1.593990e+00	-3.521118e+00	-3.378974e+00	-1.421434e-01
2.540000e-01	-1.617403e+00	1.593522e+00	-3.517480e+00	-3.376143e+00	-1.413377e-01
2.550000e-01	-1.616364e+00	1.593010e+00	-3.513834e+00	-3.373280e+00	-1.405533e-01
2.560000e-01	-1.615275e+00	1.592417e+00	-3.510181e+00	-3.370366e+00	-1.398153e-01
2.570000e-01	-1.614233e+00	1.591849e+00	-3.506663e+00	-3.367565e+00	-1.390986e-01
2.580000e-01	-1.613217e+00	1.591274e+00	-3.503259e+00	-3.364846e+00	-1.384130e-01
2.590000e-01	-1.612290e+00	1.590764e+00	-3.500064e+00	-3.362322e+00	-1.377422e-01
2.600000e-01	-1.611391e+00	1.590236e+00	-3.497035e+00	-3.359909e+00	-1.371261e-01
2.610000e-01	-1.610582e+00	1.589766e+00	-3.494247e+00	-3.357705e+00	-1.365418e-01
2.620000e-01	-1.609786e+00	1.589264e+00	-3.491597e+00	-3.355585e+00	-1.360125e-01
2.630000e-01	-1.609139e+00	1.588874e+00	-3.489327e+00	-3.353803e+00	-1.355241e-01
2.640000e-01	-1.608534e+00	1.588482e+00	-3.487225e+00	-3.352147e+00	-1.350784e-01
2.650000e-01	-1.608093e+00	1.588223e+00	-3.485501e+00	-3.350843e+00	-1.346581e-01
2.660000e-01	-1.607721e+00	1.587989e+00	-3.484033e+00	-3.349738e+00	-1.342952e-01
2.670000e-01	-1.607492e+00	1.587863e+00	-3.482906e+00	-3.348945e+00	-1.339614e-01
2.680000e-01	-1.607320e+00	1.587754e+00	-3.481996e+00	-3.348318e+00	-1.336786e-01
2.690000e-01	-1.607331e+00	1.587797e+00	-3.481526e+00	-3.348094e+00	-1.334322e-01
2.700000e-01	-1.607421e+00	1.587891e+00	-3.481276e+00	-3.348059e+00	-1.332165e-01
2.710000e-01	-1.607706e+00	1.588163e+00	-3.481446e+00	-3.348429e+00	-1.330173e-01
2.720000e-01	-1.608070e+00	1.588487e+00	-3.481874e+00	-3.349007e+00	-1.328669e-01
2.730000e-01	-1.608561e+00	1.588924e+00	-3.482603e+00	-3.349863e+00	-1.327405e-01
2.740000e-01	-1.609080e+00	1.589368e+00	-3.483486e+00	-3.350824e+00	-1.326627e-01
2.750000e-01	-1.609698e+00	1.589894e+00	-3.484637e+00	-3.352016e+00	-1.326203e-01
2.760000e-01	-1.610301e+00	1.590391e+00	-3.485856e+00	-3.353229e+00	-1.326264e-01
2.770000e-01	-1.610958e+00	1.590933e+00	-3.487221e+00	-3.354568e+00	-1.326529e-01
2.780000e-01	-1.611571e+00	1.591420e+00	-3.488610e+00	-3.355876e+00	-1.327340e-01
2.790000e-01	-1.612209e+00	1.591929e+00	-3.490075e+00	-3.357247e+00	-1.328280e-01
2.800000e-01	-1.612786e+00	1.592371e+00	-3.491491e+00	-3.358531e+00	-1.329598e-01
2.810000e-01	-1.613387e+00	1.592835e+00	-3.493004e+00	-3.359890e+00	-1.331147e-01
2.820000e-01	-1.613905e+00	1.593207e+00	-3.494411e+00	-3.361111e+00	-1.333004e-01
2.830000e-01	-1.614438e+00	1.593599e+00	-3.495877e+00	-3.362376e+00	-1.335007e-01
2.840000e-01	-1.614880e+00	1.593892e+00	-3.497237e+00	-3.363499e+00	-1.337382e-01
2.850000e-01	-1.615313e+00	1.594177e+00	-3.498587e+00	-3.364606e+00	-1.339804e-01
2.860000e-01	-1.615664e+00	1.594378e+00	-3.499841e+00	-3.365584e+00	-1.342563e-01
2.870000e-01	-1.616011e+00	1.594572e+00	-3.501105e+00	-3.366564e+00	-1.345408e-01
2.880000e-01	-1.616293e+00	1.594698e+00	-3.502261e+00	-3.367424e+00	-1.348374e-01
2.890000e-01	-1.616582e+00	1.594834e+00	-3.503435e+00	-3.368299e+00	-1.351359e-01
2.900000e-01	-1.616811e+00	1.594903e+00	-3.504555e+00	-3.369089e+00	-1.354664e-01
2.910000e-01	-1.617084e+00	1.595012e+00	-3.505712e+00	-3.369940e+00	-1.357719e-01
2.920000e-01	-1.617332e+00	1.595099e+00	-3.506853e+00	-3.370758e+00	-1.360949e-01
2.930000e-01	-1.617649e+00	1.595247e+00	-3.508113e+00	-3.371705e+00	-1.364078e-01
2.940000e-01	-1.617968e+00	1.595394e+00	-3.509377e+00	-3.372657e+00	-1.367198e-01
2.950000e-01	-1.618366e+00	1.595624e+00	-3.510764e+00	-3.373748e+00	-1.370165e-01
2.960000e-01	-1.618765e+00	1.595848e+00	-3.512178e+00	-3.374854e+00	-1.373246e-01
2.970000e-01	-1.619247e+00	1.596160e+00	-3.513690e+00	-3.376092e+00	-1.375983e-01
2.980000e-01	-1.619735e+00	1.596483e+00	-3.515220e+00	-3.377345e+00	-1.378750e-01
2.990000e-01	-1.620293e+00	1.596880e+00	-3.516853e+00	-3.378720e+00	-1.381337e-01
3.000000e-01	-1.620830e+00	1.597254e+00	-3.518420e+00	-3.380040e+00	-1.383805e-01
3.010000e-01	-1.621435e+00	1.597709e+00	-3.520081e+00	-3.381475e+00	-1.386055e-01
3.020000e-01	-1.622014e+00	1.598139e+00	-3.521707e+00	-3.382867e+00	-1.388394e-01
3.030000e-01	-1.622643e+00	1.598626e+00	-3.523361e+00	-3.384324e+00	-1.390373e-01
3.040000e-01	-1.623234e+00	1.599087e+00	-3.524935e+00	-3.385701e+00	-1.392334e-01
3.050000e-01	-1.623857e+00	1.599589e+00	-3.526531e+00	-3.387122e+00	-1.394087e-01
3.060000e-01	-1.624396e+00	1.600015e+00	-3.527935e+00	-3.388364e+00	-1.395714e-01
3.070000e-01	-1.624969e+00	1.600494e+00	-3.529356e+00	-3.389647e+00	-1.397089e-01
3.080000e-01	-1.625439e+00	1.600874e+00	-3.530588e+00	-3.390733e+00	-1.398552e-01
3.090000e-01	-1.625911e+00	1.601271e+00	-3.531747e+00	-3.391784e+00	-1.399629e-01
3.100000e-01	-1.626287e+00	1.601585e+00	-3.532718e+00	-3.392646e+00	-1.400723e-01
3.110000e-01	-1.626672e+00	1.601925e+00	-3.533661e+00	-3.393503e+00	-1.401583e-01
3.120000e-01	-1.626933e+00	1.602144e+00	-3.534337e+00	-3.394101e+00	-1.402358e-01
3.130000e-01	-1.627192e+00	1.602382e+00	-3.534952e+00	-3.394668e+00	-1.402839e-01
3.140000e-01	-1.627336e+00	1.602508e+00	-3.535366e+00	-3.395019e+00	-1.403472e-01
3.150000e-01	-1.627472e+00	1.602640e+00	-3.535684e+00	-3.395314e+00	-1.403704e-01
3.160000e-01	-1.627501e+00	1.602674e+00	-3.535795e+00	-3.395398e+00	-1.403965e-01
3.170000e-01	-1.627539e+00	1.602731e+00	-3.535874e+00	-3.395476e+00	-1.403977e-01
3.180000e-01	-1.627484e+00	1.602699e+00	-3.535751e+00	-3.395360e+00	-1.403916e-01
3.190000e-01	-1.627451e+00	1.602705e+00	-3.535615e+00	-3.395258e+00	-1.403564e-01
3.200000e-01	-1.627323e+00	1.602616e+00	-3.535318e+00	-3.394982e+00	-1.403358e-01
3.210000e-01	-1.627212e+00	1.602552e+00	-3.534985e+00	-3.394704e+00	-1.402812e-01
3.220000e-01	-1.627021e+00	1.602414e+00	-3.534509e+00	-3.394275e+00	-1.402334e-01
3.230000e-01	-1.626867e+00	1.602320e+00	-3.534071e+00	-3.393903e+00	-1.401684e-01
3.240000e-01	-1.626655e+00	1.602167e+00	-3.533504e+00	-3.393407e+00	-1.400972e-01
3.250000e-01	-1.626474e+00	1.602056e+00	-3.532951e+00	-3.392949e+00	-1.400019e-01
3.260000e-01	-1.626248e+00	1.601897e+00	-3.532339e+00	-3.392417e+00	-1.399216e-01
3.270000e-01	-1.626085e+00	1.601810e+00	-3.531785e+00	-3.391978e+00	-1.398071e-01
3.280000e-01	-1.625859e+00	1.601659e+00	-3.531131e+00	-3.391425e+00	-1.397066e-01
3.290000e-01	-1.625689e+00	1.601566e+00	-3.530562e+00	-3.390970e+00	-1.395917e-01
3.300000e-01	-1.625481e+00	1.601432e+00	-3.529922e+00	-3.390442e+00	-1.394794e-01
3.310000e-01	-1.625331e+00	1.601360e+00	-3.529365e+00	-3.390013e+00	-1.393517e-01
3.320000e-01	-1.625142e+00	1.601245e+00	-3.528771e+00	-3.389528e+00	-1.392433e-01
3.330000e-01	-1.625009e+00	1.601187e+00	-3.528236e+00	-3.389127e+00	-1.391090e-01
3.340000e-01	-1.624832e+00	1.601084e+00	-3.527647e+00	-3.388656e+00	-1.389912e-01
3.350000e-01	-1.624715e+00	1.601043e+00	-3.527160e+00	-3.388295e+00	-1.388647e-01
3.360000e-01	-1.624532e+00	1.600930e+00	-3.526560e+00	-3.387812e+00	-1.387484e-01
3.370000e-01	-1.624420e+00	1.600895e+00	-3.526072e+00	-3.387456e+00	-1.386153e-01
3.380000e-01	-1.624253e+00	1.600795e+00	-3.525527e+00	-3.387017e+00	-1.385105e-01
3.390000e-01	-1.624145e+00	1.600755e+00	-3.525058e+00	-3.386674e+00	-1.383841e-01
3.400000e-01	-1.623985e+00	1.600656e+00	-3.524534e+00	-3.386252e+00	-1.382826e-01
3.410000e-01	-1.623895e+00	1.600629e+00	-3.524124e+00	-3.385957e+00	-1.381674e-01
3.420000e-01	-1.623737e+00	1.600527e+00	-3.523608e+00	-3.385541e+00	-1.380672e-01
3.430000e-01	-1.623628e+00	1.600478e+00	-3.523169e+00	-3.385213e+00	-1.379567e-01
3.440000e-01	-1.623478e+00	1.600379e+00	-3.522711e+00	-3.384834e+00	-1.378773e-01
3.450000e-01	-1.623374e+00	1.600327e+00	-3.522291e+00	-3.384519e+00	-1.377719e-01
3.460000e-01	-1.623221e+00	1.600223e+00	-3.521833e+00	-3.384138e+00	-1.376952e-01
3.470000e-01	-1.623123e+00	1.600167e+00	-3.521472e+00	-3.383859e+00	-1.376136e-01
3.480000e-01	-1.622975e+00	1.600055e+00	-3.521050e+00	-3.383500e+00	-1.375494e-01
3.490000e-01	-1.622902e+00	1.600023e+00	-3.520737e+00	-3.383271e+00	-1.374663e-01
3.500000e-01	-1.622771e+00	1.599921e+00	-3.520380e+00	-3.382961e+00	-1.374187e-01
3.510000e-01	-1.622678e+00	1.599859e+00	-3.520068e+00	-3.382712e+00	-1.373560e-01
3.520000e-01	-1.622536e+00	1.599741e+00	-3.519703e+00	-3.382387e+00	-1.373159e-01
3.530000e-01	-1.622469e+00	1.599700e+00	-3.519465e+00	-3.382201e+00	-1.372638e-01
3.540000e-01	-1.622346e+00	1.599594e+00	-3.519156e+00	-3.381924e+00	-1.372321e-01
3.550000e-01	-1.622284e+00	1.599553e+00	-3.518948e+00	-3.381758e+00	-1.371898e-01
3.560000e-01	-1.622181e+00	1.599458e+00	-3.518722e+00	-3.381542e+00	-1.371799e-01
3.570000e-01	-1.622139e+00	1.599428e+00	-3.518572e+00	-3.381425e+00	-1.371468e-01
3.580000e-01	-1.622054e+00	1.599349e+00	-3.518388e+00	-3.381248e+00	-1.371400e-01
3.590000e-01	-1.622010e+00	1.599308e+00	-3.518280e+00	-3.381150e+00	-1.371304e-01
3.600000e-01	-1.621917e+00	1.599214e+00	-3.518116e+00	-3.380975e+00	-1.371410e-01
3.610000e-01	-1.621904e+00	1.599203e+00	-3.518064e+00	-3.380936e+00	-1.371283e-01
3.620000e-01	-1.621845e+00	1.599134e+00	-3.517988e+00	-3.380839e+00	-1.371489e-01
3.630000e-01	-1.621834e+00	1.599118e+00	-3.517968e+00	-3.380818e+00	-1.371500e-01
3.640000e-01	-1.621798e+00	1.599068e+00	-3.517946e+00	-3.380771e+00	-1.371746e-01
3.650000e-01	-1.621840e+00	1.599096e+00	-3.518041e+00	-3.380860e+00	-1.371808e-01
3.660000e-01	-1.621810e+00	1.599048e+00	-3.518054e+00	-3.380837e+00	-1.372171e-01
3.670000e-01	-1.621835e+00	1.599059e+00	-3.518139e+00	-3.380904e+00	-1.372344e-01
3.680000e-01	-1.621828e+00	1.599027e+00	-3.518220e+00	-3.380938e+00	-1.372815e-01
3.690000e-01	-1.621866e+00	1.599048e+00	-3.518332e+00	-3.381033e+00	-1.372998e-01
3.700000e-01	-1.621873e+00	1.599030e+00	-3.518438e+00	-3.381092e+00	-1.373460e-01
3.710000e-01	-1.621961e+00	1.599094e+00	-3.518666e+00	-3.381294e+00	-1.373723e-01
3.720000e-01	-1.621973e+00	1.599077e+00	-3.518790e+00	-3.381369e+00	-1.374217e-01
3.730000e-01	-1.622061e+00	1.599141e+00	-3.519010e+00	-3.381566e+00	-1.374439e-01
3.740000e-01	-1.622118e+00	1.599165e+00	-3.519237e+00	-3.381736e+00	-1.375007e-01
3.750000e-01	-1.622203e+00	1.599227e+00	-3.519468e+00	-3.381937e+00	-1.375306e-01
3.760000e-01	-1.622240e+00	1.599233e+00	-3.519645e+00	-3.382063e+00	-1.375827e-01
3.770000e-01	-1.622355e+00	1.599323e+00	-3.519943e+00	-3.382327e+00	-1.376163e-01
3.780000e-01	-1.622382e+00	1.599318e+00	-3.520112e+00	-3.382438e+00	-1.376739e-01
3.790000e-01	-1.622478e+00	1.599389e+00	-3.520362e+00	-3.382659e+00	-1.377030e-01
3.800000e-01	-1.622557e+00	1.599436e+00	-3.520630e+00	-3.382872e+00	-1.377579e-01
3.810000e-01	-1.622663e+00	1.599518e+00	-3.520896e+00	-3.383111e+00	-1.377853e-01
3.820000e-01	-1.622703e+00	1.599526e+00	-3.521086e+00	-3.383245e+00	-1.378403e-01
3.830000e-01	-1.622823e+00	1.599622e+00	-3.521392e+00	-3.383519e+00	-1.378732e-01
3.840000e-01	-1.622863e+00	1.599636e+00	-3.521575e+00	-3.383650e+00	-1.379242e-01
3.850000e-01	-1.622944e+00	1.599698e+00	-3.521782e+00	-3.383835e+00	-1.379463e-01
3.860000e-01	-1.622995e+00	1.599721e+00	-3.521989e+00	-3.383989e+00	-1.379993e-01
3.870000e-01	-1.623096e+00	1.599807e+00	-3.522222e+00	-3.384207e+00	-1.380145e-01
3.880000e-01	-1.623124e+00	1.599814e+00	-3.522364e+00	-3.384306e+00	-1.380577e-01
3.890000e-01	-1.623222e+00	1.599894e+00	-3.522600e+00	-3.384522e+00	-1.380778e-01
3.900000e-01	-1.623243e+00	1.599895e+00	-3.522725e+00	-3.384605e+00	-1.381195e-01
3.910000e-01	-1.623309e+00	1.599951e+00	-3.522881e+00	-3.384750e+00	-1.381312e-01
3.920000e-01	-1.623342e+00	1.599967e+00	-3.523028e+00	-3.384856e+00	-1.381719e-01
3.930000e-01	-1.623395e+00	1.600012e+00	-3.523152e+00	-3.384971e+00	-1.381804e-01
3.940000e-01	-1.623377e+00	1.599983e+00	-3.523185e+00	-3.384970e+00	-1.382152e-01
3.950000e-01	-1.623436e+00	1.600035e+00	-3.523322e+00	-3.385097e+00	-1.382249e-01
3.960000e-01	-1.623426e+00	1.600015e+00	-3.523352e+00	-3.385102e+00	-1.382502e-01
3.970000e-01	-1.623467e+00	1.600055e+00	-3.523431e+00	-3.385182e+00	-1.382486e-01
3.980000e-01	-1.623478e+00	1.600056e+00	-3.523502e+00	-3.385229e+00	-1.382730e-01
3.990000e-01	-1.623517e+00	1.600095e+00	-3.523569e+00	-3.385302e+00	-1.382672e-01
4.000000e-01	-1.623490e+00	1.600065e+00	-3.523553e+00	-3.385266e+00	-1.382869e-01
4.010000e-01	-1.623528e+00	1.600104e+00	-3.523629e+00	-3.385343e+00	-1.382864e-01
4.020000e-01	-1.623491e+00	1.600065e+00	-3.523585e+00	-3.385283e+00	-1.383017e-01
4.030000e-01	-1.623496e+00	1.600077e+00	-3.523575e+00	-3.385284e+00	-1.382911e-01
4.040000e-01	-1.623480e+00	1.600059e+00	-3.523569e+00	-3.385264e+00	-1.383049e-01
4.050000e-01	-1.623503e+00	1.600089e+00	-3.523579e+00	-3.385292e+00	-1.382868e-01
4.060000e-01	-1.623463e+00	1.600052e+00	-3.523515e+00	-3.385221e+00	-1.382946e-01
4.070000e-01	-1.623492e+00	1.600086e+00	-3.523546e+00	-3.385265e+00	-1.382806e-01
4.080000e-01	-1.623454e+00	1.600051e+00	-3.523476e+00	-3.385192e+00	-1.382846e-01
4.090000e-01	-1.623463e+00	1.600072e+00	-3.523456e+00	-3.385191e+00	-1.382646e-01
4.100000e-01	-1.623438e+00	1.600050e+00	-3.523419e+00	-3.385147e+00	-1.382718e-01
4.110000e-01	-1.623441e+00	1.600063e+00	-3.523377e+00	-3.385129e+00	-1.382482e-01
4.120000e-01	-1.623392e+00	1.600021e+00	-3.523283e+00	-3.385033e+00	-1.382500e-01
4.130000e-01	-1.623410e+00	1.600049e+00	-3.523285e+00	-3.385053e+00	-1.382320e-01
4.140000e-01	-1.623365e+00	1.600008e+00	-3.523187e+00	-3.384958e+00	-1.382287e-01
4.150000e-01	-1.623367e+00	1.600024e+00	-3.523140e+00	-3.384937e+00	-1.382032e-01
4.160000e-01	-1.623342e+00	1.600004e+00	-3.523090e+00	-3.384887e+00	-1.382032e-01
4.170000e-01	-1.623362e+00	1.600037e+00	-3.523073e+00	-3.384899e+00	-1.381746e-01
4.180000e-01	-1.623298e+00	1.599981e+00	-3.522948e+00	-3.384772e+00	-1.381755e-01
4.190000e-01	-1.623309e+00	1.600000e+00	-3.522928e+00	-3.384772e+00	-1.381553e-01
4.200000e-01	-1.623278e+00	1.599975e+00	-3.522849e+00	-3.384702e+00	-1.381472e-01
4.210000e-01	-1.623277e+00	1.599988e+00	-3.522793e+00	-3.384673e+00	-1.381198e-01
4.220000e-01	-1.623240e+00	1.599954e+00	-3.522723e+00	-3.384602e+00	-1.381216e-01
4.230000e-01	-1.623264e+00	1.599990e+00	-3.522709e+00	-3.384619e+00	-1.380901e-01
4.240000e-01	-1.623215e+00	1.599948e+00	-3.522601e+00	-3.384515e+00	-1.380855e-01
4.250000e-01	-1.623230e+00	1.599972e+00	-3.522591e+00	-3.384526e+00	-1.380648e-01
4.260000e-01	-1.623192e+00	1.599937e+00	-3.522504e+00	-3.384444e+00	-1.380598e-01
4.270000e-01	-1.623194e+00	1.599952e+00	-3.522456e+00	-3.384423e+00	-1.380337e-01
4.280000e-01	-1.623163e+00	1.599922e+00	-3.522398e+00	-3.384362e+00	-1.380363e-01
4.290000e-01	-1.623181e+00	1.599949e+00	-3.522382e+00	-3.384372e+00	-1.380101e-01
4.300000e-01	-1.623134e+00	1.599906e+00	-3.522285e+00	-3.384276e+00	-1.380082e-01
4.310000e-01	-1.623154e+00	1.599934e+00	-3.522285e+00	-3.384296e+00	-1.379888e-01
4.320000e-01	-1.623118e+00	1.599901e+00	-3.522205e+00	-3.384221e+00	-1.379844e-01
4.330000e-01	-1.623129e+00	1.599921e+00	-3.522182e+00	-3.384220e+00	-1.379619e-01
4.340000e-01	-1.623087e+00	1.599880e+00	-3.522113e+00	-3.384143e+00	-1.379697e-01
4.350000e-01	-1.623102e+00	1.599902e+00	-3.522095e+00	-3.384150e+00	-1.379455e-01
4.360000e-01	-1.623063e+00	1.599866e+00	-3.522018e+00	-3.384072e+00	-1.379465e-01
4.370000e-01	-1.623078e+00	1.599885e+00	-3.522020e+00	-3.384087e+00	-1.379323e-01
4.380000e-01	-1.623043e+00	1.599851e+00	-3.521959e+00	-3.384022e+00	-1.379364e-01
4.390000e-01	-1.623061e+00	1.599877e+00	-3.521960e+00	-3.384042e+00	-1.379186e-01
4.400000e-01	-1.623023e+00	1.599837e+00	-3.521906e+00	-3.383976e+00	-1.379297e-01
4.410000e-01	-1.623031e+00	1.599851e+00	-3.521894e+00	-3.383978e+00	-1.379156e-01
4.420000e-01	-1.622980e+00	1.599801e+00	-3.521812e+00	-3.383886e+00	-1.379258e-01
4.430000e-01	-1.622999e+00	1.599823e+00	-3.521830e+00	-3.383914e+00	-1.379158e-01
4.440000e-01	-1.622966e+00	1.599788e+00	-3.521778e+00	-3.383855e+00	-1.379225e-01
4.450000e-01	-1.622973e+00	1.599799e+00	-3.521774e+00	-3.383860e+00	-1.379135e-01
4.460000e-01	-1.622942e+00	1.599762e+00	-3.521746e+00	-3.383815e+00	-1.379313e-01
4.470000e-01	-1.622957e+00	1.599782e+00	-3.521754e+00	-3.383834e+00	-1.379199e-01
4.480000e-01	-1.622932e+00	1.599753e+00	-3.521719e+00	-3.383792e+00	-1.379277e-01
4.490000e-01	-1.622960e+00	1.599781e+00	-3.521770e+00	-3.383845e+00	-1.379253e-01
4.500000e-01	-1.622926e+00	1.599743e+00	-3.521730e+00	-3.383791e+00	-1.379390e-01
4.510000e-01	-1.622961e+00	1.599780e+00	-3.521774e+00	-3.383848e+00	-1.379259e-01
4.520000e-01	-1.622950e+00	1.599763e+00	-3.521788e+00	-3.383844e+00	-1.379440e-01
4.530000e-01	-1.622971e+00	1.599783e+00	-3.521817e+00	-3.383880e+00	-1.379374e-01
4.540000e-01	-1.622955e+00	1.599761e+00	-3.521816e+00	-3.383863e+00	-1.379530e-01
4.550000e-01	-1.622993e+00	1.599797e+00	-3.521884e+00	-3.383934e+00	-1.379492e-01
4.560000e-01	-1.622974e+00	1.599773e+00	-3.521872e+00	-3.383910e+00	-1.379616e-01
4.570000e-01	-1.623013e+00	1.599811e+00	-3.521927e+00	-3.383977e+00	-1.379508e-01
4.580000e-01	-1.622999e+00	1.599788e+00	-3.521943e+00	-3.383971e+00	-1.379724e-01
4.590000e-01	-1.623041e+00	1.599829e+00	-3.522009e+00	-3.384046e+00	-1.379631e-01
4.600000e-01	-1.623035e+00	1.599817e+00	-3.522020e+00	-3.384045e+00	-1.379754e-01
4.610000e-01	-1.623068e+00	1.599848e+00	-3.522091e+00	-3.384114e+00	-1.379773e-01
4.620000e-01	-1.623048e+00	1.599820e+00	-3.522079e+00	-3.384088e+00	-1.379909e-01
4.630000e-01	-1.623095e+00	1.599866e+00	-3.522145e+00	-3.384168e+00	-1.379774e-01
4.640000e-01	-1.623096e+00	1.599860e+00	-3.522184e+00	-3.384188e+00	-1.379959e-01
4.650000e-01	-1.623140e+00	1.599903e+00	-3.522252e+00	-3.384266e+00	-1.379854e-01
4.660000e-01	-1.623123e+00	1.599880e+00	-3.522239e+00	-3.384242e+00	-1.379967e-01
4.670000e-01	-1.623169e+00	1.599925e+00	-3.522328e+00	-3.384333e+00	-1.379948e-01
4.680000e-01	-1.623165e+00	1.599916e+00	-3.522341e+00	-3.384336e+00	-1.380048e-01
4.690000e-01	-1.623201e+00	1.599954e+00	-3.522390e+00	-3.384396e+00	-1.379937e-01
4.700000e-01	-1.623165e+00	1.599910e+00	-3.522362e+00	-3.384346e+00	-1.380156e-01
4.710000e-01	-1.623199e+00	1.599945e+00	-3.522414e+00	-3.384406e+00	-1.380084e-01
4.720000e-01	-1.623185e+00	1.599929e+00	-3.522405e+00	-3.384388e+00	-1.380177e-01
4.730000e-01	-1.623208e+00	1.599951e+00	-3.522447e+00	-3.384431e+00	-1.380155e-01
4.740000e-01	-1.623185e+00	1.599924e+00	-3.522422e+00	-3.384396e+00	-1.380254e-01
4.750000e-01	-1.623226e+00	1.599970e+00	-3.522477e+00	-3.384465e+00	-1.380121e-01
4.760000e-01	-1.623193e+00	1.599931e+00	-3.522448e+00	-3.384417e+00	-1.380312e-01
4.770000e-01	-1.623202e+00	1.599942e+00	-3.522455e+00	-3.384429e+00	-1.380258e-01
4.780000e-01	-1.623166e+00	1.599905e+00	-3.522404e+00	-3.384368e+00	-1.380362e-01
4.790000e-01	-1.623179e+00	1.599922e+00	-3.522426e+00	-3.384392e+00	-1.380340e-01
4.800000e-01	-1.623142e+00	1.599882e+00	-3.522369e+00	-3.384326e+00	-1.380429e-01
4.810000e-01	-1.623173e+00	1.599919e+00	-3.522402e+00	-3.384374e+00	-1.380282e-01
4.820000e-01	-1.623135e+00	1.599878e+00	-3.522365e+00	-3.384318e+00	-1.380474e-01
4.830000e-01	-1.623153e+00	1.599898e+00	-3.522377e+00	-3.384342e+00	-1.380357e-01
4.840000e-01	-1.623136e+00	1.599879e+00	-3.522357e+00	-3.384314e+00	-1.380426e-01
4.850000e-01	-1.623160e+00	1.599905e+00	-3.522396e+00	-3.384358e+00	-1.380380e-01
4.860000e-01	-1.623123e+00	1.599866e+00	-3.522345e+00	-3.384295e+00	-1.380498e-01
4.870000e-01	-1.623152e+00	1.599899e+00	-3.522377e+00	-3.384341e+00	-1.380367e-01
4.880000e-01	-1.623120e+00	1.599864e+00	-3.522349e+00	-3.384294e+00	-1.380547e-01
4.890000e-01	-1.623134e+00	1.599881e+00	-3.522359e+00	-3.384313e+00	-1.380458e-01
4.900000e-01	-1.623100e+00	1.599845e+00	-3.522310e+00	-3.384255e+00	-1.380549e-01
4.910000e-01	-1.623133e+00	1.599879e+00	-3.522362e+00	-3.384314e+00	-1.380476e-01
4.920000e-01	-1.623117e+00	1.599859e+00	-3.522342e+00	-3.384288e+00	-1.380541e-01
4.930000e-01	-1.623156e+00	1.599901e+00	-3.522386e+00	-3.384349e+00	-1.380367e-01
4.940000e-01	-1.623140e+00	1.599880e+00	-3.522379e+00	-3.384329e+00	-1.380499e-01
4.950000e-01	-1.623167e+00	1.599911e+00	-3.522406e+00	-3.384371e+00	-1.380359e-01
4.960000e-01	-1.623154e+00	1.599896e+00	-3.522387e+00	-3.384347e+00	-1.380399e-01
4.970000e-01	-1.623194e+00	1.599939e+00	-3.522450e+00	-3.384419e+00	-1.380314e-01
4.980000e-01	-1.623156e+00	1.599898e+00	-3.522391e+00	-3.384351e+00	-1.380395e-01
4.990000e-01	-1.623192e+00	1.599936e+00	-3.522429e+00	-3.384406e+00	-1.380227e-01
5.000000e-01	-1.623188e+00	1.599928e+00	-3.522444e+00	-3.384410e+00	-1.380337e-01
5.010000e-01	-1.623218e+00	1.599961e+00	-3.522475e+00	-3.384455e+00	-1.380201e-01
5.020000e-01	-1.623185e+00	1.599926e+00	-3.522423e+00	-3.384397e+00	-1.380262e-01
5.030000e-01	-1.623218e+00	1.599962e+00	-3.522475e+00	-3.384456e+00	-1.380195e-01
5.040000e-01	-1.623191e+00	1.599934e+00	-3.522430e+00	-3.384406e+00	-1.380235e-01
5.050000e-01	-1.623210e+00	1.599959e+00	-3.522434e+00	-3.384427e+00	-1.380072e-01
5.060000e-01	-1.623171e+00	1.599918e+00	-3.522387e+00	-3.384365e+00	-1.380223e-01
5.070000e-01	-1.623196e+00	1.599948e+00	-3.522402e+00	-3.384397e+00	-1.380054e-01
5.080000e-01	-1.623170e+00	1.599924e+00	-3.522358e+00	-3.384349e+00	-1.380087e-01
5.090000e-01	-1.623187e+00	1.599942e+00	-3.522380e+00	-3.384377e+00	-1.380033e-01
5.100000e-01	-1.623149e+00	1.599903e+00	-3.522318e+00	-3.384308e+00	-1.380104e-01
5.110000e-01	-1.623165e+00	1.599927e+00	-3.522325e+00	-3.384328e+00	-1.379973e-01
5.120000e-01	-1.623123e+00	1.599882e+00	-3.522272e+00	-3.384259e+00	-1.380132e-01
5.130000e-01	-1.623133e+00	1.599897e+00	-3.522267e+00	-3.384266e+00	-1.380003e-01
5.140000e-01	-1.623090e+00	1.599857e+00	-3.522196e+00	-3.384188e+00	-1.380079e-01
5.150000e-01	-1.623106e+00	1.599876e+00	-3.522215e+00	-3.384213e+00	-1.380020e-01
5.160000e-01	-1.623072e+00	1.599839e+00	-3.522155e+00	-3.384149e+00	-1.380056e-01
5.170000e-01	-1.623099e+00	1.599874e+00	-3.522179e+00	-3.384189e+00	-1.379904e-01
5.180000e-01	-1.623057e+00	1.599829e+00	-3.522132e+00	-3.384123e+00	-1.380089e-01
5.190000e-01	-1.623065e+00	1.599840e+00	-3.522128e+00	-3.384129e+00	-1.379987e-01
5.200000e-01	-1.623032e+00	1.599807e+00	-3.522078e+00	-3.384071e+00	-1.380068e-01
5.210000e-01	-1.623047e+00	1.599826e+00	-3.522101e+00	-3.384098e+00	-1.380037e-01
5.220000e-01	-1.623003e+00	1.599778e+00	-3.522033e+00	-3.384019e+00	-1.380137e-01
5.230000e-01	-1.623035e+00	1.599815e+00	-3.522066e+00	-3.384068e+00	-1.379977e-01
5.240000e-01	-1.623008e+00	1.599782e+00	-3.522043e+00	-3.384030e+00	-1.380137e-01
5.250000e-01	-1.623030e+00	1.599805e+00	-3.522068e+00	-3.384065e+00	-1.380038e-01
5.260000e-01	-1.623009e+00	1.599782e+00	-3.522039e+00	-3.384029e+00	-1.380106e-01
5.270000e-01	-1.623038e+00	1.599810e+00	-3.522083e+00	-3.384079e+00	-1.380038e-01
5.280000e-01	-1.623032e+00	1.599801e+00	-3.522081e+00	-3.384072e+00	-1.380086e-01
5.290000e-01	-1.623081e+00	1.599853e+00	-3.522147e+00	-3.384155e+00	-1.379920e-01
5.300000e-01	-1.623054e+00	1.599820e+00	-3.522127e+00	-3.384118e+00	-1.380092e-01
5.310000e-01	-1.623088e+00	1.599855e+00	-3.522174e+00	-3.384175e+00	-1.379989e-01
5.320000e-01	-1.623083e+00	1.599846e+00	-3.522173e+00	-3.384170e+00	-1.380029e-01
5.330000e-01	-1.623125e+00	1.599888e+00	-3.522245e+00	-3.384247e+00	-1.379980e-01
5.340000e-01	-1.623102e+00	1.599860e+00	-3.522217e+00	-3.384211e+00	-1.380063e-01
5.350000e-01	-1.623148e+00	1.599908e+00	-3.522279e+00	-3.384288e+00	-1.379915e-01
5.360000e-01	-1.623132e+00	1.599887e+00	-3.522275e+00	-3.384269e+00	-1.380056e-01
5.370000e-01	-1.623148e+00	1.599906e+00	-3.522290e+00	-3.384293e+00	-1.379965e-01
5.380000e-01	-1.623119e+00	1.599874e+00	-3.522249e+00	-3.384244e+00	-1.380050e-01
5.390000e-01	-1.623156e+00	1.599914e+00	-3.522308e+00	-3.384311e+00	-1.379977e-01
5.400000e-01	-1.623130e+00	1.599885e+00	-3.522266e+00	-3.384263e+00	-1.380030e-01
5.410000e-01	-1.623167e+00	1.599926e+00	-3.522313e+00	-3.384324e+00	-1.379891e-01
5.420000e-01	-1.623138e+00	1.599894e+00	-3.522286e+00	-3.384281e+00	-1.380050e-01
5.430000e-01	-1.623155e+00	1.599912e+00	-3.522300e+00	-3.384304e+00	-1.379951e-01
5.440000e-01	-1.623127e+00	1.599884e+00	-3.522264e+00	-3.384259e+00	-1.380046e-01
5.450000e-01	-1.623153e+00	1.599912e+00	-3.522306e+00	-3.384306e+00	-1.380002e-01
5.460000e-01	-1.623102e+00	1.599860e+00	-3.522229e+00	-3.384217e+00	-1.380122e-01
5.470000e-01	-1.623120e+00	1.599883e+00	-3.522239e+00	-3.384240e+00	-1.379991e-01
5.480000e-01	-1.623093e+00	1.599854e+00	-3.522219e+00	-3.384203e+00	-1.380163e-01
5.490000e-01	-1.623102e+00	1.599866e+00	-3.522216e+00	-3.384210e+00	-1.380060e-01
5.500000e-01	-1.623063e+00	1.599826e+00	-3.522156e+00	-3.384141e+00	-1.380154e-01
5.510000e-01	-1.623086e+00	1.599852e+00	-3.522199e+00	-3.384185e+00	-1.380133e-01
5.520000e-01	-1.623052e+00	1.599815e+00	-3.522147e+00	-3.384125e+00	-1.380211e-01
5.530000e-01	-1.623070e+00	1.599837e+00	-3.522159e+00	-3.384150e+00	-1.380093e-01
5.540000e-01	-1.623029e+00	1.599792e+00	-3.522117e+00	-3.384088e+00	-1.380290e-01
5.550000e-01	-1.623049e+00	1.599814e+00	-3.522135e+00	-3.384116e+00	-1.380185e-01
5.560000e-01	-1.623024e+00	1.599788e+00	-3.522101e+00	-3.384075e+00	-1.380260e-01
5.570000e-01	-1.623046e+00	1.599810e+00	-3.522141e+00	-3.384117e+00	-1.380239e-01
5.580000e-01	-1.623018e+00	1.599777e+00	-3.522099e+00	-3.384067e+00	-1.380321e-01
5.590000e-01	-1.623057e+00	1.599819e+00	-3.522152e+00	-3.384133e+00	-1.380189e-01
5.600000e-01	-1.623044e+00	1.599801e+00	-3.522154e+00	-3.384121e+00	-1.380333e-01
5.610000e-01	-1.623081e+00	1.599838e+00	-3.522203e+00	-3.384182e+00	-1.380210e-01
5.620000e-01	-1.623058e+00	1.599813e+00	-3.522175e+00	-3.384146e+00	-1.380294e-01
5.630000e-01	-1.623097e+00	1.599852e+00	-3.522245e+00	-3.384220e+00	-1.380250e-01
5.640000e-01	-1.623090e+00	1.599841e+00	-3.522240e+00	-3.384210e+00	-1.380298e-01
5.650000e-01	-1.623134e+00	1.599888e+00	-3.522297e+00	-3.384283e+00	-1.380140e-01
5.660000e-01	-1.623113e+00	1.599862e+00	-3.522285e+00	-3.384256e+00	-1.380291e-01
5.670000e-01	-1.623145e+00	1.599893e+00	-3.522329e+00	-3.384309e+00	-1.380192e-01
5.680000e-01	-1.623131e+00	1.599877e+00	-3.522312e+00	-3.384287e+00	-1.380250e-01
5.690000e-01	-1.623163e+00	1.599909e+00	-3.522369e+00	-3.384348e+00	-1.380219e-01
5.700000e-01	-1.623136e+00	1.599878e+00	-3.522334e+00	-3.384303e+00	-1.380308e-01
5.710000e-01	-1.623180e+00	1.599925e+00	-3.522392e+00	-3.384376e+00	-1.380154e-01
5.720000e-01	-1.623158e+00	1.599900e+00	-3.522376e+00	-3.384346e+00	-1.380303e-01
5.730000e-01	-1.623183e+00	1.599926e+00	-3.522406e+00	-3.384385e+00	-1.380203e-01
5.740000e-01	-1.623158e+00	1.599900e+00	-3.522367e+00	-3.384341e+00	-1.380258e-01
5.750000e-01	-1.623179e+00	1.599924e+00	-3.522398e+00	-3.384377e+00	-1.380204e-01
5.760000e-01	-1.623150e+00	1.599894e+00	-3.522357e+00	-3.384329e+00	-1.380282e-01
5.770000e-01	-1.623179e+00	1.599927e+00	-3.522382e+00	-3.384369e+00	-1.380123e-01
5.780000e-01	-1.623137e+00	1.599885e+00	-3.522335e+00	-3.384305e+00	-1.380300e-01
5.790000e-01	-1.623156e+00	1.599905e+00	-3.522349e+00	-3.384330e+00	-1.380187e-01
5.800000e-01	-1.623141e+00	1.599891e+00	-3.522327e+00	-3.384304e+00	-1.380225e-01
5.810000e-01	-1.623169e+00	1.599921e+00	-3.522368e+00	-3.384353e+00	-1.380155e-01
5.820000e-01	-1.623130e+00	1.599882e+00	-3.522314e+00	-3.384288e+00	-1.380265e-01
5.830000e-01	-1.623150e+00	1.599905e+00	-3.522329e+00	-3.384314e+00	-1.380148e-01
5.840000e-01	-1.623115e+00	1.599869e+00	-3.522296e+00	-3.384263e+00	-1.380328e-01
5.850000e-01	-1.623113e+00	1.599870e+00	-3.522279e+00	-3.384252e+00	-1.380267e-01
5.860000e-01	-1.623068e+00	1.599824e+00	-3.522210e+00	-3.384173e+00	-1.380369e-01
5.870000e-01	-1.623087e+00	1.599846e+00	-3.522233e+00	-3.384204e+00	-1.380291e-01
5.880000e-01	-1.623061e+00	1.599817e+00	-3.522192e+00	-3.384157e+00	-1.380355e-01
5.890000e-01	-1.623094e+00	1.599854e+00	-3.522227e+00	-3.384208e+00	-1.380192e-01
5.900000e-01	-1.623064e+00	1.599819e+00	-3.522194e+00	-3.384161e+00	-1.380335e-01
5.910000e-01	-1.623086e+00	1.599844e+00	-3.522217e+00	-3.384195e+00	-1.380221e-01
5.920000e-01	-1.623074e+00	1.599831e+00	-3.522204e+00	-3.384176e+00	-1.380281e-01
5.930000e-01	-1.623107e+00	1.599867e+00	-3.522258e+00	-3.384236e+00	-1.380214e-01
5.940000e-01	-1.623064e+00	1.599820e+00	-3.522191e+00	-3.384160e+00	-1.380313e-01
5.950000e-01	-1.623099e+00	1.599857e+00	-3.522233e+00	-3.384215e+00	-1.380176e-01
5.960000e-01	-1.623088e+00	1.599841e+00	-3.522238e+00	-3.384206e+00	-1.380313e-01
5.970000e-01	-1.623112e+00	1.599865e+00	-3.522265e+00	-3.384244e+00	-1.380206e-01
5.980000e-01	-1.623092e+00	1.599842e+00	-3.522234e+00	-3.384209e+00	-1.380255e-01
5.990000e-01	-1.623132e+00	1.599883e+00	-3.522300e+00	-3.384282e+00	-1.380179e-01
6.000000e-01	-1.623122e+00	1.599870e+00	-3.522288e+00	-3.384266e+00	-1.380221e-01
6.010000e-01	-1.623153e+00	1.599906e+00	-3.522324e+00	-3.384315e+00	-1.380086e-01
6.020000e-01	-1.623124e+00	1.599871e+00	-3.522295e+00	-3.384271e+00	-1.380238e-01
6.030000e-01	-1.623152e+00	1.599902e+00	-3.522324e+00	-3.384314e+00	-1.380101e-01
6.040000e-01	-1.623138e+00	1.599888e+00	-3.522304e+00	-3.384290e+00	-1.380145e-01
6.050000e-01	-1.623166e+00	1.599918e+00	-3.522347e+00	-3.384340e+00	-1.380077e-01
6.060000e-01	-1.623141e+00	1.599890e+00	-3.522313e+00	-3.384298e+00	-1.380155e-01
6.070000e-01	-1.623173e+00	1.599925e+00	-3.522347e+00	-3.384346e+00	-1.380007e-01
6.080000e-01	-1.623157e+00	1.599907e+00	-3.522345e+00	-3.384330e+00	-1.380151e-01
6.090000e-01	-1.623184e+00	1.599935e+00	-3.522373e+00	-3.384370e+00	-1.380032e-01
6.100000e-01	-1.623149e+00	1.599901e+00	-3.522324e+00	-3.384311e+00	-1.380133e-01
6.110000e-01	-1.623162e+00	1.599916e+00	-3.522343e+00	-3.384333e+00	-1.380094e-01
6.120000e-01	-1.623134e+00	1.599887e+00	-3.522306e+00	-3.384287e+00	-1.380186e-01
6.130000e-01	-1.623158e+00	1.599917e+00	-3.522324e+00	-3.384320e+00	-1.380038e-01
6.140000e-01	-1.623116e+00	1.599872e+00	-3.522274e+00	-3.384253e+00	-1.380212e-01
6.150000e-01	-1.623134e+00	1.599893e+00	-3.522289e+00	-3.384278e+00	-1.380106e-01
6.160000e-01	-1.623108e+00	1.599867e+00	-3.522250e+00	-3.384233e+00	-1.380169e-01
6.170000e-01	-1.623127e+00	1.599888e+00	-3.522280e+00	-3.384267e+00	-1.380132e-01
6.180000e-01	-1.623083e+00	1.599841e+00	-3.522217e+00	-3.384191e+00	-1.380253e-01
6.190000e-01	-1.623107e+00	1.599869e+00	-3.522240e+00	-3.384227e+00	-1.380130e-01
6.200000e-01	-1.623070e+00	1.599830e+00	-3.522203e+00	-3.384172e+00	-1.380311e-01
6.210000e-01	-1.623077e+00	1.599838e+00	-3.522201e+00	-3.384177e+00	-1.380237e-01
6.220000e-01	-1.623044e+00	1.599803e+00	-3.522148e+00	-3.384118e+00	-1.380300e-01
6.230000e-01	-1.623070e+00	1.599831e+00	-3.522190e+00	-3.384165e+00	-1.380247e-01
6.240000e-01	-1.623050e+00	1.599807e+00	-3.522162e+00	-3.384131e+00	-1.380309e-01
6.250000e-01	-1.623089e+00	1.599847e+00	-3.522203e+00	-3.384190e+00	-1.380126e-01
6.260000e-01	-1.623064e+00	1.599820e+00	-3.522188e+00	-3.384159e+00	-1.380297e-01
6.270000e-01	-1.623092e+00	1.599848e+00	-3.522222e+00	-3.384203e+00	-1.380187e-01
6.280000e-01	-1.623083e+00	1.599837e+00	-3.522210e+00	-3.384188e+00	-1.380213e-01
6.290000e-01	-1.623120e+00	1.599875e+00	-3.522267e+00	-3.384253e+00	-1.380140e-01
6.300000e-01	-1.623096e+00	1.599848e+00	-3.522238e+00	-3.384215e+00	-1.380226e-01
6.310000e-01	-1.623135e+00	1.599888e+00	-3.522284e+00	-3.384277e+00	-1.380071e-01
6.320000e-01	-1.623122e+00	1.599871e+00	-3.522286e+00	-3.384265e+00	-1.380212e-01
6.330000e-01	-1.623148e+00	1.599898e+00	-3.522319e+00	-3.384307e+00	-1.380115e-01
6.340000e-01	-1.623125e+00	1.599871e+00	-3.522288e+00	-3.384269e+00	-1.380190e-01
6.350000e-01	-1.623162e+00	1.599909e+00	-3.522346e+00	-3.384335e+00	-1.380113e-01
6.360000e-01	-1.623143e+00	1.599888e+00	-3.522323e+00	-3.384305e+00	-1.380184e-01
6.370000e-01	-1.623176e+00	1.599924e+00	-3.522359e+00	-3.384355e+00	-1.380035e-01
6.380000e-01	-1.623149e+00	1.599895e+00	-3.522335e+00	-3.384316e+00	-1.380185e-01
6.390000e-01	-1.623167e+00	1.599915e+00	-3.522347e+00	-3.384340e+00	-1.380071e-01
6.400000e-01	-1.623148e+00	1.599897e+00	-3.522322e+00	-3.384309e+00	-1.380131e-01
6.410000e-01	-1.623179e+00	1.599931e+00	-3.522372e+00	-3.384365e+00	-1.380063e-01
6.420000e-01	-1.623139e+00	1.599888e+00	-3.522313e+00	-3.384295e+00	-1.380179e-01
6.430000e-01	-1.623166e+00	1.599920e+00	-3.522343e+00	-3.384338e+00	-1.380054e-01
6.440000e-01	-1.623143e+00	1.599893e+00	-3.522327e+00	-3.384306e+00	-1.380209e-01
6.450000e-01	-1.623159e+00	1.599913e+00	-3.522342e+00	-3.384330e+00	-1.380122e-01
6.460000e-01	-1.623118e+00	1.599872e+00	-3.522280e+00	-3.384258e+00	-1.380217e-01
6.470000e-01	-1.623132e+00	1.599889e+00	-3.522301e+00	-3.384283e+00	-1.380184e-01
6.480000e-01	-1.623099e+00	1.599855e+00	-3.522256e+00	-3.384227e+00	-1.380283e-01
6.490000e-01	-1.623111e+00	1.599872e+00	-3.522257e+00	-3.384240e+00	-1.380174e-01
6.500000e-01	-1.623065e+00	1.599821e+00	-3.522201e+00	-3.384165e+00	-1.380357e-01
6.510000e-01	-1.623087e+00	1.599846e+00	-3.522222e+00	-3.384198e+00	-1.380236e-01
6.520000e-01	-1.623063e+00	1.599821e+00	-3.522185e+00	-3.384156e+00	-1.380289e-01
6.530000e-01	-1.623090e+00	1.599849e+00	-3.522228e+00	-3.384203e+00	-1.380242e-01
6.540000e-01	-1.623054e+00	1.599808e+00	-3.522171e+00	-3.384139e+00	-1.380319e-01
6.550000e-01	-1.623089e+00	1.599847e+00	-3.522213e+00	-3.384196e+00	-1.380177e-01
6.560000e-01	-1.623074e+00	1.599829e+00	-3.522213e+00	-3.384180e+00	-1.380330e-01
6.570000e-01	-1.623099e+00	1.599854e+00	-3.522240e+00	-3.384219e+00	-1.380213e-01
6.580000e-01	-1.623067e+00	1.599821e+00	-3.522195e+00	-3.384165e+00	-1.380305e-01
6.590000e-01	-1.623099e+00	1.599853e+00	-3.522247e+00	-3.384223e+00	-1.380246e-01
6.600000e-01	-1.623088e+00	1.599839e+00	-3.522238e+00	-3.384207e+00	-1.380306e-01
6.610000e-01	-1.623123e+00	1.599875e+00	-3.522273e+00	-3.384259e+00	-1.380136e-01
6.620000e-01	-1.623100e+00	1.599847e+00	-3.522258e+00	-3.384229e+00	-1.380296e-01
6.630000e-01	-1.623140e+00	1.599888e+00	-3.522312e+00	-3.384296e+00	-1.380165e-01
6.640000e-01	-1.623127e+00	1.599873e+00	-3.522295e+00	-3.384274e+00	-1.380206e-01
6.650000e-01	-1.623162e+00	1.599911e+00	-3.522350e+00	-3.384337e+00	-1.380126e-01
6.660000e-01	-1.623141e+00	1.599884e+00	-3.522321e+00	-3.384301e+00	-1.380194e-01
6.670000e-01	-1.623187e+00	1.599936e+00	-3.522382e+00	-3.384378e+00	-1.380041e-01
6.680000e-01	-1.623165e+00	1.599911e+00	-3.522370e+00	-3.384350e+00	-1.380197e-01
6.690000e-01	-1.623180e+00	1.599927e+00	-3.522383e+00	-3.384372e+00	-1.380113e-01
6.700000e-01	-1.623157e+00	1.599903e+00	-3.522351e+00	-3.384333e+00	-1.380182e-01
6.710000e-01	-1.623181e+00	1.599929e+00	-3.522390e+00	-3.384376e+00	-1.380137e-01
6.720000e-01	-1.623160e+00	1.599906e+00	-3.522363e+00	-3.384342e+00	-1.380213e-01
6.730000e-01	-1.623196e+00	1.599947e+00	-3.522402e+00	-3.384397e+00	-1.380052e-01
6.740000e-01	-1.623153e+00	1.599900e+00	-3.522353e+00	-3.384330e+00	-1.380234e-01
6.750000e-01	-1.623174e+00	1.599925e+00	-3.522374e+00	-3.384361e+00	-1.380126e-01
6.760000e-01	-1.623159e+00	1.599910e+00	-3.522358e+00	-3.384338e+00	-1.380202e-01
6.770000e-01	-1.623171e+00	1.599925e+00	-3.522375e+00	-3.384358e+00	-1.380165e-01
6.780000e-01	-1.623123e+00	1.599874e+00	-3.522304e+00	-3.384275e+00	-1.380290e-01
6.790000e-01	-1.623147e+00	1.599903e+00	-3.522323e+00	-3.384308e+00	-1.380147e-01
6.800000e-01	-1.623117e+00	1.599871e+00	-3.522298e+00	-3.384266e+00	-1.380320e-01
6.810000e-01	-1.623123e+00	1.599879e+00	-3.522289e+00	-3.384267e+00	-1.380220e-01
6.820000e-01	-1.623089e+00	1.599843e+00	-3.522240e+00	-3.384209e+00	-1.380313e-01
6.830000e-01	-1.623113e+00	1.599869e+00	-3.522273e+00	-3.384250e+00	-1.380240e-01
6.840000e-01	-1.623085e+00	1.599837e+00	-3.522236e+00	-3.384203e+00	-1.380331e-01
6.850000e-01	-1.623115e+00	1.599872e+00	-3.522266e+00	-3.384248e+00	-1.380182e-01
6.860000e-01	-1.623080e+00	1.599833e+00	-3.522227e+00	-3.384193e+00	-1.380333e-01
6.870000e-01	-1.623096e+00	1.599853e+00	-3.522233e+00	-3.384213e+00	-1.380210e-01
6.880000e-01	-1.623078e+00	1.599834e+00	-3.522208e+00	-3.384182e+00	-1.380256e-01
6.890000e-01	-1.623114e+00	1.599872e+00	-3.522259e+00	-3.384243e+00	-1.380153e-01
6.900000e-01	-1.623085e+00	1.599838e+00	-3.522219e+00	-3.384194e+00	-1.380242e-01
6.910000e-01	-1.623120e+00	1.599875e+00	-3.522257e+00	-3.384249e+00	-1.380084e-01
6.920000e-01	-1.623114e+00	1.599865e+00	-3.522272e+00	-3.384251e+00	-1.380218e-01
6.930000e-01	-1.623139e+00	1.599893e+00	-3.522300e+00	-3.384289e+00	-1.380103e-01
6.940000e-01	-1.623113e+00	1.599864e+00	-3.522264e+00	-3.384246e+00	-1.380187e-01
6.950000e-01	-1.623143e+00	1.599895e+00	-3.522311e+00	-3.384298e+00	-1.380130e-01
6.960000e-01	-1.623123e+00	1.599872e+00	-3.522285e+00	-3.384265e+00	-1.380198e-01
6.970000e-01	-1.623151e+00	1.599905e+00	-3.522311e+00	-3.384307e+00	-1.380040e-01
6.980000e-01	-1.623129e+00	1.599877e+00	-3.522300e+00	-3.384279e+00	-1.380214e-01
6.990000e-01	-1.623158e+00	1.599907e+00	-3.522331e+00	-3.384324e+00	-1.380074e-01
7.000000e-01	-1.623149e+00	1.599897e+00	-3.522325e+00	-3.384312e+00	-1.380131e-01
7.010000e-01	-1.623183e+00	1.599934e+00	-3.522381e+00	-3.384374e+00	-1.380069e-01
7.020000e-01	-1.623154e+00	1.599901e+00	-3.522341e+00	-3.384324e+00	-1.380169e-01
7.030000e-01	-1.623178e+00	1.599931e+00	-3.522359e+00	-3.384358e+00	-1.380018e-01
7.040000e-01	-1.623154e+00	1.599905e+00	-3.522348e+00	-3.384328e+00	-1.380198e-01
7.050000e-01	-1.623171e+00	1.599925e+00	-3.522359e+00	-3.384351e+00	-1.380085e-01
7.060000e-01	-1.623129e+00	1.599880e+00	-3.522297e+00	-3.384277e+00	-1.380201e-01
7.070000e-01	-1.623151e+00	1.599905e+00	-3.522334e+00	-3.384318e+00	-1.380157e-01
7.080000e-01	-1.623135e+00	1.599885e+00	-3.522315e+00	-3.384292e+00	-1.380229e-01
7.090000e-01	-1.623163e+00	1.599918e+00	-3.522339e+00	-3.384332e+00	-1.380068e-01
7.100000e-01	-1.623131e+00	1.599884e+00	-3.522313e+00	-3.384287e+00	-1.380256e-01
7.110000e-01	-1.623144e+00	1.599900e+00	-3.522320e+00	-3.384305e+00	-1.380157e-01
7.120000e-01	-1.623112e+00	1.599867e+00	-3.522270e+00	-3.384247e+00	-1.380234e-01
7.130000e-01	-1.623124e+00	1.599882e+00	-3.522289e+00	-3.384269e+00	-1.380204e-01
7.140000e-01	-1.623082e+00	1.599835e+00	-3.522230e+00	-3.384197e+00	-1.380332e-01
7.150000e-01	-1.623106e+00	1.599862e+00	-3.522244e+00	-3.384228e+00	-1.380163e-01
7.160000e-01	-1.623081e+00	1.599834e+00	-3.522226e+00	-3.384195e+00	-1.380318e-01
7.170000e-01	-1.623102e+00	1.599855e+00	-3.522243e+00	-3.384223e+00	-1.380201e-01
7.180000e-01	-1.623078e+00	1.599829e+00	-3.522209e+00	-3.384182e+00	-1.380269e-01
7.190000e-01	-1.623102e+00	1.599856e+00	-3.522243e+00	-3.384224e+00	-1.380194e-01
7.200000e-01	-1.623083e+00	1.599834e+00	-3.522218e+00	-3.384192e+00	-1.380259e-01
7.210000e-01	-1.623115e+00	1.599870e+00	-3.522246e+00	-3.384238e+00	-1.380076e-01
7.220000e-01	-1.623084e+00	1.599836e+00	-3.522219e+00	-3.384193e+00	-1.380259e-01
7.230000e-01	-1.623105e+00	1.599857e+00	-3.522237e+00	-3.384224e+00	-1.380132e-01
7.240000e-01	-1.623101e+00	1.599851e+00	-3.522236e+00	-3.384220e+00	-1.380167e-01
7.250000e-01	-1.623133e+00	1.599884e+00	-3.522283e+00	-3.384274e+00	-1.380086e-01
7.260000e-01	-1.623112e+00	1.599859e+00	-3.522260e+00	-3.384242e+00	-1.380180e-01
7.270000e-01	-1.623148e+00	1.599900e+00	-3.522301e+00	-3.384299e+00	-1.380025e-01
7.280000e-01	-1.623124e+00	1.599872e+00	-3.522285e+00	-3.384266e+00	-1.380186e-01
7.290000e-01	-1.623141e+00	1.599893e+00	-3.522301e+00	-3.384292e+00	-1.380094e-01
7.300000e-01	-1.623112e+00	1.599863e+00	-3.522261e+00	-3.384243e+00	-1.380181e-01
7.310000e-01	-1.623142e+00	1.599896e+00	-3.522303e+00	-3.384293e+00	-1.380092e-01
7.320000e-01	-1.623125e+00	1.599877e+00	-3.522283e+00	-3.384267e+00	-1.380162e-01
7.330000e-01	-1.623156e+00	1.599911e+00	-3.522316e+00	-3.384314e+00	-1.380018e-01
7.340000e-01	-1.623126e+00	1.599875e+00	-3.522290e+00	-3.384270e+00	-1.380192e-01
7.350000e-01	-1.623143e+00	1.599897e+00	-3.522309e+00	-3.384298e+00	-1.380108e-01
7.360000e-01	-1.623118e+00	1.599871e+00	-3.522278e+00	-3.384257e+00	-1.380210e-01
7.370000e-01	-1.623140e+00	1.599897e+00	-3.522310e+00	-3.384295e+00	-1.380151e-01
7.380000e-01	-1.623092e+00	1.599846e+00	-3.522237e+00	-3.384211e+00	-1.380268e-01
7.390000e-01	-1.623120e+00	1.599879e+00	-3.522265e+00	-3.384252e+00	-1.380129e-01
7.400000e-01	-1.623103e+00	1.599859e+00	-3.522262e+00	-3.384234e+00	-1.380275e-01
7.410000e-01	-1.623118e+00	1.599876e+00	-3.522268e+00	-3.384252e+00	-1.380162e-01
7.420000e-01	-1.623088e+00	1.599842e+00	-3.522226e+00	-3.384201e+00	-1.380254e-01
7.430000e-01	-1.623114e+00	1.599870e+00	-3.522272e+00	-3.384250e+00	-1.380219e-01
7.440000e-01	-1.623085e+00	1.599838e+00	-3.522235e+00	-3.384203e+00	-1.380323e-01
7.450000e-01	-1.623106e+00	1.599863e+00	-3.522251e+00	-3.384232e+00	-1.380191e-01
7.460000e-01	-1.623070e+00	1.599823e+00	-3.522213e+00	-3.384177e+00	-1.380367e-01
7.470000e-01	-1.623090e+00	1.599845e+00	-3.522226e+00	-3.384203e+00	-1.380234e-01
7.480000e-01	-1.623074e+00	1.599827e+00	-3.522205e+00	-3.384176e+00	-1.380284e-01
7.490000e-01	-1.623106e+00	1.599859e+00	-3.522253e+00	-3.384233e+00	-1.380203e-01
7.500000e-01	-1.623086e+00	1.599834e+00	-3.522225e+00	-3.384198e+00	-1.380267e-01
7.510000e-01	-1.623124e+00	1.599875e+00	-3.522268e+00	-3.384258e+00	-1.380097e-01
7.520000e-01	-1.623117e+00	1.599864e+00	-3.522284e+00	-3.384259e+00	-1.380246e-01
7.530000e-01	-1.623145e+00	1.599894e+00	-3.522312e+00	-3.384301e+00	-1.380111e-01
7.540000e-01	-1.623114e+00	1.599861e+00	-3.522266e+00	-3.384247e+00	-1.380195e-01
7.550000e-01	-1.623143e+00	1.599893e+00	-3.522310e+00	-3.384298e+00	-1.380119e-01
7.560000e-01	-1.623136e+00	1.599883e+00	-3.522307e+00	-3.384290e+00	-1.380176e-01
7.570000e-01	-1.623167e+00	1.599918e+00	-3.522336e+00	-3.384335e+00	-1.380008e-01
7.580000e-01	-1.623138e+00	1.599884e+00	-3.522313e+00	-3.384295e+00	-1.380184e-01
7.590000e-01	-1.623172e+00	1.599921e+00	-3.522357e+00	-3.384351e+00	-1.380065e-01
7.600000e-01	-1.623152e+00	1.599900e+00	-3.522329e+00	-3.384316e+00	-1.380130e-01
7.610000e-01	-1.623172e+00	1.599924e+00	-3.522359e+00	-3.384352e+00	-1.380073e-01
7.620000e-01	-1.623138e+00	1.599887e+00	-3.522315e+00	-3.384295e+00	-1.380194e-01
7.630000e-01	-1.623161e+00	1.599916e+00	-3.522331e+00	-3.384326e+00	-1.380049e-01
7.640000e-01	-1.623125e+00	1.599876e+00	-3.522294e+00	-3.384272e+00	-1.380223e-01
7.650000e-01	-1.623137e+00	1.599892e+00	-3.522302e+00	-3.384288e+00	-1.380138e-01
7.660000e-01	-1.623103e+00	1.599856e+00	-3.522250e+00	-3.384228e+00	-1.380217e-01
7.670000e-01	-1.623119e+00	1.599874e+00	-3.522271e+00	-3.384254e+00	-1.380169e-01
7.680000e-01	-1.623099e+00	1.599853e+00	-3.522251e+00	-3.384225e+00	-1.380262e-01
7.690000e-01	-1.623125e+00	1.599882e+00	-3.522270e+00	-3.384260e+00	-1.380102e-01
7.700000e-01	-1.623080e+00	1.599834e+00	-3.522219e+00	-3.384189e+00	-1.380293e-01
7.710000e-01	-1.623097e+00	1.599855e+00	-3.522233e+00	-3.384214e+00	-1.380190e-01
7.720000e-01	-1.623077e+00	1.599833e+00	-3.522203e+00	-3.384178e+00	-1.380251e-01
7.730000e-01	-1.623098e+00	1.599858e+00	-3.522234e+00	-3.384215e+00	-1.380189e-01
7.740000e-01	-1.623061e+00	1.599816e+00	-3.522181e+00	-3.384151e+00	-1.380295e-01
7.750000e-01	-1.623094e+00	1.599852e+00	-3.522214e+00	-3.384202e+00	-1.380129e-01
7.760000e-01	-1.623080e+00	1.599834e+00	-3.522216e+00	-3.384188e+00	-1.380280e-01
7.770000e-01	-1.623096e+00	1.599851e+00	-3.522227e+00	-3.384209e+00	-1.380179e-01
7.780000e-01	-1.623066e+00	1.599818e+00	-3.522184e+00	-3.384158e+00	-1.380262e-01
7.790000e-01	-1.623100e+00	1.599855e+00	-3.522238e+00	-3.384219e+00	-1.380188e-01
7.800000e-01	-1.623075e+00	1.599827e+00	-3.522205e+00	-3.384178e+00	-1.380270e-01
7.810000e-01	-1.623101e+00	1.599854e+00	-3.522227e+00	-3.384215e+00	-1.380123e-01
7.820000e-01	-1.623081e+00	1.599829e+00	-3.522216e+00	-3.384189e+00	-1.380274e-01
7.830000e-01	-1.623109e+00	1.599860e+00	-3.522246e+00	-3.384232e+00	-1.380136e-01
7.840000e-01	-1.623104e+00	1.599852e+00	-3.522240e+00	-3.384224e+00	-1.380162e-01
7.850000e-01	-1.623152e+00	1.599902e+00	-3.522312e+00	-3.384308e+00	-1.380040e-01
7.860000e-01	-1.623127e+00	1.599875e+00	-3.522283e+00	-3.384269e+00	-1.380142e-01
7.870000e-01	-1.623159e+00	1.599911e+00	-3.522320e+00	-3.384319e+00	-1.380005e-01
7.880000e-01	-1.623138e+00	1.599887e+00	-3.522313e+00	-3.384295e+00	-1.380181e-01
7.890000e-01	-1.623149e+00	1.599901e+00	-3.522317e+00	-3.384308e+00	-1.380092e-01
7.900000e-01	-1.623120e+00	1.599871e+00	-3.522280e+00	-3.384260e+00	-1.380198e-01
7.910000e-01	-1.623148e+00	1.599901e+00	-3.522325e+00	-3.384311e+00	-1.380143e-01
7.920000e-01	-1.623121e+00	1.599870e+00	-3.522290e+00	-3.384266e+00	-1.380238e-01
7.930000e-01	-1.623146e+00	1.599899e+00	-3.522311e+00	-3.384302e+00	-1.380092e-01
7.940000e-01	-1.623121e+00	1.599870e+00	-3.522297e+00	-3.384270e+00	-1.380271e-01
7.950000e-01	-1.623142e+00	1.599895e+00	-3.522314e+00	-3.384299e+00	-1.380150e-01
7.960000e-01	-1.623115e+00	1.599867e+00	-3.522276e+00	-3.384253e+00	-1.380232e-01
7.970000e-01	-1.623129e+00	1.599884e+00	-3.522299e+00	-3.384279e+00	-1.380203e-01
7.980000e-01	-1.623092e+00	1.599844e+00	-3.522246e+00	-3.384215e+00	-1.380304e-01
7.990000e-01	-1.623115e+00	1.599873e+00	-3.522264e+00	-3.384247e+00	-1.380164e-01
8.000000e-01	-1.623090e+00	1.599842e+00	-3.522244e+00	-3.384212e+00	-1.380326e-01
8.010000e-01	-1.623115e+00	1.599870e+00	-3.522270e+00	-3.384250e+00	-1.380198e-01
8.020000e-01	-1.623086e+00	1.599839e+00	-3.522232e+00	-3.384202e+00	-1.380301e-01
8.030000e-01	-1.623106e+00	1.599858e+00	-3.522261e+00	-3.384236e+00	-1.380246e-01
8.040000e-01	-1.623094e+00	1.599844e+00	-3.522254e+00	-3.384221e+00	-1.380328e-01
8.050000e-01	-1.623123e+00	1.599878e+00	-3.522282e+00	-3.384264e+00	-1.380176e-01
8.060000e-01	-1.623087e+00	1.599838e+00	-3.522244e+00	-3.384209e+00	-1.380352e-01
8.070000e-01	-1.623110e+00	1.599862e+00	-3.522264e+00	-3.384241e+00	-1.380222e-01
8.080000e-01	-1.623094e+00	1.599845e+00	-3.522242e+00	-3.384214e+00	-1.380272e-01
8.090000e-01	-1.623122e+00	1.599874e+00	-3.522282e+00	-3.384263e+00	-1.380196e-01
8.100000e-01	-1.623095e+00	1.599842e+00	-3.522249e+00	-3.384220e+00	-1.380290e-01
8.110000e-01	-1.623136e+00	1.599885e+00	-3.522294e+00	-3.384283e+00	-1.380117e-01
8.120000e-01	-1.623119e+00	1.599865e+00	-3.522292e+00	-3.384265e+00	-1.380270e-01
8.130000e-01	-1.623137e+00	1.599884e+00	-3.522306e+00	-3.384290e+00	-1.380166e-01
8.140000e-01	-1.623117e+00	1.599862e+00	-3.522279e+00	-3.384256e+00	-1.380228e-01
8.150000e-01	-1.623139e+00	1.599889e+00	-3.522311e+00	-3.384295e+00	-1.380165e-01
8.160000e-01	-1.623119e+00	1.599865e+00	-3.522286e+00	-3.384262e+00	-1.380241e-01
8.170000e-01	-1.623149e+00	1.599899e+00	-3.522312e+00	-3.384305e+00	-1.380068e-01
8.180000e-01	-1.623120e+00	1.599866e+00	-3.522288e+00	-3.384265e+00	-1.380239e-01
8.190000e-01	-1.623150e+00	1.599899e+00	-3.522324e+00	-3.384312e+00	-1.380115e-01
8.200000e-01	-1.623143e+00	1.599890e+00	-3.522317e+00	-3.384302e+00	-1.380152e-01
8.210000e-01	-1.623170e+00	1.599921e+00	-3.522357e+00	-3.384349e+00	-1.380080e-01
8.220000e-01	-1.623140e+00	1.599889e+00	-3.522319e+00	-3.384300e+00	-1.380191e-01
8.230000e-01	-1.623167e+00	1.599920e+00	-3.522342e+00	-3.384338e+00	-1.380042e-01
8.240000e-01	-1.623138e+00	1.599890e+00	-3.522320e+00	-3.384298e+00	-1.380223e-01
8.250000e-01	-1.623138e+00	1.599894e+00	-3.522303e+00	-3.384290e+00	-1.380137e-01
8.260000e-01	-1.623095e+00	1.599848e+00	-3.522242e+00	-3.384216e+00	-1.380260e-01
8.270000e-01	-1.623119e+00	1.599876e+00	-3.522277e+00	-3.384258e+00	-1.380194e-01
8.280000e-01	-1.623090e+00	1.599843e+00	-3.522236e+00	-3.384208e+00	-1.380283e-01
8.290000e-01	-1.623121e+00	1.599880e+00	-3.522266e+00	-3.384254e+00	-1.380113e-01
8.300000e-01	-1.623091e+00	1.599846e+00	-3.522238e+00	-3.384210e+00	-1.380279e-01
8.310000e-01	-1.623106e+00	1.599865e+00	-3.522244e+00	-3.384228e+00	-1.380163e-01
8.320000e-01	-1.623083e+00	1.599840e+00	-3.522218e+00	-3.384192e+00	-1.380263e-01
8.330000e-01	-1.623106e+00	1.599865e+00	-3.522249e+00	-3.384230e+00	-1.380185e-01
8.340000e-01	-1.623065e+00	1.599822e+00	-3.522193e+00	-3.384162e+00	-1.380309e-01
8.350000e-01	-1.623097e+00	1.599858e+00	-3.522226e+00	-3.384210e+00	-1.380153e-01
8.360000e-01	-1.623082e+00	1.599838e+00	-3.522223e+00	-3.384194e+00	-1.380290e-01
8.370000e-01	-1.623108e+00	1.599865e+00	-3.522246e+00	-3.384231e+00	-1.380152e-01
8.380000e-01	-1.623086e+00	1.599840e+00	-3.522218e+00	-3.384194e+00	-1.380234e-01
8.390000e-01	-1.623112e+00	1.599868e+00	-3.522258e+00	-3.384241e+00	-1.380169e-01
8.400000e-01	-1.623089e+00	1.599841e+00	-3.522229e+00	-3.384204e+00	-1.380256e-01
8.410000e-01	-1.623119e+00	1.599876e+00	-3.522258e+00	-3.384248e+00	-1.380100e-01
8.420000e-01	-1.623088e+00	1.599840e+00	-3.522230e+00	-3.384203e+00	-1.380265e-01
8.430000e-01	-1.623122e+00	1.599875e+00	-3.522262e+00	-3.384253e+00	-1.380089e-01
8.440000e-01	-1.623117e+00	1.599869e+00	-3.522262e+00	-3.384248e+00	-1.380141e-01
8.450000e-01	-1.623147e+00	1.599900e+00	-3.522306e+00	-3.384300e+00	-1.380053e-01
8.460000e-01	-1.623126e+00	1.599874e+00	-3.522279e+00	-3.384266e+00	-1.380136e-01
8.470000e-01	-1.623159e+00	1.599913e+00	-3.522313e+00	-3.384316e+00	-1.379976e-01
8.480000e-01	-1.623140e+00	1.599889e+00	-3.522307e+00	-3.384294e+00	-1.380137e-01
8.490000e-01	-1.623167e+00	1.599922e+00	-3.522336e+00	-3.384336e+00	-1.380007e-01
8.500000e-01	-1.623127e+00	1.599880e+00	-3.522275e+00	-3.384265e+00	-1.380102e-01
8.510000e-01	-1.623154e+00	1.599909e+00	-3.522314e+00	-3.384311e+00	-1.380030e-01
8.520000e-01	-1.623148e+00	1.599902e+00	-3.522315e+00	-3.384306e+00	-1.380092e-01
8.530000e-01	-1.623180e+00	1.599938e+00	-3.522343e+00	-3.384351e+00	-1.379918e-01
8.540000e-01	-1.623141e+00	1.599895e+00	-3.522304e+00	-3.384293e+00	-1.380106e-01
8.550000e-01	-1.623163e+00	1.599921e+00	-3.522325e+00	-3.384325e+00	-1.380000e-01
8.560000e-01	-1.623129e+00	1.599887e+00	-3.522280e+00	-3.384269e+00	-1.380113e-01
8.570000e-01	-1.623133e+00	1.599894e+00	-3.522278e+00	-3.384272e+00	-1.380064e-01
8.580000e-01	-1.623091e+00	1.599850e+00	-3.522222e+00	-3.384202e+00	-1.380199e-01
8.590000e-01	-1.623115e+00	1.599880e+00	-3.522238e+00	-3.384234e+00	-1.380037e-01
8.600000e-01	-1.623077e+00	1.599837e+00	-3.522195e+00	-3.384175e+00	-1.380200e-01
8.610000e-01	-1.623094e+00	1.599858e+00	-3.522207e+00	-3.384198e+00	-1.380095e-01
8.620000e-01	-1.623063e+00	1.599824e+00	-3.522163e+00	-3.384144e+00	-1.380188e-01
8.630000e-01	-1.623074e+00	1.599838e+00	-3.522175e+00	-3.384162e+00	-1.380132e-01
8.640000e-01	-1.623052e+00	1.599812e+00	-3.522147e+00	-3.384126e+00	-1.380214e-01
8.650000e-01	-1.623086e+00	1.599852e+00	-3.522180e+00	-3.384176e+00	-1.380039e-01
8.660000e-01	-1.623046e+00	1.599808e+00	-3.522135e+00	-3.384114e+00	-1.380209e-01
8.670000e-01	-1.623068e+00	1.599831e+00	-3.522151e+00	-3.384143e+00	-1.380080e-01
8.680000e-01	-1.623059e+00	1.599820e+00	-3.522143e+00	-3.384130e+00	-1.380127e-01
8.690000e-01	-1.623085e+00	1.599848e+00	-3.522180e+00	-3.384175e+00	-1.380050e-01
8.700000e-01	-1.623059e+00	1.599817e+00	-3.522148e+00	-3.384133e+00	-1.380154e-01
8.710000e-01	-1.623098e+00	1.599860e+00	-3.522191e+00	-3.384193e+00	-1.379981e-01
8.720000e-01	-1.623083e+00	1.599840e+00	-3.522190e+00	-3.384178e+00	-1.380122e-01
8.730000e-01	-1.623104e+00	1.599865e+00	-3.522211e+00	-3.384209e+00	-1.380016e-01
8.740000e-01	-1.623073e+00	1.599830e+00	-3.522168e+00	-3.384157e+00	-1.380108e-01
8.750000e-01	-1.623111e+00	1.599871e+00	-3.522226e+00	-3.384224e+00	-1.380017e-01
8.760000e-01	-1.623092e+00	1.599848e+00	-3.522204e+00	-3.384193e+00	-1.380102e-01
8.770000e-01	-1.623122e+00	1.599880e+00	-3.522230e+00	-3.384237e+00	-1.379933e-01
8.780000e-01	-1.623104e+00	1.599859e+00	-3.522229e+00	-3.384219e+00	-1.380105e-01
8.790000e-01	-1.623128e+00	1.599887e+00	-3.522253e+00	-3.384255e+00	-1.379981e-01
8.800000e-01	-1.623111e+00	1.599866e+00	-3.522230e+00	-3.384226e+00	-1.380040e-01
8.810000e-01	-1.623155e+00	1.599914e+00	-3.522299e+00	-3.384304e+00	-1.379949e-01
8.820000e-01	-1.623120e+00	1.599877e+00	-3.522256e+00	-3.384248e+00	-1.380075e-01
8.830000e-01	-1.623143e+00	1.599904e+00	-3.522275e+00	-3.384281e+00	-1.379944e-01
8.840000e-01	-1.623123e+00	1.599879e+00	-3.522272e+00	-3.384258e+00	-1.380133e-01
8.850000e-01	-1.623138e+00	1.599899e+00	-3.522284e+00	-3.384279e+00	-1.380041e-01
8.860000e-01	-1.623098e+00	1.599856e+00	-3.522225e+00	-3.384211e+00	-1.380141e-01
8.870000e-01	-1.623126e+00	1.599888e+00	-3.522271e+00	-3.384262e+00	-1.380092e-01
8.880000e-01	-1.623099e+00	1.599857e+00	-3.522235e+00	-3.384217e+00	-1.380185e-01
8.890000e-01	-1.623116e+00	1.599877e+00	-3.522241e+00	-3.384236e+00	-1.380047e-01
8.900000e-01	-1.623078e+00	1.599835e+00	-3.522206e+00	-3.384181e+00	-1.380252e-01
8.910000e-01	-1.623101e+00	1.599861e+00	-3.522226e+00	-3.384214e+00	-1.380124e-01
8.920000e-01	-1.623073e+00	1.599832e+00	-3.522187e+00	-3.384167e+00	-1.380209e-01
8.930000e-01	-1.623092e+00	1.599853e+00	-3.522212e+00	-3.384198e+00	-1.380140e-01
8.940000e-01	-1.623064e+00	1.599821e+00	-3.522177e+00	-3.384152e+00	-1.380243e-01
8.950000e-01	-1.623097e+00	1.599859e+00	-3.522208e+00	-3.384201e+00	-1.380076e-01
8.960000e-01	-1.623075e+00	1.599832e+00	-3.522196e+00	-3.384174e+00	-1.380229e-01
8.970000e-01	-1.623103e+00	1.599862e+00	-3.522225e+00	-3.384215e+00	-1.380099e-01
8.980000e-01	-1.623072e+00	1.599828e+00	-3.522183e+00	-3.384163e+00	-1.380199e-01
8.990000e-01	-1.623096e+00	1.599854e+00	-3.522221e+00	-3.384207e+00	-1.380144e-01
9.000000e-01	-1.623083e+00	1.599835e+00	-3.522208e+00	-3.384187e+00	-1.380211e-01
9.010000e-01	-1.623118e+00	1.599876e+00	-3.522245e+00	-3.384241e+00	-1.380041e-01
9.020000e-01	-1.623089e+00	1.599841e+00	-3.522219e+00	-3.384198e+00	-1.380205e-01
9.030000e-01	-1.623120e+00	1.599875e+00	-3.522255e+00	-3.384247e+00	-1.380074e-01
9.040000e-01	-1.623104e+00	1.599857e+00	-3.522235e+00	-3.384222e+00	-1.380138e-01
9.050000e-01	-1.623129e+00	1.599885e+00	-3.522269e+00	-3.384264e+00	-1.380053e-01
9.060000e-01	-1.623108e+00	1.599859e+00	-3.522244e+00	-3.384230e+00	-1.380144e-01
9.070000e-01	-1.623146e+00	1.599903e+00	-3.522289e+00	-3.384290e+00	-1.379990e-01
9.080000e-01	-1.623118e+00	1.599869e+00	-3.522268e+00	-3.384252e+00	-1.380164e-01
9.090000e-01	-1.623137e+00	1.599892e+00	-3.522286e+00	-3.384280e+00	-1.380059e-01
9.100000e-01	-1.623118e+00	1.599871e+00	-3.522264e+00	-3.384250e+00	-1.380138e-01
9.110000e-01	-1.623138e+00	1.599894e+00	-3.522292e+00	-3.384283e+00	-1.380084e-01
9.120000e-01	-1.623113e+00	1.599866e+00	-3.522262e+00	-3.384244e+00	-1.380181e-01
9.130000e-01	-1.623144e+00	1.599902e+00	-3.522291e+00	-3.384289e+00	-1.380014e-01
9.140000e-01	-1.623103e+00	1.599858e+00	-3.522250e+00	-3.384228e+00	-1.380220e-01
9.150000e-01	-1.623119e+00	1.599876e+00	-3.522258e+00	-3.384248e+00	-1.380106e-01
9.160000e-01	-1.623109e+00	1.599866e+00	-3.522251e+00	-3.384235e+00	-1.380163e-01
9.170000e-01	-1.623131e+00	1.599891e+00	-3.522281e+00	-3.384272e+00	-1.380089e-01
9.180000e-01	-1.623096e+00	1.599852e+00	-3.522236e+00	-3.384214e+00	-1.380215e-01
9.190000e-01	-1.623125e+00	1.599885e+00	-3.522265e+00	-3.384258e+00	-1.380071e-01
9.200000e-01	-1.623098e+00	1.599855e+00	-3.522247e+00	-3.384221e+00	-1.380255e-01
9.210000e-01	-1.623109e+00	1.599869e+00	-3.522249e+00	-3.384233e+00	-1.380158e-01
9.220000e-01	-1.623071e+00	1.599829e+00	-3.522196e+00	-3.384169e+00	-1.380272e-01
9.230000e-01	-1.623091e+00	1.599851e+00	-3.522220e+00	-3.384201e+00	-1.380184e-01
9.240000e-01	-1.623071e+00	1.599827e+00	-3.522198e+00	-3.384171e+00	-1.380278e-01
9.250000e-01	-1.623105e+00	1.599864e+00	-3.522232e+00	-3.384221e+00	-1.380115e-01
9.260000e-01	-1.623077e+00	1.599830e+00	-3.522205e+00	-3.384179e+00	-1.380259e-01
9.270000e-01	-1.623103e+00	1.599860e+00	-3.522232e+00	-3.384219e+00	-1.380128e-01
9.280000e-01	-1.623089e+00	1.599843e+00	-3.522215e+00	-3.384196e+00	-1.380190e-01
9.290000e-01	-1.623122e+00	1.599880e+00	-3.522264e+00	-3.384254e+00	-1.380097e-01
9.300000e-01	-1.623085e+00	1.599838e+00	-3.522210e+00	-3.384190e+00	-1.380200e-01
9.310000e-01	-1.623118e+00	1.599876e+00	-3.522245e+00	-3.384241e+00	-1.380043e-01
9.320000e-01	-1.623109e+00	1.599862e+00	-3.522255e+00	-3.384236e+00	-1.380183e-01
9.330000e-01	-1.623132e+00	1.599887e+00	-3.522275e+00	-3.384269e+00	-1.380057e-01
9.340000e-01	-1.623109e+00	1.599861e+00	-3.522245e+00	-3.384231e+00	-1.380137e-01
9.350000e-01	-1.623142e+00	1.599897e+00	-3.522297e+00	-3.384291e+00	-1.380059e-01
9.360000e-01	-1.623117e+00	1.599869e+00	-3.522266e+00	-3.384250e+00	-1.380160e-01
9.370000e-01	-1.623139e+00	1.599894e+00	-3.522281e+00	-3.384279e+00	-1.380019e-01
9.380000e-01	-1.623108e+00	1.599859e+00	-3.522257e+00	-3.384236e+00	-1.380208e-01
9.390000e-01	-1.623132e+00	1.599888e+00	-3.522277e+00	-3.384271e+00	-1.380059e-01
9.400000e-01	-1.623116e+00	1.599870e+00	-3.522255e+00	-3.384243e+00	-1.380116e-01
9.410000e-01	-1.623146e+00	1.599903e+00	-3.522301e+00	-3.384296e+00	-1.380043e-01
9.420000e-01	-1.623116e+00	1.599869e+00	-3.522261e+00	-3.384247e+00	-1.380143e-01
9.430000e-01	-1.623141e+00	1.599900e+00	-3.522282e+00	-3.384282e+00	-1.379997e-01
9.440000e-01	-1.623116e+00	1.599872e+00	-3.522270e+00	-3.384251e+00	-1.380184e-01
9.450000e-01	-1.623129e+00	1.599888e+00	-3.522272e+00	-3.384265e+00	-1.380074e-01
9.460000e-01	-1.623090e+00	1.599847e+00	-3.522215e+00	-3.384197e+00	-1.380181e-01
9.470000e-01	-1.623114e+00	1.599876e+00	-3.522254e+00	-3.384241e+00	-1.380130e-01
9.480000e-01	-1.623092e+00	1.599849e+00	-3.522224e+00	-3.384204e+00	-1.380202e-01
9.490000e-01	-1.623118e+00	1.599879e+00	-3.522245e+00	-3.384241e+00	-1.380049e-01
9.500000e-01	-1.623089e+00	1.599846e+00	-3.522225e+00	-3.384202e+00	-1.380233e-01
9.510000e-01	-1.623112e+00	1.599873e+00	-3.522249e+00	-3.384237e+00	-1.380124e-01
9.520000e-01	-1.623085e+00	1.599843e+00	-3.522210e+00	-3.384190e+00	-1.380201e-01
9.530000e-01	-1.623107e+00	1.599868e+00	-3.522243e+00	-3.384228e+00	-1.380146e-01
9.540000e-01	-1.623069e+00	1.599827e+00	-3.522191e+00	-3.384165e+00	-1.380264e-01
9.550000e-01	-1.623097e+00	1.599858e+00	-3.522212e+00	-3.384203e+00	-1.380092e-01
9.560000e-01	-1.623073e+00	1.599830e+00	-3.522197e+00	-3.384172e+00	-1.380254e-01
9.570000e-01	-1.623093e+00	1.599852e+00	-3.522215e+00	-3.384201e+00	-1.380142e-01
9.580000e-01	-1.623070e+00	1.599823e+00	-3.522179e+00	-3.384159e+00	-1.380195e-01
9.590000e-01	-1.623103e+00	1.599860e+00	-3.522230e+00	-3.384218e+00	-1.380115e-01
9.600000e-01	-1.623091e+00	1.599843e+00	-3.522217e+00	-3.384199e+00	-1.380179e-01
9.610000e-01	-1.623130e+00	1.599886e+00	-3.522259e+00	-3.384259e+00	-1.379995e-01
9.620000e-01	-1.623099e+00	1.599852e+00	-3.522233e+00	-3.384215e+00	-1.380179e-01
9.630000e-01	-1.623121e+00	1.599877e+00	-3.522254e+00	-3.384249e+00	-1.380056e-01
9.640000e-01	-1.623114e+00	1.599868e+00	-3.522250e+00	-3.384239e+00	-1.380109e-01
9.650000e-01	-1.623140e+00	1.599897e+00	-3.522286e+00	-3.384283e+00	-1.380028e-01
9.660000e-01	-1.623112e+00	1.599864e+00	-3.522249e+00	-3.384236e+00	-1.380128e-01
9.670000e-01	-1.623154e+00	1.599911e+00	-3.522300e+00	-3.384304e+00	-1.379959e-01
9.680000e-01	-1.623134e+00	1.599887e+00	-3.522293e+00	-3.384280e+00	-1.380131e-01
9.690000e-01	-1.623146e+00	1.599901e+00	-3.522294e+00	-3.384293e+00	-1.380012e-01
9.700000e-01	-1.623121e+00	1.599875e+00	-3.522268e+00	-3.384255e+00	-1.380124e-01
9.710000e-01	-1.623148e+00	1.599906e+00	-3.522307e+00	-3.384302e+00	-1.380053e-01
9.720000e-01	-1.623114e+00	1.599869e+00	-3.522262e+00	-3.384245e+00	-1.380169e-01
9.730000e-01	-1.623135e+00	1.599894e+00	-3.522274e+00	-3.384272e+00	-1.380018e-01
9.740000e-01	-1.623103e+00	1.599859e+00	-3.522244e+00	-3.384225e+00	-1.380192e-01
9.750000e-01	-1.623119e+00	1.599879e+00	-3.522251e+00	-3.384244e+00	-1.380065e-01
9.760000e-01	-1.623101e+00	1.599859e+00	-3.522229e+00	-3.384215e+00	-1.380138e-01
9.770000e-01	-1.623132e+00	1.599893e+00	-3.522274e+00	-3.384269e+00	-1.380053e-01
9.780000e-01	-1.623090e+00	1.599848e+00	-3.522218e+00	-3.384200e+00	-1.380189e-01
9.790000e-01	-1.623115e+00	1.599877e+00	-3.522242e+00	-3.384236e+00	-1.380060e-01
9.800000e-01	-1.623093e+00	1.599852e+00	-3.522233e+00	-3.384210e+00	-1.380235e-01
9.810000e-01	-1.623102e+00	1.599865e+00	-3.522230e+00	-3.384218e+00	-1.380128e-01
9.820000e-01	-1.623068e+00	1.599829e+00	-3.522180e+00	-3.384158e+00	-1.380224e-01
9.830000e-01	-1.623091e+00	1.599853e+00	-3.522212e+00	-3.384197e+00	-1.380153e-01
9.840000e-01	-1.623067e+00	1.599825e+00	-3.522182e+00	-3.384158e+00	-1.380239e-01
9.850000e-01	-1.623096e+00	1.599857e+00	-3.522210e+00	-3.384201e+00	-1.380089e-01
9.860000e-01	-1.623064e+00	1.599818e+00	-3.522181e+00	-3.384154e+00	-1.380266e-01
9.870000e-01	-1.623093e+00	1.599850e+00	-3.522213e+00	-3.384200e+00	-1.380130e-01
9.880000e-01	-1.623078e+00	1.599833e+00	-3.522193e+00	-3.384175e+00	-1.380181e-01
9.890000e-01	-1.623107e+00	1.599864e+00	-3.522236e+00	-3.384224e+00	-1.380113e-01
9.900000e-01	-1.623079e+00	1.599831e+00	-3.522195e+00	-3.384176e+00	-1.380185e-01
9.910000e-01	-1.623114e+00	1.599872e+00	-3.522232e+00	-3.384230e+00	-1.380017e-01
9.920000e-01	-1.623100e+00	1.599852e+00	-3.522232e+00	-3.384216e+00	-1.380158e-01
9.930000e-01	-1.623132e+00	1.599886e+00	-3.522263e+00	-3.384263e+00	-1.379998e-01
9.940000e-01	-1.623110e+00	1.599862e+00	-3.522239e+00	-3.384230e+00	-1.380094e-01
9.950000e-01	-1.623144e+00	1.599898e+00	-3.522291e+00	-3.384289e+00	-1.380016e-01
9.960000e-01	-1.623131e+00	1.599882e+00	-3.522280e+00	-3.384271e+00	-1.380092e-01
9.970000e-01	-1.623164e+00	1.599921e+00	-3.522313e+00	-3.384321e+00	-1.379925e-01
9.980000e-01	-1.623133e+00	1.599886e+00	-3.522289e+00	-3.384277e+00	-1.380122e-01
9.990000e-01	-1.623156e+00	1.599913e+00	-3.522310e+00	-3.384311e+00	-1.379993e-01
1.000000e+00	-1.623129e+00	1.599884e+00	-3.522275e+00	-3.384267e+00	-1.380087e-01
