# Force coefficients
# liftDir    : (0.000000e+00 1.000000e+00 0.000000e+00)
# dragDir    : (1.000000e+00 0.000000e+00 0.000000e+00)
# pitchAxis  : (0.000000e+00 0.000000e+00 1.000000e+00)
# magUInf    : 5.148000e+01
# lRef       : 4.530000e-01
# Aref       : 4.348800e-01
# CofR       : (0.000000e+00 0.000000e+00 0.000000e+00)
# Time       	Cm           	Cd           	Cl           	Cl(f)        	Cl(r)        	Cm	Cd	Cl	Cl(f)	Cl(r)
1.000000e-03	-1.409633e-03	1.540275e-03	-2.375705e-03	-2.597485e-03	2.217801e-04
2.000000e-03	-5.360608e-03	6.036877e-03	-9.574759e-03	-1.014799e-02	5.732289e-04
3.000000e-03	-7.935248e-03	8.976911e-03	-1.491590e-02	-1.539320e-02	4.772984e-04
4.000000e-03	-8.418876e-03	9.523271e-03	-1.670562e-02	-1.677169e-02	6.606712e-05
5.000000e-03	-8.083872e-03	9.077329e-03	-1.717480e-02	-1.667127e-02	-5.035293e-04
6.000000e-03	-7.984961e-03	8.789637e-03	-1.810597e-02	-1.703794e-02	-1.068022e-03
7.000000e-03	-8.371864e-03	8.943768e-03	-1.982824e-02	-1.828598e-02	-1.542256e-03
8.000000e-03	-9.688272e-03	1.010328e-02	-2.317350e-02	-2.127502e-02	-1.898476e-03
9.000000e-03	-1.157930e-02	1.191489e-02	-2.753741e-02	-2.534801e-02	-2.189401e-03
1.000000e-02	-1.362108e-02	1.392467e-02	-3.217325e-02	-2.970770e-02	-2.465549e-03
1.100000e-02	-1.542743e-02	1.570503e-02	-3.641610e-02	-3.363548e-02	-2.780619e-03
1.200000e-02	-1.708529e-02	1.734592e-02	-4.042540e-02	-3.729799e-02	-3.127411e-03
1.300000e-02	-1.854014e-02	1.877220e-02	-4.411588e-02	-4.059808e-02	-3.517801e-03
1.400000e-02	-2.000239e-02	2.019792e-02	-4.786487e-02	-4.393482e-02	-3.930050e-03
1.500000e-02	-2.178166e-02	2.196713e-02	-5.225152e-02	-4.790742e-02	-4.344105e-03
1.600000e-02	-2.408300e-02	2.428449e-02	-5.776062e-02	-5.296331e-02	-4.797307e-03
1.700000e-02	-2.683981e-02	2.705792e-02	-6.428301e-02	-5.898132e-02	-5.301690e-03
1.800000e-02	-2.989355e-02	3.011815e-02	-7.153225e-02	-6.565967e-02	-5.872581e-03
1.900000e-02	-3.295775e-02	3.314592e-02	-7.897522e-02	-7.244536e-02	-6.529862e-03
2.000000e-02	-3.595634e-02	3.606321e-02	-8.644573e-02	-7.917921e-02	-7.266523e-03
2.100000e-02	-3.881802e-02	3.879686e-02	-9.377848e-02	-8.570727e-02	-8.071218e-03
2.200000e-02	-4.158347e-02	4.140271e-02	-1.009991e-01	-9.208303e-02	-8.916079e-03
2.300000e-02	-4.438064e-02	4.401780e-02	-1.083084e-01	-9.853485e-02	-9.773566e-03
2.400000e-02	-4.736480e-02	4.682480e-02	-1.159631e-01	-1.053463e-01	-1.061673e-02
2.500000e-02	-5.067032e-02	4.996841e-02	-1.242675e-01	-1.128041e-01	-1.146343e-02
2.600000e-02	-5.435539e-02	5.351291e-02	-1.333624e-01	-1.210366e-01	-1.232583e-02
2.700000e-02	-5.841209e-02	5.744612e-02	-1.433062e-01	-1.300652e-01	-1.324104e-02
2.800000e-02	-6.275437e-02	6.167943e-02	-1.539381e-01	-1.397234e-01	-1.421468e-02
2.900000e-02	-6.720898e-02	6.602881e-02	-1.649342e-01	-1.496761e-01	-1.525810e-02
3.000000e-02	-7.169978e-02	7.042011e-02	-1.761008e-01	-1.597502e-01	-1.635064e-02
3.100000e-02	-7.618283e-02	7.480693e-02	-1.873487e-01	-1.698572e-01	-1.749154e-02
3.200000e-02	-8.071047e-02	7.925034e-02	-1.986989e-01	-1.800599e-01	-1.863897e-02
3.300000e-02	-8.533393e-02	8.380711e-02	-2.102226e-01	-1.904452e-01	-1.977739e-02
3.400000e-02	-9.008833e-02	8.850764e-02	-2.219529e-01	-2.010648e-01	-2.088812e-02
3.500000e-02	-9.501505e-02	9.339841e-02	-2.340404e-01	-2.120352e-01	-2.200513e-02
3.600000e-02	-1.002262e-01	9.859069e-02	-2.467040e-01	-2.235782e-01	-2.312584e-02
3.700000e-02	-1.056102e-01	1.039825e-01	-2.597267e-01	-2.354736e-01	-2.425317e-02
3.800000e-02	-1.111732e-01	1.095741e-01	-2.730603e-01	-2.477033e-01	-2.535700e-02
3.900000e-02	-1.169486e-01	1.153929e-01	-2.868535e-01	-2.603754e-01	-2.647809e-02
4.000000e-02	-1.228982e-01	1.213979e-01	-3.009669e-01	-2.733816e-01	-2.758526e-02
4.100000e-02	-1.290063e-01	1.275699e-01	-3.154006e-01	-2.867066e-01	-2.869393e-02
4.200000e-02	-1.351861e-01	1.338115e-01	-3.299330e-01	-3.001526e-01	-2.978036e-02
4.300000e-02	-1.413915e-01	1.400761e-01	-3.444896e-01	-3.136363e-01	-3.085331e-02
4.400000e-02	-1.477341e-01	1.464749e-01	-3.592178e-01	-3.273430e-01	-3.187483e-02
4.500000e-02	-1.540438e-01	1.528566e-01	-3.736874e-01	-3.408875e-01	-3.279989e-02
4.600000e-02	-1.604313e-01	1.593159e-01	-3.880732e-01	-3.544679e-01	-3.360525e-02
4.700000e-02	-1.669023e-01	1.658668e-01	-4.023937e-01	-3.680992e-01	-3.429458e-02
4.800000e-02	-1.733330e-01	1.723838e-01	-4.164164e-01	-3.815412e-01	-3.487519e-02
4.900000e-02	-1.798534e-01	1.789879e-01	-4.304603e-01	-3.950835e-01	-3.537676e-02
5.000000e-02	-1.864331e-01	1.856472e-01	-4.444452e-01	-4.086557e-01	-3.578948e-02
5.100000e-02	-1.930010e-01	1.922939e-01	-4.582563e-01	-4.221291e-01	-3.612719e-02
5.200000e-02	-1.993953e-01	1.987679e-01	-4.715880e-01	-4.351894e-01	-3.639866e-02
5.300000e-02	-2.055989e-01	2.050501e-01	-4.843898e-01	-4.477938e-01	-3.659603e-02
5.400000e-02	-2.114814e-01	2.110113e-01	-4.963825e-01	-4.596727e-01	-3.670980e-02
5.500000e-02	-2.170594e-01	2.166738e-01	-5.075538e-01	-4.708363e-01	-3.671747e-02
5.600000e-02	-2.223247e-01	2.220268e-01	-5.178952e-01	-4.812723e-01	-3.662294e-02
5.700000e-02	-2.272766e-01	2.270694e-01	-5.274262e-01	-4.909897e-01	-3.643657e-02
5.800000e-02	-2.320422e-01	2.319282e-01	-5.364218e-01	-5.002530e-01	-3.616871e-02
5.900000e-02	-2.366578e-01	2.366272e-01	-5.450407e-01	-5.091782e-01	-3.586249e-02
6.000000e-02	-2.412059e-01	2.412346e-01	-5.535338e-01	-5.179728e-01	-3.556106e-02
6.100000e-02	-2.456634e-01	2.457219e-01	-5.618977e-01	-5.266122e-01	-3.528543e-02
6.200000e-02	-2.500538e-01	2.501078e-01	-5.702014e-01	-5.351545e-01	-3.504690e-02
6.300000e-02	-2.543043e-01	2.543192e-01	-5.783333e-01	-5.434710e-01	-3.486233e-02
6.400000e-02	-2.584573e-01	2.584022e-01	-5.863763e-01	-5.516455e-01	-3.473079e-02
6.500000e-02	-2.624600e-01	2.623075e-01	-5.942512e-01	-5.595856e-01	-3.466557e-02
6.600000e-02	-2.663451e-01	2.660733e-01	-6.020205e-01	-5.673554e-01	-3.466517e-02
6.700000e-02	-2.701052e-01	2.696923e-01	-6.096961e-01	-5.749532e-01	-3.474292e-02
6.800000e-02	-2.737403e-01	2.731701e-01	-6.172830e-01	-5.823818e-01	-3.490123e-02
6.900000e-02	-2.772441e-01	2.765050e-01	-6.247706e-01	-5.896294e-01	-3.514118e-02
7.000000e-02	-2.806312e-01	2.797141e-01	-6.321634e-01	-5.967129e-01	-3.545046e-02
7.100000e-02	-2.838557e-01	2.827511e-01	-6.393647e-01	-6.035380e-01	-3.582661e-02
7.200000e-02	-2.869603e-01	2.856535e-01	-6.464557e-01	-6.101882e-01	-3.626758e-02
7.300000e-02	-2.900212e-01	2.884983e-01	-6.535642e-01	-6.168033e-01	-3.676095e-02
7.400000e-02	-2.930974e-01	2.913426e-01	-6.607979e-01	-6.234963e-01	-3.730158e-02
7.500000e-02	-2.961737e-01	2.941750e-01	-6.681125e-01	-6.302299e-01	-3.788259e-02
7.600000e-02	-2.992550e-01	2.970034e-01	-6.754963e-01	-6.370032e-01	-3.849312e-02
7.700000e-02	-3.022869e-01	2.997720e-01	-6.828493e-01	-6.437116e-01	-3.913775e-02
7.800000e-02	-3.053746e-01	3.025923e-01	-6.903392e-01	-6.505442e-01	-3.979501e-02
7.900000e-02	-3.085395e-01	3.054875e-01	-6.980105e-01	-6.575447e-01	-4.046572e-02
8.000000e-02	-3.117760e-01	3.084548e-01	-7.058269e-01	-6.646894e-01	-4.113750e-02
8.100000e-02	-3.150845e-01	3.115057e-01	-7.137283e-01	-6.719487e-01	-4.177958e-02
8.200000e-02	-3.184937e-01	3.146819e-01	-7.217208e-01	-6.793541e-01	-4.236667e-02
8.300000e-02	-3.221440e-01	3.181113e-01	-7.300725e-01	-6.871802e-01	-4.289221e-02
8.400000e-02	-3.260190e-01	3.217718e-01	-7.387651e-01	-6.954015e-01	-4.336352e-02
8.500000e-02	-3.301011e-01	3.256378e-01	-7.477917e-01	-7.039970e-01	-4.379469e-02
8.600000e-02	-3.342963e-01	3.296188e-01	-7.570031e-01	-7.127979e-01	-4.420523e-02
8.700000e-02	-3.384091e-01	3.335204e-01	-7.660519e-01	-7.214350e-01	-4.461689e-02
8.800000e-02	-3.423776e-01	3.372917e-01	-7.748570e-01	-7.298061e-01	-4.505083e-02
8.900000e-02	-3.461213e-01	3.408526e-01	-7.832810e-01	-7.377618e-01	-4.551916e-02
9.000000e-02	-3.496245e-01	3.441968e-01	-7.912745e-01	-7.452617e-01	-4.601277e-02
9.100000e-02	-3.528546e-01	3.473033e-01	-7.987316e-01	-7.522204e-01	-4.651115e-02
9.200000e-02	-3.559096e-01	3.502675e-01	-8.058159e-01	-7.588175e-01	-4.699839e-02
9.300000e-02	-3.588638e-01	3.531616e-01	-8.126681e-01	-7.651978e-01	-4.747028e-02
9.400000e-02	-3.614450e-01	3.557044e-01	-8.188213e-01	-7.708557e-01	-4.796560e-02
9.500000e-02	-3.634816e-01	3.576908e-01	-8.240405e-01	-7.755019e-01	-4.853865e-02
9.600000e-02	-3.649698e-01	3.591145e-01	-8.282734e-01	-7.791065e-01	-4.916694e-02
9.700000e-02	-3.659335e-01	3.599899e-01	-8.315142e-01	-7.816906e-01	-4.982356e-02
9.800000e-02	-3.665899e-01	3.605716e-01	-8.339584e-01	-7.835691e-01	-5.038930e-02
9.900000e-02	-3.671057e-01	3.610564e-01	-8.357395e-01	-7.849754e-01	-5.076409e-02
1.000000e-01	-3.677689e-01	3.617477e-01	-8.373004e-01	-7.864191e-01	-5.088128e-02
1.010000e-01	-3.688033e-01	3.628678e-01	-8.390699e-01	-7.883383e-01	-5.073162e-02
1.020000e-01	-3.702786e-01	3.644666e-01	-8.413202e-01	-7.909387e-01	-5.038146e-02
1.030000e-01	-3.722299e-01	3.665581e-01	-8.442820e-01	-7.943709e-01	-4.991114e-02
1.040000e-01	-3.745695e-01	3.690387e-01	-8.479072e-01	-7.985231e-01	-4.938413e-02
1.050000e-01	-3.772192e-01	3.718271e-01	-8.521059e-01	-8.032721e-01	-4.883376e-02
1.060000e-01	-3.801336e-01	3.748941e-01	-8.567886e-01	-8.085279e-01	-4.826076e-02
1.070000e-01	-3.832594e-01	3.782092e-01	-8.618083e-01	-8.141635e-01	-4.764472e-02
1.080000e-01	-3.865324e-01	3.817475e-01	-8.669615e-01	-8.200132e-01	-4.694833e-02
1.090000e-01	-3.898931e-01	3.854557e-01	-8.720943e-01	-8.259403e-01	-4.615404e-02
1.100000e-01	-3.932311e-01	3.892139e-01	-8.770439e-01	-8.317531e-01	-4.529083e-02
1.110000e-01	-3.964929e-01	3.929467e-01	-8.817669e-01	-8.373764e-01	-4.439058e-02
1.120000e-01	-3.994950e-01	3.964424e-01	-8.860321e-01	-8.425111e-01	-4.352107e-02
1.130000e-01	-4.021699e-01	3.996106e-01	-8.897884e-01	-8.470641e-01	-4.272430e-02
1.140000e-01	-4.045060e-01	4.024307e-01	-8.930448e-01	-8.510285e-01	-4.201635e-02
1.150000e-01	-4.064500e-01	4.048390e-01	-8.957218e-01	-8.543109e-01	-4.141094e-02
1.160000e-01	-4.080937e-01	4.069290e-01	-8.979610e-01	-8.570742e-01	-4.088677e-02
1.170000e-01	-4.095350e-01	4.087935e-01	-8.999167e-01	-8.594933e-01	-4.042337e-02
1.180000e-01	-4.108600e-01	4.105230e-01	-9.017152e-01	-8.617176e-01	-3.999764e-02
1.190000e-01	-4.120987e-01	4.121418e-01	-9.034079e-01	-8.638026e-01	-3.960526e-02
1.200000e-01	-4.131826e-01	4.135918e-01	-9.048359e-01	-8.656006e-01	-3.923531e-02
1.210000e-01	-4.141141e-01	4.148711e-01	-9.060181e-01	-8.671232e-01	-3.889494e-02
1.220000e-01	-4.148161e-01	4.159120e-01	-9.067855e-01	-8.682088e-01	-3.857672e-02
1.230000e-01	-4.154156e-01	4.168465e-01	-9.073569e-01	-8.690941e-01	-3.826282e-02
1.240000e-01	-4.159907e-01	4.177633e-01	-9.078286e-01	-8.699050e-01	-3.792359e-02
1.250000e-01	-4.165624e-01	4.186724e-01	-9.082732e-01	-8.706990e-01	-3.757422e-02
1.260000e-01	-4.171791e-01	4.196171e-01	-9.087711e-01	-8.715646e-01	-3.720650e-02
1.270000e-01	-4.178381e-01	4.205771e-01	-9.093702e-01	-8.725232e-01	-3.684704e-02
1.280000e-01	-4.186339e-01	4.216427e-01	-9.102371e-01	-8.737525e-01	-3.648462e-02
1.290000e-01	-4.195232e-01	4.227645e-01	-9.113464e-01	-8.751964e-01	-3.615005e-02
1.300000e-01	-4.205691e-01	4.240064e-01	-9.128085e-01	-8.769734e-01	-3.583512e-02
1.310000e-01	-4.217752e-01	4.253636e-01	-9.146844e-01	-8.791174e-01	-3.556705e-02
1.320000e-01	-4.231801e-01	4.268728e-01	-9.170248e-01	-8.816924e-01	-3.533231e-02
1.330000e-01	-4.247547e-01	4.284865e-01	-9.198453e-01	-8.846774e-01	-3.516798e-02
1.340000e-01	-4.266258e-01	4.303411e-01	-9.233524e-01	-8.883020e-01	-3.505036e-02
1.350000e-01	-4.287634e-01	4.323941e-01	-9.275579e-01	-8.925423e-01	-3.501557e-02
1.360000e-01	-4.312345e-01	4.347189e-01	-9.325676e-01	-8.975183e-01	-3.504925e-02
1.370000e-01	-4.339414e-01	4.372010e-01	-9.382888e-01	-9.030858e-01	-3.520298e-02
1.380000e-01	-4.369042e-01	4.398539e-01	-9.447678e-01	-9.092881e-01	-3.547967e-02
1.390000e-01	-4.400661e-01	4.425994e-01	-9.519825e-01	-9.160574e-01	-3.592512e-02
1.400000e-01	-4.435277e-01	4.455397e-01	-9.600871e-01	-9.235712e-01	-3.651582e-02
1.410000e-01	-4.473393e-01	4.487279e-01	-9.691730e-01	-9.319258e-01	-3.724726e-02
1.420000e-01	-4.515756e-01	4.522543e-01	-9.793092e-01	-9.412302e-01	-3.807901e-02
1.430000e-01	-4.562491e-01	4.561290e-01	-9.905686e-01	-9.515334e-01	-3.903520e-02
1.440000e-01	-4.611755e-01	4.602066e-01	-1.002492e+00	-9.624215e-01	-4.007050e-02
1.450000e-01	-4.664140e-01	4.645519e-01	-1.015211e+00	-9.740194e-01	-4.119128e-02
1.460000e-01	-4.718722e-01	4.691101e-01	-1.028424e+00	-9.860840e-01	-4.233959e-02
1.470000e-01	-4.774910e-01	4.738357e-01	-1.042010e+00	-9.984960e-01	-4.351407e-02
1.480000e-01	-4.832933e-01	4.787938e-01	-1.055884e+00	-1.011235e+00	-4.464876e-02
1.490000e-01	-4.893040e-01	4.840423e-01	-1.070032e+00	-1.024320e+00	-4.571185e-02
1.500000e-01	-4.955748e-01	4.896794e-01	-1.084386e+00	-1.037768e+00	-4.661834e-02
1.510000e-01	-5.020099e-01	4.956444e-01	-1.098715e+00	-1.051367e+00	-4.734768e-02
1.520000e-01	-5.078660e-01	5.012290e-01	-1.111698e+00	-1.063715e+00	-4.798288e-02
1.530000e-01	-5.122768e-01	5.055455e-01	-1.122002e+00	-1.073278e+00	-4.872406e-02
1.540000e-01	-5.144384e-01	5.077308e-01	-1.128402e+00	-1.078639e+00	-4.976248e-02
1.550000e-01	-5.136357e-01	5.069588e-01	-1.129847e+00	-1.078559e+00	-5.128772e-02
1.560000e-01	-5.100160e-01	5.033373e-01	-1.126430e+00	-1.073231e+00	-5.319891e-02
1.570000e-01	-5.043860e-01	4.976256e-01	-1.119345e+00	-1.064059e+00	-5.528671e-02
1.580000e-01	-4.979623e-01	4.910460e-01	-1.110435e+00	-1.053180e+00	-5.725493e-02
1.590000e-01	-4.918093e-01	4.846558e-01	-1.101464e+00	-1.042541e+00	-5.892278e-02
1.600000e-01	-4.866743e-01	4.792192e-01	-1.093794e+00	-1.033571e+00	-6.022294e-02
1.610000e-01	-4.829871e-01	4.751663e-01	-1.088340e+00	-1.027157e+00	-6.118292e-02
1.620000e-01	-4.809365e-01	4.727167e-01	-1.085516e+00	-1.023695e+00	-6.182154e-02
1.630000e-01	-4.803811e-01	4.717578e-01	-1.085195e+00	-1.022979e+00	-6.221658e-02
1.640000e-01	-4.811888e-01	4.721896e-01	-1.087161e+00	-1.024769e+00	-6.239146e-02
1.650000e-01	-4.829815e-01	4.736265e-01	-1.090807e+00	-1.028385e+00	-6.242215e-02
1.660000e-01	-4.854087e-01	4.757000e-01	-1.095562e+00	-1.033190e+00	-6.237218e-02
1.670000e-01	-4.881633e-01	4.780773e-01	-1.100910e+00	-1.038618e+00	-6.229174e-02
1.680000e-01	-4.911801e-01	4.807156e-01	-1.106658e+00	-1.044509e+00	-6.214910e-02
1.690000e-01	-4.944420e-01	4.836189e-01	-1.112713e+00	-1.050798e+00	-6.191448e-02
1.700000e-01	-4.979845e-01	4.868595e-01	-1.119081e+00	-1.057525e+00	-6.155592e-02
1.710000e-01	-5.017568e-01	4.904052e-01	-1.125686e+00	-1.064600e+00	-6.108616e-02
1.720000e-01	-5.056625e-01	4.941635e-01	-1.132430e+00	-1.071878e+00	-6.055262e-02
1.730000e-01	-5.095832e-01	4.980150e-01	-1.139163e+00	-1.079165e+00	-5.999835e-02
1.740000e-01	-5.134961e-01	5.019487e-01	-1.145860e+00	-1.086426e+00	-5.943386e-02
1.750000e-01	-5.172190e-01	5.057732e-01	-1.152247e+00	-1.093343e+00	-5.890451e-02
1.760000e-01	-5.206623e-01	5.093921e-01	-1.158178e+00	-1.099751e+00	-5.842672e-02
1.770000e-01	-5.236280e-01	5.125830e-01	-1.163327e+00	-1.105292e+00	-5.803571e-02
1.780000e-01	-5.260674e-01	5.152826e-01	-1.167598e+00	-1.109867e+00	-5.773167e-02
1.790000e-01	-5.278963e-01	5.173812e-01	-1.170843e+00	-1.113318e+00	-5.752500e-02
1.800000e-01	-5.291832e-01	5.189429e-01	-1.173150e+00	-1.115758e+00	-5.739153e-02
1.810000e-01	-5.299354e-01	5.199624e-01	-1.174531e+00	-1.117201e+00	-5.732984e-02
1.820000e-01	-5.302321e-01	5.205158e-01	-1.175102e+00	-1.117783e+00	-5.731885e-02
1.830000e-01	-5.301168e-01	5.206369e-01	-1.174947e+00	-1.117590e+00	-5.735671e-02
1.840000e-01	-5.296634e-01	5.204090e-01	-1.174151e+00	-1.116739e+00	-5.741221e-02
1.850000e-01	-5.289104e-01	5.198662e-01	-1.172790e+00	-1.115305e+00	-5.748442e-02
1.860000e-01	-5.279333e-01	5.190887e-01	-1.170962e+00	-1.113414e+00	-5.754745e-02
1.870000e-01	-5.267932e-01	5.181340e-01	-1.168797e+00	-1.111192e+00	-5.760546e-02
1.880000e-01	-5.255809e-01	5.171051e-01	-1.166404e+00	-1.108783e+00	-5.762122e-02
1.890000e-01	-5.243879e-01	5.160860e-01	-1.163988e+00	-1.106382e+00	-5.760629e-02
1.900000e-01	-5.232787e-01	5.151463e-01	-1.161624e+00	-1.104091e+00	-5.753354e-02
1.910000e-01	-5.222938e-01	5.143176e-01	-1.159437e+00	-1.102012e+00	-5.742455e-02
1.920000e-01	-5.214636e-01	5.136347e-01	-1.157459e+00	-1.100193e+00	-5.726601e-02
1.930000e-01	-5.207896e-01	5.130890e-01	-1.155754e+00	-1.098666e+00	-5.708725e-02
1.940000e-01	-5.202831e-01	5.127021e-01	-1.154299e+00	-1.097433e+00	-5.686633e-02
1.950000e-01	-5.199462e-01	5.124732e-01	-1.153148e+00	-1.096520e+00	-5.662785e-02
1.960000e-01	-5.197768e-01	5.124120e-01	-1.152249e+00	-1.095901e+00	-5.634778e-02
1.970000e-01	-5.197511e-01	5.124882e-01	-1.151608e+00	-1.095555e+00	-5.605272e-02
1.980000e-01	-5.198372e-01	5.126780e-01	-1.151132e+00	-1.095403e+00	-5.572876e-02
1.990000e-01	-5.200229e-01	5.129606e-01	-1.150848e+00	-1.095447e+00	-5.540123e-02
2.000000e-01	-5.202865e-01	5.133208e-01	-1.150689e+00	-1.095631e+00	-5.505820e-02
2.010000e-01	-5.206255e-01	5.137491e-01	-1.150696e+00	-1.095973e+00	-5.472246e-02
2.020000e-01	-5.210289e-01	5.142435e-01	-1.150814e+00	-1.096436e+00	-5.437786e-02
2.030000e-01	-5.215260e-01	5.148259e-01	-1.151127e+00	-1.097089e+00	-5.403750e-02
2.040000e-01	-5.220868e-01	5.154708e-01	-1.151571e+00	-1.097872e+00	-5.369849e-02
2.050000e-01	-5.226947e-01	5.161505e-01	-1.152151e+00	-1.098770e+00	-5.338060e-02
2.060000e-01	-5.233071e-01	5.168260e-01	-1.152774e+00	-1.099694e+00	-5.308016e-02
2.070000e-01	-5.239012e-01	5.174675e-01	-1.153431e+00	-1.100617e+00	-5.281407e-02
2.080000e-01	-5.244695e-01	5.180725e-01	-1.154074e+00	-1.101506e+00	-5.256742e-02
2.090000e-01	-5.250018e-01	5.186297e-01	-1.154702e+00	-1.102353e+00	-5.234931e-02
2.100000e-01	-5.255298e-01	5.191763e-01	-1.155329e+00	-1.103194e+00	-5.213470e-02
2.110000e-01	-5.260833e-01	5.197421e-01	-1.156024e+00	-1.104095e+00	-5.192883e-02
2.120000e-01	-5.266631e-01	5.203291e-01	-1.156764e+00	-1.105045e+00	-5.171878e-02
2.130000e-01	-5.272687e-01	5.209326e-01	-1.157578e+00	-1.106058e+00	-5.152018e-02
2.140000e-01	-5.278856e-01	5.215389e-01	-1.158420e+00	-1.107096e+00	-5.132422e-02
2.150000e-01	-5.284944e-01	5.221293e-01	-1.159282e+00	-1.108135e+00	-5.114641e-02
2.160000e-01	-5.290957e-01	5.227092e-01	-1.160131e+00	-1.109161e+00	-5.096994e-02
2.170000e-01	-5.296856e-01	5.232782e-01	-1.160974e+00	-1.110173e+00	-5.080157e-02
2.180000e-01	-5.302646e-01	5.238387e-01	-1.161788e+00	-1.111159e+00	-5.062966e-02
2.190000e-01	-5.308285e-01	5.243868e-01	-1.162589e+00	-1.112123e+00	-5.046580e-02
2.200000e-01	-5.313813e-01	5.249268e-01	-1.163357e+00	-1.113060e+00	-5.029714e-02
2.210000e-01	-5.319118e-01	5.254460e-01	-1.164104e+00	-1.113964e+00	-5.014033e-02
2.220000e-01	-5.324302e-01	5.259556e-01	-1.164819e+00	-1.114840e+00	-4.997925e-02
2.230000e-01	-5.329343e-01	5.264508e-01	-1.165536e+00	-1.115702e+00	-4.983376e-02
2.240000e-01	-5.334215e-01	5.269341e-01	-1.166219e+00	-1.116531e+00	-4.968794e-02
2.250000e-01	-5.338859e-01	5.273954e-01	-1.166892e+00	-1.117332e+00	-4.956016e-02
2.260000e-01	-5.343444e-01	5.278568e-01	-1.167551e+00	-1.118120e+00	-4.943115e-02
2.270000e-01	-5.347770e-01	5.282924e-01	-1.168196e+00	-1.118875e+00	-4.932093e-02
2.280000e-01	-5.351948e-01	5.287169e-01	-1.168814e+00	-1.119602e+00	-4.921227e-02
2.290000e-01	-5.355807e-01	5.291070e-01	-1.169410e+00	-1.120286e+00	-4.912404e-02
2.300000e-01	-5.359428e-01	5.294733e-01	-1.169968e+00	-1.120927e+00	-4.904130e-02
2.310000e-01	-5.362652e-01	5.297950e-01	-1.170490e+00	-1.121510e+00	-4.897989e-02
2.320000e-01	-5.365747e-01	5.301039e-01	-1.170989e+00	-1.122069e+00	-4.892004e-02
2.330000e-01	-5.368550e-01	5.303815e-01	-1.171462e+00	-1.122586e+00	-4.887619e-02
2.340000e-01	-5.371300e-01	5.306573e-01	-1.171919e+00	-1.123090e+00	-4.882974e-02
2.350000e-01	-5.373856e-01	5.309142e-01	-1.172364e+00	-1.123567e+00	-4.879619e-02
2.360000e-01	-5.376365e-01	5.311714e-01	-1.172789e+00	-1.124031e+00	-4.875822e-02
2.370000e-01	-5.378568e-01	5.313977e-01	-1.173188e+00	-1.124451e+00	-4.873708e-02
2.380000e-01	-5.380635e-01	5.316133e-01	-1.173559e+00	-1.124843e+00	-4.871623e-02
2.390000e-01	-5.382276e-01	5.317830e-01	-1.173883e+00	-1.125169e+00	-4.871389e-02
2.400000e-01	-5.383793e-01	5.319403e-01	-1.174181e+00	-1.125470e+00	-4.871136e-02
2.410000e-01	-5.384836e-01	5.320463e-01	-1.174419e+00	-1.125693e+00	-4.872606e-02
2.420000e-01	-5.385785e-01	5.321434e-01	-1.174632e+00	-1.125894e+00	-4.873744e-02
2.430000e-01	-5.386318e-01	5.321971e-01	-1.174786e+00	-1.126025e+00	-4.876135e-02
2.440000e-01	-5.386763e-01	5.322440e-01	-1.174917e+00	-1.126135e+00	-4.878225e-02
2.450000e-01	-5.386846e-01	5.322531e-01	-1.174992e+00	-1.126180e+00	-4.881127e-02
2.460000e-01	-5.387007e-01	5.322721e-01	-1.175072e+00	-1.126237e+00	-4.883553e-02
2.470000e-01	-5.386857e-01	5.322583e-01	-1.175101e+00	-1.126236e+00	-4.886498e-02
2.480000e-01	-5.386701e-01	5.322449e-01	-1.175122e+00	-1.126231e+00	-4.889089e-02
2.490000e-01	-5.386270e-01	5.322000e-01	-1.175100e+00	-1.126177e+00	-4.892326e-02
2.500000e-01	-5.385936e-01	5.321676e-01	-1.175085e+00	-1.126136e+00	-4.894869e-02
2.510000e-01	-5.385406e-01	5.321139e-01	-1.175033e+00	-1.126057e+00	-4.897611e-02
2.520000e-01	-5.384903e-01	5.320662e-01	-1.174974e+00	-1.125977e+00	-4.899654e-02
2.530000e-01	-5.384199e-01	5.319973e-01	-1.174881e+00	-1.125860e+00	-4.902059e-02
2.540000e-01	-5.383535e-01	5.319370e-01	-1.174778e+00	-1.125742e+00	-4.903534e-02
2.550000e-01	-5.382688e-01	5.318588e-01	-1.174643e+00	-1.125590e+00	-4.905261e-02
2.560000e-01	-5.381828e-01	5.317853e-01	-1.174486e+00	-1.125426e+00	-4.906025e-02
2.570000e-01	-5.380748e-01	5.316903e-01	-1.174297e+00	-1.125223e+00	-4.907379e-02
2.580000e-01	-5.379790e-01	5.316142e-01	-1.174103e+00	-1.125031e+00	-4.907251e-02
2.590000e-01	-5.378652e-01	5.315205e-01	-1.173884e+00	-1.124807e+00	-4.907660e-02
2.600000e-01	-5.377635e-01	5.314457e-01	-1.173658e+00	-1.124592e+00	-4.906538e-02
2.610000e-01	-5.376483e-01	5.313569e-01	-1.173415e+00	-1.124356e+00	-4.905905e-02
2.620000e-01	-5.375488e-01	5.312908e-01	-1.173171e+00	-1.124134e+00	-4.903659e-02
2.630000e-01	-5.374282e-01	5.312022e-01	-1.172903e+00	-1.123880e+00	-4.902336e-02
2.640000e-01	-5.373096e-01	5.311217e-01	-1.172613e+00	-1.123616e+00	-4.899713e-02
2.650000e-01	-5.371644e-01	5.310137e-01	-1.172296e+00	-1.123312e+00	-4.898362e-02
2.660000e-01	-5.370140e-01	5.309074e-01	-1.171943e+00	-1.122985e+00	-4.895733e-02
2.670000e-01	-5.368341e-01	5.307707e-01	-1.171559e+00	-1.122614e+00	-4.894541e-02
2.680000e-01	-5.366472e-01	5.306319e-01	-1.171139e+00	-1.122217e+00	-4.892231e-02
2.690000e-01	-5.364359e-01	5.304666e-01	-1.170695e+00	-1.121783e+00	-4.891135e-02
2.700000e-01	-5.362252e-01	5.303074e-01	-1.170227e+00	-1.121339e+00	-4.888838e-02
2.710000e-01	-5.359947e-01	5.301253e-01	-1.169744e+00	-1.120867e+00	-4.887754e-02
2.720000e-01	-5.357656e-01	5.299480e-01	-1.169241e+00	-1.120386e+00	-4.885475e-02
2.730000e-01	-5.355142e-01	5.297439e-01	-1.168720e+00	-1.119874e+00	-4.884605e-02
2.740000e-01	-5.352664e-01	5.295455e-01	-1.168187e+00	-1.119360e+00	-4.882728e-02
2.750000e-01	-5.350011e-01	5.293249e-01	-1.167647e+00	-1.118825e+00	-4.882252e-02
2.760000e-01	-5.347424e-01	5.291138e-01	-1.167100e+00	-1.118292e+00	-4.880749e-02
2.770000e-01	-5.344718e-01	5.288854e-01	-1.166552e+00	-1.117748e+00	-4.880428e-02
2.780000e-01	-5.342127e-01	5.286706e-01	-1.166006e+00	-1.117216e+00	-4.879046e-02
2.790000e-01	-5.339487e-01	5.284448e-01	-1.165476e+00	-1.116687e+00	-4.878957e-02
2.800000e-01	-5.336959e-01	5.282299e-01	-1.164950e+00	-1.116171e+00	-4.877909e-02
2.810000e-01	-5.334434e-01	5.280086e-01	-1.164447e+00	-1.115667e+00	-4.878015e-02
2.820000e-01	-5.332096e-01	5.278049e-01	-1.163961e+00	-1.115190e+00	-4.877072e-02
2.830000e-01	-5.329836e-01	5.276023e-01	-1.163511e+00	-1.114739e+00	-4.877178e-02
2.840000e-01	-5.327828e-01	5.274233e-01	-1.163090e+00	-1.114328e+00	-4.876223e-02
2.850000e-01	-5.325947e-01	5.272515e-01	-1.162712e+00	-1.113951e+00	-4.876117e-02
2.860000e-01	-5.324333e-01	5.271050e-01	-1.162367e+00	-1.113617e+00	-4.874999e-02
2.870000e-01	-5.322854e-01	5.269668e-01	-1.162067e+00	-1.113319e+00	-4.874818e-02
2.880000e-01	-5.321595e-01	5.268498e-01	-1.161795e+00	-1.113057e+00	-4.873775e-02
2.890000e-01	-5.320441e-01	5.267391e-01	-1.161560e+00	-1.112824e+00	-4.873614e-02
2.900000e-01	-5.319523e-01	5.266504e-01	-1.161357e+00	-1.112631e+00	-4.872603e-02
2.910000e-01	-5.318734e-01	5.265720e-01	-1.161194e+00	-1.112470e+00	-4.872364e-02
2.920000e-01	-5.318154e-01	5.265125e-01	-1.161059e+00	-1.112345e+00	-4.871418e-02
2.930000e-01	-5.317681e-01	5.264610e-01	-1.160963e+00	-1.112249e+00	-4.871329e-02
2.940000e-01	-5.317382e-01	5.264257e-01	-1.160887e+00	-1.112182e+00	-4.870512e-02
2.950000e-01	-5.317115e-01	5.263918e-01	-1.160836e+00	-1.112130e+00	-4.870660e-02
2.960000e-01	-5.317001e-01	5.263717e-01	-1.160806e+00	-1.112103e+00	-4.870289e-02
2.970000e-01	-5.316867e-01	5.263485e-01	-1.160791e+00	-1.112082e+00	-4.870891e-02
2.980000e-01	-5.316873e-01	5.263378e-01	-1.160792e+00	-1.112084e+00	-4.870886e-02
2.990000e-01	-5.316827e-01	5.263206e-01	-1.160805e+00	-1.112085e+00	-4.871972e-02
3.000000e-01	-5.316912e-01	5.263153e-01	-1.160834e+00	-1.112108e+00	-4.872588e-02
3.010000e-01	-5.316914e-01	5.263010e-01	-1.160866e+00	-1.112125e+00	-4.874180e-02
3.020000e-01	-5.317044e-01	5.262979e-01	-1.160915e+00	-1.112162e+00	-4.875322e-02
3.030000e-01	-5.317066e-01	5.262837e-01	-1.160960e+00	-1.112186e+00	-4.877327e-02
3.040000e-01	-5.317203e-01	5.262796e-01	-1.161019e+00	-1.112230e+00	-4.878917e-02
3.050000e-01	-5.317234e-01	5.262645e-01	-1.161076e+00	-1.112261e+00	-4.881457e-02
3.060000e-01	-5.317396e-01	5.262616e-01	-1.161149e+00	-1.112314e+00	-4.883466e-02
3.070000e-01	-5.317472e-01	5.262497e-01	-1.161219e+00	-1.112356e+00	-4.886211e-02
3.080000e-01	-5.317683e-01	5.262496e-01	-1.161306e+00	-1.112421e+00	-4.888447e-02
3.090000e-01	-5.317794e-01	5.262396e-01	-1.161389e+00	-1.112474e+00	-4.891536e-02
3.100000e-01	-5.318058e-01	5.262442e-01	-1.161491e+00	-1.112551e+00	-4.893974e-02
3.110000e-01	-5.318231e-01	5.262398e-01	-1.161590e+00	-1.112618e+00	-4.897206e-02
3.120000e-01	-5.318565e-01	5.262510e-01	-1.161709e+00	-1.112711e+00	-4.899816e-02
3.130000e-01	-5.318813e-01	5.262536e-01	-1.161825e+00	-1.112794e+00	-4.903097e-02
3.140000e-01	-5.319218e-01	5.262712e-01	-1.161959e+00	-1.112901e+00	-4.905771e-02
3.150000e-01	-5.319553e-01	5.262820e-01	-1.162095e+00	-1.113003e+00	-4.909232e-02
3.160000e-01	-5.320030e-01	5.263071e-01	-1.162246e+00	-1.113126e+00	-4.912007e-02
3.170000e-01	-5.320445e-01	5.263257e-01	-1.162399e+00	-1.113244e+00	-4.915511e-02
3.180000e-01	-5.320974e-01	5.263566e-01	-1.162561e+00	-1.113378e+00	-4.918288e-02
3.190000e-01	-5.321443e-01	5.263812e-01	-1.162724e+00	-1.113506e+00	-4.921772e-02
3.200000e-01	-5.322020e-01	5.264177e-01	-1.162894e+00	-1.113649e+00	-4.924524e-02
3.210000e-01	-5.322567e-01	5.264511e-01	-1.163074e+00	-1.113794e+00	-4.928008e-02
3.220000e-01	-5.323190e-01	5.264935e-01	-1.163252e+00	-1.113945e+00	-4.930680e-02
3.230000e-01	-5.323772e-01	5.265312e-01	-1.163437e+00	-1.114096e+00	-4.934102e-02
3.240000e-01	-5.324406e-01	5.265762e-01	-1.163616e+00	-1.114249e+00	-4.936733e-02
3.250000e-01	-5.324965e-01	5.266129e-01	-1.163795e+00	-1.114394e+00	-4.940123e-02
3.260000e-01	-5.325577e-01	5.266572e-01	-1.163969e+00	-1.114542e+00	-4.942706e-02
3.270000e-01	-5.326129e-01	5.266946e-01	-1.164146e+00	-1.114686e+00	-4.946001e-02
3.280000e-01	-5.326688e-01	5.267352e-01	-1.164305e+00	-1.114821e+00	-4.948352e-02
3.290000e-01	-5.327220e-01	5.267717e-01	-1.164477e+00	-1.114960e+00	-4.951638e-02
3.300000e-01	-5.327750e-01	5.268107e-01	-1.164628e+00	-1.115089e+00	-4.953903e-02
3.310000e-01	-5.328237e-01	5.268450e-01	-1.164786e+00	-1.115217e+00	-4.956942e-02
3.320000e-01	-5.328720e-01	5.268812e-01	-1.164924e+00	-1.115334e+00	-4.958986e-02
3.330000e-01	-5.329132e-01	5.269099e-01	-1.165064e+00	-1.115445e+00	-4.961887e-02
3.340000e-01	-5.329539e-01	5.269406e-01	-1.165183e+00	-1.115545e+00	-4.963758e-02
3.350000e-01	-5.329880e-01	5.269642e-01	-1.165305e+00	-1.115641e+00	-4.966460e-02
3.360000e-01	-5.330218e-01	5.269897e-01	-1.165405e+00	-1.115724e+00	-4.968076e-02
3.370000e-01	-5.330499e-01	5.270096e-01	-1.165511e+00	-1.115805e+00	-4.970547e-02
3.380000e-01	-5.330805e-01	5.270338e-01	-1.165599e+00	-1.115880e+00	-4.971891e-02
3.390000e-01	-5.331046e-01	5.270510e-01	-1.165690e+00	-1.115950e+00	-4.974062e-02
3.400000e-01	-5.331284e-01	5.270701e-01	-1.165758e+00	-1.116007e+00	-4.975064e-02
3.410000e-01	-5.331475e-01	5.270842e-01	-1.165835e+00	-1.116065e+00	-4.977003e-02
3.420000e-01	-5.331667e-01	5.271005e-01	-1.165890e+00	-1.116111e+00	-4.977808e-02
3.430000e-01	-5.331797e-01	5.271102e-01	-1.165950e+00	-1.116154e+00	-4.979509e-02
3.440000e-01	-5.331945e-01	5.271238e-01	-1.165989e+00	-1.116189e+00	-4.980002e-02
3.450000e-01	-5.332040e-01	5.271321e-01	-1.166034e+00	-1.116221e+00	-4.981276e-02
3.460000e-01	-5.332153e-01	5.271442e-01	-1.166060e+00	-1.116245e+00	-4.981457e-02
3.470000e-01	-5.332207e-01	5.271497e-01	-1.166090e+00	-1.116266e+00	-4.982429e-02
3.480000e-01	-5.332271e-01	5.271584e-01	-1.166100e+00	-1.116277e+00	-4.982275e-02
3.490000e-01	-5.332293e-01	5.271628e-01	-1.166119e+00	-1.116289e+00	-4.983014e-02
3.500000e-01	-5.332319e-01	5.271693e-01	-1.166118e+00	-1.116291e+00	-4.982683e-02
3.510000e-01	-5.332274e-01	5.271685e-01	-1.166118e+00	-1.116286e+00	-4.983154e-02
3.520000e-01	-5.332233e-01	5.271698e-01	-1.166095e+00	-1.116271e+00	-4.982441e-02
3.530000e-01	-5.332145e-01	5.271657e-01	-1.166084e+00	-1.116256e+00	-4.982738e-02
3.540000e-01	-5.332060e-01	5.271637e-01	-1.166050e+00	-1.116231e+00	-4.981893e-02
3.550000e-01	-5.331946e-01	5.271583e-01	-1.166028e+00	-1.116209e+00	-4.981948e-02
3.560000e-01	-5.331848e-01	5.271558e-01	-1.165986e+00	-1.116178e+00	-4.980832e-02
3.570000e-01	-5.331702e-01	5.271478e-01	-1.165953e+00	-1.116146e+00	-4.980612e-02
3.580000e-01	-5.331565e-01	5.271426e-01	-1.165898e+00	-1.116106e+00	-4.979273e-02
3.590000e-01	-5.331396e-01	5.271333e-01	-1.165858e+00	-1.116068e+00	-4.978929e-02
3.600000e-01	-5.331216e-01	5.271240e-01	-1.165792e+00	-1.116017e+00	-4.977430e-02
3.610000e-01	-5.331011e-01	5.271113e-01	-1.165743e+00	-1.115973e+00	-4.977045e-02
3.620000e-01	-5.330831e-01	5.271020e-01	-1.165673e+00	-1.115920e+00	-4.975353e-02
3.630000e-01	-5.330622e-01	5.270892e-01	-1.165618e+00	-1.115871e+00	-4.974694e-02
3.640000e-01	-5.330434e-01	5.270790e-01	-1.165545e+00	-1.115816e+00	-4.972917e-02
3.650000e-01	-5.330226e-01	5.270659e-01	-1.165491e+00	-1.115768e+00	-4.972277e-02
3.660000e-01	-5.330040e-01	5.270564e-01	-1.165416e+00	-1.115712e+00	-4.970418e-02
3.670000e-01	-5.329837e-01	5.270438e-01	-1.165358e+00	-1.115663e+00	-4.969515e-02
3.680000e-01	-5.329652e-01	5.270341e-01	-1.165282e+00	-1.115606e+00	-4.967574e-02
3.690000e-01	-5.329456e-01	5.270214e-01	-1.165226e+00	-1.115558e+00	-4.966719e-02
3.700000e-01	-5.329284e-01	5.270129e-01	-1.165152e+00	-1.115505e+00	-4.964771e-02
3.710000e-01	-5.329120e-01	5.270029e-01	-1.165102e+00	-1.115463e+00	-4.963876e-02
3.720000e-01	-5.328959e-01	5.269944e-01	-1.165028e+00	-1.115410e+00	-4.961830e-02
3.730000e-01	-5.328820e-01	5.269866e-01	-1.164983e+00	-1.115373e+00	-4.960949e-02
3.740000e-01	-5.328709e-01	5.269823e-01	-1.164922e+00	-1.115332e+00	-4.959016e-02
3.750000e-01	-5.328579e-01	5.269750e-01	-1.164878e+00	-1.115297e+00	-4.958123e-02
3.760000e-01	-5.328469e-01	5.269708e-01	-1.164817e+00	-1.115256e+00	-4.956175e-02
3.770000e-01	-5.328364e-01	5.269652e-01	-1.164779e+00	-1.115226e+00	-4.955322e-02
3.780000e-01	-5.328270e-01	5.269615e-01	-1.164723e+00	-1.115189e+00	-4.953473e-02
3.790000e-01	-5.328187e-01	5.269571e-01	-1.164692e+00	-1.115165e+00	-4.952751e-02
3.800000e-01	-5.328134e-01	5.269564e-01	-1.164647e+00	-1.115137e+00	-4.951010e-02
3.810000e-01	-5.328076e-01	5.269537e-01	-1.164623e+00	-1.115119e+00	-4.950369e-02
3.820000e-01	-5.328038e-01	5.269540e-01	-1.164581e+00	-1.115094e+00	-4.948654e-02
3.830000e-01	-5.328003e-01	5.269529e-01	-1.164561e+00	-1.115081e+00	-4.948033e-02
3.840000e-01	-5.327967e-01	5.269528e-01	-1.164523e+00	-1.115058e+00	-4.946491e-02
3.850000e-01	-5.327932e-01	5.269511e-01	-1.164509e+00	-1.115047e+00	-4.946108e-02
3.860000e-01	-5.327920e-01	5.269528e-01	-1.164479e+00	-1.115031e+00	-4.944733e-02
3.870000e-01	-5.327902e-01	5.269525e-01	-1.164465e+00	-1.115023e+00	-4.944247e-02
3.880000e-01	-5.327908e-01	5.269553e-01	-1.164439e+00	-1.115010e+00	-4.942849e-02
3.890000e-01	-5.327898e-01	5.269546e-01	-1.164433e+00	-1.115006e+00	-4.942686e-02
3.900000e-01	-5.327898e-01	5.269564e-01	-1.164411e+00	-1.114995e+00	-4.941555e-02
3.910000e-01	-5.327914e-01	5.269579e-01	-1.164412e+00	-1.114997e+00	-4.941444e-02
3.920000e-01	-5.327941e-01	5.269615e-01	-1.164395e+00	-1.114991e+00	-4.940327e-02
3.930000e-01	-5.327972e-01	5.269638e-01	-1.164400e+00	-1.114997e+00	-4.940264e-02
3.940000e-01	-5.328023e-01	5.269695e-01	-1.164390e+00	-1.114998e+00	-4.939292e-02
3.950000e-01	-5.328075e-01	5.269735e-01	-1.164403e+00	-1.115009e+00	-4.939387e-02
3.960000e-01	-5.328122e-01	5.269780e-01	-1.164396e+00	-1.115010e+00	-4.938565e-02
3.970000e-01	-5.328168e-01	5.269811e-01	-1.164409e+00	-1.115022e+00	-4.938785e-02
3.980000e-01	-5.328248e-01	5.269885e-01	-1.164411e+00	-1.115030e+00	-4.938065e-02
3.990000e-01	-5.328301e-01	5.269914e-01	-1.164428e+00	-1.115044e+00	-4.938412e-02
4.000000e-01	-5.328395e-01	5.269999e-01	-1.164435e+00	-1.115057e+00	-4.937817e-02
4.010000e-01	-5.328473e-01	5.270055e-01	-1.164461e+00	-1.115078e+00	-4.938297e-02
4.020000e-01	-5.328570e-01	5.270139e-01	-1.164469e+00	-1.115091e+00	-4.937755e-02
4.030000e-01	-5.328647e-01	5.270188e-01	-1.164495e+00	-1.115112e+00	-4.938290e-02
4.040000e-01	-5.328770e-01	5.270293e-01	-1.164511e+00	-1.115133e+00	-4.937868e-02
4.050000e-01	-5.328856e-01	5.270346e-01	-1.164542e+00	-1.115156e+00	-4.938516e-02
4.060000e-01	-5.328985e-01	5.270454e-01	-1.164562e+00	-1.115179e+00	-4.938250e-02
4.070000e-01	-5.329089e-01	5.270522e-01	-1.164595e+00	-1.115206e+00	-4.938860e-02
4.080000e-01	-5.329227e-01	5.270641e-01	-1.164616e+00	-1.115231e+00	-4.938552e-02
4.090000e-01	-5.329331e-01	5.270712e-01	-1.164653e+00	-1.115259e+00	-4.939315e-02
4.100000e-01	-5.329471e-01	5.270831e-01	-1.164678e+00	-1.115286e+00	-4.939194e-02
4.110000e-01	-5.329557e-01	5.270884e-01	-1.164710e+00	-1.115311e+00	-4.939923e-02
4.120000e-01	-5.329697e-01	5.271005e-01	-1.164733e+00	-1.115336e+00	-4.939704e-02
4.130000e-01	-5.329770e-01	5.271043e-01	-1.164764e+00	-1.115359e+00	-4.940523e-02
4.140000e-01	-5.329892e-01	5.271144e-01	-1.164789e+00	-1.115384e+00	-4.940520e-02
4.150000e-01	-5.329957e-01	5.271179e-01	-1.164819e+00	-1.115405e+00	-4.941373e-02
4.160000e-01	-5.330084e-01	5.271288e-01	-1.164843e+00	-1.115430e+00	-4.941330e-02
4.170000e-01	-5.330131e-01	5.271307e-01	-1.164868e+00	-1.115447e+00	-4.942085e-02
4.180000e-01	-5.330263e-01	5.271423e-01	-1.164893e+00	-1.115473e+00	-4.942018e-02
4.190000e-01	-5.330300e-01	5.271436e-01	-1.164917e+00	-1.115488e+00	-4.942824e-02
4.200000e-01	-5.330406e-01	5.271525e-01	-1.164938e+00	-1.115509e+00	-4.942832e-02
4.210000e-01	-5.330402e-01	5.271504e-01	-1.164953e+00	-1.115517e+00	-4.943632e-02
4.220000e-01	-5.330506e-01	5.271599e-01	-1.164973e+00	-1.115537e+00	-4.943603e-02
4.230000e-01	-5.330502e-01	5.271576e-01	-1.164987e+00	-1.115544e+00	-4.944312e-02
4.240000e-01	-5.330577e-01	5.271642e-01	-1.165004e+00	-1.115559e+00	-4.944408e-02
4.250000e-01	-5.330557e-01	5.271609e-01	-1.165015e+00	-1.115563e+00	-4.945192e-02
4.260000e-01	-5.330650e-01	5.271698e-01	-1.165035e+00	-1.115583e+00	-4.945249e-02
4.270000e-01	-5.330624e-01	5.271658e-01	-1.165043e+00	-1.115584e+00	-4.945925e-02
4.280000e-01	-5.330666e-01	5.271695e-01	-1.165052e+00	-1.115593e+00	-4.945957e-02
4.290000e-01	-5.330626e-01	5.271645e-01	-1.165058e+00	-1.115592e+00	-4.946637e-02
4.300000e-01	-5.330664e-01	5.271684e-01	-1.165067e+00	-1.115600e+00	-4.946723e-02
4.310000e-01	-5.330594e-01	5.271606e-01	-1.165068e+00	-1.115593e+00	-4.947443e-02
4.320000e-01	-5.330608e-01	5.271623e-01	-1.165070e+00	-1.115596e+00	-4.947412e-02
4.330000e-01	-5.330547e-01	5.271557e-01	-1.165070e+00	-1.115590e+00	-4.948053e-02
4.340000e-01	-5.330562e-01	5.271574e-01	-1.165074e+00	-1.115593e+00	-4.948059e-02
4.350000e-01	-5.330491e-01	5.271500e-01	-1.165072e+00	-1.115585e+00	-4.948686e-02
4.360000e-01	-5.330512e-01	5.271523e-01	-1.165075e+00	-1.115589e+00	-4.948637e-02
4.370000e-01	-5.330428e-01	5.271439e-01	-1.165069e+00	-1.115577e+00	-4.949173e-02
4.380000e-01	-5.330435e-01	5.271450e-01	-1.165069e+00	-1.115578e+00	-4.949108e-02
4.390000e-01	-5.330331e-01	5.271346e-01	-1.165061e+00	-1.115563e+00	-4.949718e-02
4.400000e-01	-5.330315e-01	5.271337e-01	-1.165055e+00	-1.115559e+00	-4.949618e-02
4.410000e-01	-5.330206e-01	5.271229e-01	-1.165043e+00	-1.115542e+00	-4.950098e-02
4.420000e-01	-5.330209e-01	5.271242e-01	-1.165041e+00	-1.115541e+00	-4.949934e-02
4.430000e-01	-5.330114e-01	5.271151e-01	-1.165030e+00	-1.115526e+00	-4.950342e-02
4.440000e-01	-5.330123e-01	5.271170e-01	-1.165027e+00	-1.115526e+00	-4.950105e-02
4.450000e-01	-5.330031e-01	5.271081e-01	-1.165017e+00	-1.115512e+00	-4.950558e-02
4.460000e-01	-5.330012e-01	5.271076e-01	-1.165008e+00	-1.115505e+00	-4.950283e-02
4.470000e-01	-5.329915e-01	5.270983e-01	-1.164995e+00	-1.115489e+00	-4.950606e-02
4.480000e-01	-5.329904e-01	5.270984e-01	-1.164988e+00	-1.115484e+00	-4.950354e-02
4.490000e-01	-5.329796e-01	5.270881e-01	-1.164973e+00	-1.115466e+00	-4.950700e-02
4.500000e-01	-5.329790e-01	5.270890e-01	-1.164967e+00	-1.115462e+00	-4.950432e-02
4.510000e-01	-5.329701e-01	5.270807e-01	-1.164953e+00	-1.115447e+00	-4.950640e-02
4.520000e-01	-5.329693e-01	5.270810e-01	-1.164944e+00	-1.115441e+00	-4.950259e-02
4.530000e-01	-5.329598e-01	5.270723e-01	-1.164930e+00	-1.115425e+00	-4.950534e-02
4.540000e-01	-5.329597e-01	5.270736e-01	-1.164924e+00	-1.115422e+00	-4.950209e-02
4.550000e-01	-5.329489e-01	5.270638e-01	-1.164907e+00	-1.115402e+00	-4.950444e-02
4.560000e-01	-5.329481e-01	5.270643e-01	-1.164896e+00	-1.115396e+00	-4.950016e-02
4.570000e-01	-5.329394e-01	5.270564e-01	-1.164883e+00	-1.115381e+00	-4.950210e-02
4.580000e-01	-5.329400e-01	5.270583e-01	-1.164876e+00	-1.115378e+00	-4.949791e-02
4.590000e-01	-5.329312e-01	5.270500e-01	-1.164862e+00	-1.115362e+00	-4.949988e-02
4.600000e-01	-5.329315e-01	5.270517e-01	-1.164855e+00	-1.115359e+00	-4.949617e-02
4.610000e-01	-5.329223e-01	5.270431e-01	-1.164839e+00	-1.115342e+00	-4.949742e-02
4.620000e-01	-5.329237e-01	5.270456e-01	-1.164834e+00	-1.115341e+00	-4.949340e-02
4.630000e-01	-5.329172e-01	5.270393e-01	-1.164824e+00	-1.115329e+00	-4.949460e-02
4.640000e-01	-5.329179e-01	5.270412e-01	-1.164817e+00	-1.115326e+00	-4.949050e-02
4.650000e-01	-5.329102e-01	5.270338e-01	-1.164805e+00	-1.115313e+00	-4.949244e-02
4.660000e-01	-5.329107e-01	5.270353e-01	-1.164798e+00	-1.115310e+00	-4.948816e-02
4.670000e-01	-5.329029e-01	5.270282e-01	-1.164784e+00	-1.115295e+00	-4.948908e-02
4.680000e-01	-5.329051e-01	5.270313e-01	-1.164780e+00	-1.115295e+00	-4.948502e-02
4.690000e-01	-5.328996e-01	5.270255e-01	-1.164773e+00	-1.115286e+00	-4.948686e-02
4.700000e-01	-5.329026e-01	5.270291e-01	-1.164772e+00	-1.115288e+00	-4.948310e-02
4.710000e-01	-5.328970e-01	5.270237e-01	-1.164762e+00	-1.115278e+00	-4.948387e-02
4.720000e-01	-5.329002e-01	5.270276e-01	-1.164759e+00	-1.115280e+00	-4.947953e-02
4.730000e-01	-5.328942e-01	5.270216e-01	-1.164751e+00	-1.115270e+00	-4.948128e-02
4.740000e-01	-5.328981e-01	5.270260e-01	-1.164752e+00	-1.115274e+00	-4.947775e-02
4.750000e-01	-5.328944e-01	5.270222e-01	-1.164747e+00	-1.115268e+00	-4.947927e-02
4.760000e-01	-5.328988e-01	5.270269e-01	-1.164747e+00	-1.115272e+00	-4.947447e-02
4.770000e-01	-5.328954e-01	5.270230e-01	-1.164743e+00	-1.115267e+00	-4.947613e-02
4.780000e-01	-5.329013e-01	5.270292e-01	-1.164747e+00	-1.115275e+00	-4.947242e-02
4.790000e-01	-5.328982e-01	5.270259e-01	-1.164744e+00	-1.115270e+00	-4.947405e-02
4.800000e-01	-5.329027e-01	5.270303e-01	-1.164748e+00	-1.115277e+00	-4.947104e-02
4.810000e-01	-5.328986e-01	5.270256e-01	-1.164743e+00	-1.115270e+00	-4.947305e-02
4.820000e-01	-5.329047e-01	5.270321e-01	-1.164748e+00	-1.115279e+00	-4.946908e-02
4.830000e-01	-5.329031e-01	5.270300e-01	-1.164748e+00	-1.115277e+00	-4.947086e-02
4.840000e-01	-5.329096e-01	5.270363e-01	-1.164755e+00	-1.115287e+00	-4.946771e-02
4.850000e-01	-5.329065e-01	5.270327e-01	-1.164754e+00	-1.115283e+00	-4.947030e-02
4.860000e-01	-5.329120e-01	5.270383e-01	-1.164758e+00	-1.115291e+00	-4.946711e-02
4.870000e-01	-5.329097e-01	5.270352e-01	-1.164758e+00	-1.115289e+00	-4.946938e-02
4.880000e-01	-5.329160e-01	5.270412e-01	-1.164764e+00	-1.115298e+00	-4.946615e-02
4.890000e-01	-5.329144e-01	5.270387e-01	-1.164767e+00	-1.115298e+00	-4.946906e-02
4.900000e-01	-5.329220e-01	5.270463e-01	-1.164777e+00	-1.115310e+00	-4.946628e-02
4.910000e-01	-5.329190e-01	5.270429e-01	-1.164775e+00	-1.115306e+00	-4.946844e-02
4.920000e-01	-5.329251e-01	5.270489e-01	-1.164781e+00	-1.115315e+00	-4.946530e-02
4.930000e-01	-5.329223e-01	5.270454e-01	-1.164782e+00	-1.115313e+00	-4.946858e-02
4.940000e-01	-5.329287e-01	5.270515e-01	-1.164790e+00	-1.115324e+00	-4.946609e-02
4.950000e-01	-5.329269e-01	5.270489e-01	-1.164792e+00	-1.115323e+00	-4.946931e-02
4.960000e-01	-5.329345e-01	5.270560e-01	-1.164801e+00	-1.115335e+00	-4.946597e-02
4.970000e-01	-5.329322e-01	5.270528e-01	-1.164803e+00	-1.115334e+00	-4.946914e-02
4.980000e-01	-5.329394e-01	5.270600e-01	-1.164812e+00	-1.115346e+00	-4.946669e-02
4.990000e-01	-5.329377e-01	5.270576e-01	-1.164815e+00	-1.115345e+00	-4.946969e-02
5.000000e-01	-5.329435e-01	5.270634e-01	-1.164822e+00	-1.115355e+00	-4.946758e-02
5.010000e-01	-5.329410e-01	5.270596e-01	-1.164823e+00	-1.115352e+00	-4.947039e-02
5.020000e-01	-5.329476e-01	5.270663e-01	-1.164832e+00	-1.115363e+00	-4.946834e-02
5.030000e-01	-5.329455e-01	5.270634e-01	-1.164833e+00	-1.115362e+00	-4.947115e-02
5.040000e-01	-5.329511e-01	5.270690e-01	-1.164840e+00	-1.115371e+00	-4.946916e-02
5.050000e-01	-5.329486e-01	5.270657e-01	-1.164843e+00	-1.115370e+00	-4.947285e-02
5.060000e-01	-5.329548e-01	5.270718e-01	-1.164850e+00	-1.115380e+00	-4.947029e-02
5.070000e-01	-5.329536e-01	5.270700e-01	-1.164853e+00	-1.115380e+00	-4.947311e-02
5.080000e-01	-5.329607e-01	5.270766e-01	-1.164863e+00	-1.115392e+00	-4.947072e-02
5.090000e-01	-5.329569e-01	5.270722e-01	-1.164863e+00	-1.115388e+00	-4.947452e-02
5.100000e-01	-5.329627e-01	5.270783e-01	-1.164871e+00	-1.115398e+00	-4.947258e-02
5.110000e-01	-5.329593e-01	5.270746e-01	-1.164869e+00	-1.115394e+00	-4.947532e-02
5.120000e-01	-5.329648e-01	5.270802e-01	-1.164875e+00	-1.115402e+00	-4.947275e-02
5.130000e-01	-5.329625e-01	5.270773e-01	-1.164877e+00	-1.115401e+00	-4.947616e-02
5.140000e-01	-5.329711e-01	5.270858e-01	-1.164890e+00	-1.115416e+00	-4.947386e-02
5.150000e-01	-5.329682e-01	5.270820e-01	-1.164891e+00	-1.115414e+00	-4.947718e-02
5.160000e-01	-5.329726e-01	5.270865e-01	-1.164894e+00	-1.115420e+00	-4.947460e-02
5.170000e-01	-5.329687e-01	5.270820e-01	-1.164893e+00	-1.115415e+00	-4.947774e-02
5.180000e-01	-5.329734e-01	5.270874e-01	-1.164898e+00	-1.115423e+00	-4.947579e-02
5.190000e-01	-5.329691e-01	5.270828e-01	-1.164897e+00	-1.115417e+00	-4.947925e-02
5.200000e-01	-5.329739e-01	5.270880e-01	-1.164902e+00	-1.115425e+00	-4.947728e-02
5.210000e-01	-5.329688e-01	5.270826e-01	-1.164898e+00	-1.115418e+00	-4.947992e-02
5.220000e-01	-5.329733e-01	5.270876e-01	-1.164902e+00	-1.115424e+00	-4.947768e-02
5.230000e-01	-5.329701e-01	5.270838e-01	-1.164901e+00	-1.115421e+00	-4.948055e-02
5.240000e-01	-5.329748e-01	5.270886e-01	-1.164906e+00	-1.115428e+00	-4.947821e-02
5.250000e-01	-5.329704e-01	5.270837e-01	-1.164904e+00	-1.115423e+00	-4.948183e-02
5.260000e-01	-5.329745e-01	5.270883e-01	-1.164907e+00	-1.115428e+00	-4.947916e-02
5.270000e-01	-5.329683e-01	5.270823e-01	-1.164900e+00	-1.115419e+00	-4.948193e-02
5.280000e-01	-5.329714e-01	5.270861e-01	-1.164902e+00	-1.115422e+00	-4.947952e-02
5.290000e-01	-5.329664e-01	5.270806e-01	-1.164898e+00	-1.115416e+00	-4.948277e-02
5.300000e-01	-5.329706e-01	5.270854e-01	-1.164902e+00	-1.115422e+00	-4.948034e-02
5.310000e-01	-5.329660e-01	5.270806e-01	-1.164897e+00	-1.115414e+00	-4.948244e-02
5.320000e-01	-5.329712e-01	5.270861e-01	-1.164901e+00	-1.115422e+00	-4.947928e-02
5.330000e-01	-5.329650e-01	5.270796e-01	-1.164895e+00	-1.115412e+00	-4.948241e-02
5.340000e-01	-5.329680e-01	5.270833e-01	-1.164897e+00	-1.115417e+00	-4.948044e-02
5.350000e-01	-5.329628e-01	5.270778e-01	-1.164893e+00	-1.115409e+00	-4.948347e-02
5.360000e-01	-5.329649e-01	5.270806e-01	-1.164891e+00	-1.115410e+00	-4.948055e-02
5.370000e-01	-5.329590e-01	5.270744e-01	-1.164885e+00	-1.115402e+00	-4.948345e-02
5.380000e-01	-5.329635e-01	5.270797e-01	-1.164888e+00	-1.115407e+00	-4.948045e-02
5.390000e-01	-5.329580e-01	5.270743e-01	-1.164881e+00	-1.115399e+00	-4.948270e-02
5.400000e-01	-5.329607e-01	5.270776e-01	-1.164882e+00	-1.115402e+00	-4.948042e-02
5.410000e-01	-5.329557e-01	5.270718e-01	-1.164877e+00	-1.115394e+00	-4.948254e-02
5.420000e-01	-5.329597e-01	5.270765e-01	-1.164879e+00	-1.115399e+00	-4.947969e-02
5.430000e-01	-5.329549e-01	5.270715e-01	-1.164874e+00	-1.115392e+00	-4.948220e-02
5.440000e-01	-5.329584e-01	5.270752e-01	-1.164876e+00	-1.115396e+00	-4.947969e-02
5.450000e-01	-5.329512e-01	5.270683e-01	-1.164868e+00	-1.115385e+00	-4.948265e-02
5.460000e-01	-5.329538e-01	5.270718e-01	-1.164866e+00	-1.115387e+00	-4.947943e-02
5.470000e-01	-5.329486e-01	5.270666e-01	-1.164860e+00	-1.115379e+00	-4.948147e-02
5.480000e-01	-5.329526e-01	5.270713e-01	-1.164862e+00	-1.115383e+00	-4.947823e-02
5.490000e-01	-5.329479e-01	5.270660e-01	-1.164858e+00	-1.115377e+00	-4.948129e-02
5.500000e-01	-5.329532e-01	5.270714e-01	-1.164864e+00	-1.115385e+00	-4.947878e-02
5.510000e-01	-5.329467e-01	5.270647e-01	-1.164855e+00	-1.115374e+00	-4.948092e-02
5.520000e-01	-5.329491e-01	5.270678e-01	-1.164854e+00	-1.115376e+00	-4.947785e-02
5.530000e-01	-5.329434e-01	5.270618e-01	-1.164848e+00	-1.115367e+00	-4.948043e-02
5.540000e-01	-5.329471e-01	5.270666e-01	-1.164850e+00	-1.115372e+00	-4.947765e-02
5.550000e-01	-5.329426e-01	5.270618e-01	-1.164845e+00	-1.115365e+00	-4.948011e-02
5.560000e-01	-5.329468e-01	5.270664e-01	-1.164847e+00	-1.115370e+00	-4.947654e-02
5.570000e-01	-5.329411e-01	5.270603e-01	-1.164840e+00	-1.115361e+00	-4.947888e-02
5.580000e-01	-5.329453e-01	5.270650e-01	-1.164843e+00	-1.115367e+00	-4.947636e-02
5.590000e-01	-5.329410e-01	5.270601e-01	-1.164839e+00	-1.115361e+00	-4.947862e-02
5.600000e-01	-5.329442e-01	5.270640e-01	-1.164840e+00	-1.115364e+00	-4.947602e-02
5.610000e-01	-5.329382e-01	5.270576e-01	-1.164833e+00	-1.115355e+00	-4.947844e-02
5.620000e-01	-5.329429e-01	5.270630e-01	-1.164837e+00	-1.115361e+00	-4.947552e-02
5.630000e-01	-5.329378e-01	5.270579e-01	-1.164831e+00	-1.115353e+00	-4.947762e-02
5.640000e-01	-5.329416e-01	5.270621e-01	-1.164833e+00	-1.115358e+00	-4.947492e-02
5.650000e-01	-5.329369e-01	5.270565e-01	-1.164830e+00	-1.115352e+00	-4.947789e-02
5.660000e-01	-5.329405e-01	5.270609e-01	-1.164831e+00	-1.115356e+00	-4.947486e-02
5.670000e-01	-5.329364e-01	5.270562e-01	-1.164827e+00	-1.115350e+00	-4.947701e-02
5.680000e-01	-5.329412e-01	5.270611e-01	-1.164831e+00	-1.115357e+00	-4.947424e-02
5.690000e-01	-5.329363e-01	5.270558e-01	-1.164827e+00	-1.115350e+00	-4.947696e-02
5.700000e-01	-5.329410e-01	5.270611e-01	-1.164830e+00	-1.115356e+00	-4.947427e-02
5.710000e-01	-5.329366e-01	5.270564e-01	-1.164826e+00	-1.115349e+00	-4.947624e-02
5.720000e-01	-5.329407e-01	5.270610e-01	-1.164828e+00	-1.115355e+00	-4.947328e-02
5.730000e-01	-5.329361e-01	5.270560e-01	-1.164824e+00	-1.115348e+00	-4.947604e-02
5.740000e-01	-5.329421e-01	5.270625e-01	-1.164831e+00	-1.115358e+00	-4.947344e-02
5.750000e-01	-5.329379e-01	5.270578e-01	-1.164828e+00	-1.115352e+00	-4.947598e-02
5.760000e-01	-5.329424e-01	5.270626e-01	-1.164830e+00	-1.115358e+00	-4.947288e-02
5.770000e-01	-5.329389e-01	5.270581e-01	-1.164829e+00	-1.115353e+00	-4.947548e-02
5.780000e-01	-5.329439e-01	5.270636e-01	-1.164834e+00	-1.115361e+00	-4.947321e-02
5.790000e-01	-5.329397e-01	5.270587e-01	-1.164832e+00	-1.115356e+00	-4.947604e-02
5.800000e-01	-5.329434e-01	5.270630e-01	-1.164834e+00	-1.115361e+00	-4.947381e-02
5.810000e-01	-5.329368e-01	5.270561e-01	-1.164826e+00	-1.115350e+00	-4.947616e-02
5.820000e-01	-5.329400e-01	5.270598e-01	-1.164827e+00	-1.115354e+00	-4.947357e-02
5.830000e-01	-5.329352e-01	5.270544e-01	-1.164823e+00	-1.115347e+00	-4.947631e-02
5.840000e-01	-5.329391e-01	5.270585e-01	-1.164826e+00	-1.115352e+00	-4.947391e-02
5.850000e-01	-5.329348e-01	5.270536e-01	-1.164824e+00	-1.115347e+00	-4.947703e-02
5.860000e-01	-5.329409e-01	5.270600e-01	-1.164829e+00	-1.115355e+00	-4.947355e-02
5.870000e-01	-5.329375e-01	5.270567e-01	-1.164825e+00	-1.115350e+00	-4.947514e-02
5.880000e-01	-5.329436e-01	5.270634e-01	-1.164831e+00	-1.115359e+00	-4.947186e-02
5.890000e-01	-5.329403e-01	5.270594e-01	-1.164830e+00	-1.115355e+00	-4.947483e-02
5.900000e-01	-5.329451e-01	5.270648e-01	-1.164836e+00	-1.115363e+00	-4.947292e-02
5.910000e-01	-5.329401e-01	5.270593e-01	-1.164831e+00	-1.115356e+00	-4.947540e-02
5.920000e-01	-5.329449e-01	5.270642e-01	-1.164835e+00	-1.115362e+00	-4.947264e-02
5.930000e-01	-5.329396e-01	5.270582e-01	-1.164831e+00	-1.115355e+00	-4.947572e-02
5.940000e-01	-5.329443e-01	5.270634e-01	-1.164835e+00	-1.115362e+00	-4.947338e-02
5.950000e-01	-5.329402e-01	5.270587e-01	-1.164833e+00	-1.115357e+00	-4.947638e-02
5.960000e-01	-5.329445e-01	5.270634e-01	-1.164835e+00	-1.115362e+00	-4.947304e-02
5.970000e-01	-5.329398e-01	5.270582e-01	-1.164831e+00	-1.115355e+00	-4.947580e-02
5.980000e-01	-5.329453e-01	5.270641e-01	-1.164837e+00	-1.115364e+00	-4.947309e-02
5.990000e-01	-5.329400e-01	5.270585e-01	-1.164832e+00	-1.115356e+00	-4.947590e-02
6.000000e-01	-5.329431e-01	5.270620e-01	-1.164834e+00	-1.115360e+00	-4.947396e-02
6.010000e-01	-5.329375e-01	5.270557e-01	-1.164828e+00	-1.115352e+00	-4.947651e-02
6.020000e-01	-5.329429e-01	5.270620e-01	-1.164833e+00	-1.115359e+00	-4.947352e-02
6.030000e-01	-5.329403e-01	5.270587e-01	-1.164832e+00	-1.115356e+00	-4.947570e-02
6.040000e-01	-5.329462e-01	5.270647e-01	-1.164838e+00	-1.115365e+00	-4.947291e-02
6.050000e-01	-5.329417e-01	5.270595e-01	-1.164835e+00	-1.115359e+00	-4.947594e-02
6.060000e-01	-5.329458e-01	5.270644e-01	-1.164838e+00	-1.115365e+00	-4.947317e-02
6.070000e-01	-5.329409e-01	5.270591e-01	-1.164834e+00	-1.115358e+00	-4.947590e-02
6.080000e-01	-5.329449e-01	5.270638e-01	-1.164836e+00	-1.115363e+00	-4.947303e-02
6.090000e-01	-5.329401e-01	5.270587e-01	-1.164832e+00	-1.115356e+00	-4.947609e-02
6.100000e-01	-5.329457e-01	5.270647e-01	-1.164838e+00	-1.115365e+00	-4.947330e-02
6.110000e-01	-5.329412e-01	5.270596e-01	-1.164833e+00	-1.115358e+00	-4.947521e-02
6.120000e-01	-5.329466e-01	5.270652e-01	-1.164837e+00	-1.115365e+00	-4.947203e-02
6.130000e-01	-5.329422e-01	5.270599e-01	-1.164835e+00	-1.115360e+00	-4.947518e-02
6.140000e-01	-5.329464e-01	5.270648e-01	-1.164839e+00	-1.115366e+00	-4.947299e-02
6.150000e-01	-5.329406e-01	5.270589e-01	-1.164834e+00	-1.115357e+00	-4.947621e-02
6.160000e-01	-5.329430e-01	5.270621e-01	-1.164833e+00	-1.115359e+00	-4.947335e-02
6.170000e-01	-5.329370e-01	5.270556e-01	-1.164826e+00	-1.115350e+00	-4.947584e-02
6.180000e-01	-5.329412e-01	5.270608e-01	-1.164829e+00	-1.115356e+00	-4.947334e-02
6.190000e-01	-5.329381e-01	5.270570e-01	-1.164827e+00	-1.115352e+00	-4.947566e-02
6.200000e-01	-5.329436e-01	5.270630e-01	-1.164833e+00	-1.115360e+00	-4.947277e-02
6.210000e-01	-5.329392e-01	5.270579e-01	-1.164829e+00	-1.115354e+00	-4.947521e-02
6.220000e-01	-5.329438e-01	5.270630e-01	-1.164832e+00	-1.115360e+00	-4.947241e-02
6.230000e-01	-5.329384e-01	5.270572e-01	-1.164827e+00	-1.115352e+00	-4.947518e-02
6.240000e-01	-5.329409e-01	5.270604e-01	-1.164828e+00	-1.115355e+00	-4.947306e-02
6.250000e-01	-5.329345e-01	5.270533e-01	-1.164822e+00	-1.115346e+00	-4.947665e-02
6.260000e-01	-5.329389e-01	5.270585e-01	-1.164824e+00	-1.115351e+00	-4.947327e-02
6.270000e-01	-5.329352e-01	5.270547e-01	-1.164821e+00	-1.115346e+00	-4.947540e-02
6.280000e-01	-5.329407e-01	5.270605e-01	-1.164825e+00	-1.115353e+00	-4.947202e-02
6.290000e-01	-5.329364e-01	5.270558e-01	-1.164822e+00	-1.115348e+00	-4.947478e-02
6.300000e-01	-5.329413e-01	5.270612e-01	-1.164827e+00	-1.115355e+00	-4.947241e-02
6.310000e-01	-5.329360e-01	5.270553e-01	-1.164822e+00	-1.115347e+00	-4.947480e-02
6.320000e-01	-5.329400e-01	5.270597e-01	-1.164824e+00	-1.115352e+00	-4.947204e-02
6.330000e-01	-5.329355e-01	5.270546e-01	-1.164821e+00	-1.115346e+00	-4.947513e-02
6.340000e-01	-5.329406e-01	5.270606e-01	-1.164827e+00	-1.115354e+00	-4.947271e-02
6.350000e-01	-5.329362e-01	5.270557e-01	-1.164823e+00	-1.115348e+00	-4.947527e-02
6.360000e-01	-5.329397e-01	5.270602e-01	-1.164824e+00	-1.115351e+00	-4.947208e-02
6.370000e-01	-5.329346e-01	5.270543e-01	-1.164819e+00	-1.115344e+00	-4.947502e-02
6.380000e-01	-5.329403e-01	5.270604e-01	-1.164825e+00	-1.115353e+00	-4.947240e-02
6.390000e-01	-5.329365e-01	5.270557e-01	-1.164824e+00	-1.115349e+00	-4.947549e-02
6.400000e-01	-5.329410e-01	5.270602e-01	-1.164828e+00	-1.115355e+00	-4.947300e-02
6.410000e-01	-5.329352e-01	5.270540e-01	-1.164822e+00	-1.115346e+00	-4.947562e-02
6.420000e-01	-5.329397e-01	5.270593e-01	-1.164824e+00	-1.115352e+00	-4.947254e-02
6.430000e-01	-5.329345e-01	5.270539e-01	-1.164820e+00	-1.115344e+00	-4.947527e-02
6.440000e-01	-5.329393e-01	5.270592e-01	-1.164823e+00	-1.115351e+00	-4.947213e-02
6.450000e-01	-5.329346e-01	5.270541e-01	-1.164820e+00	-1.115345e+00	-4.947535e-02
6.460000e-01	-5.329405e-01	5.270602e-01	-1.164824e+00	-1.115352e+00	-4.947158e-02
6.470000e-01	-5.329364e-01	5.270555e-01	-1.164821e+00	-1.115347e+00	-4.947395e-02
6.480000e-01	-5.329415e-01	5.270610e-01	-1.164825e+00	-1.115354e+00	-4.947109e-02
6.490000e-01	-5.329358e-01	5.270545e-01	-1.164821e+00	-1.115346e+00	-4.947448e-02
6.500000e-01	-5.329402e-01	5.270601e-01	-1.164825e+00	-1.115352e+00	-4.947202e-02
6.510000e-01	-5.329350e-01	5.270547e-01	-1.164819e+00	-1.115344e+00	-4.947434e-02
6.520000e-01	-5.329397e-01	5.270601e-01	-1.164821e+00	-1.115350e+00	-4.947102e-02
6.530000e-01	-5.329349e-01	5.270547e-01	-1.164818e+00	-1.115344e+00	-4.947391e-02
6.540000e-01	-5.329407e-01	5.270610e-01	-1.164824e+00	-1.115353e+00	-4.947124e-02
6.550000e-01	-5.329360e-01	5.270556e-01	-1.164821e+00	-1.115346e+00	-4.947435e-02
6.560000e-01	-5.329397e-01	5.270597e-01	-1.164821e+00	-1.115350e+00	-4.947105e-02
6.570000e-01	-5.329337e-01	5.270534e-01	-1.164816e+00	-1.115342e+00	-4.947418e-02
6.580000e-01	-5.329380e-01	5.270583e-01	-1.164818e+00	-1.115347e+00	-4.947120e-02
6.590000e-01	-5.329329e-01	5.270529e-01	-1.164814e+00	-1.115340e+00	-4.947402e-02
6.600000e-01	-5.329376e-01	5.270581e-01	-1.164818e+00	-1.115346e+00	-4.947121e-02
6.610000e-01	-5.329321e-01	5.270519e-01	-1.164812e+00	-1.115338e+00	-4.947367e-02
6.620000e-01	-5.329378e-01	5.270583e-01	-1.164817e+00	-1.115346e+00	-4.947052e-02
6.630000e-01	-5.329337e-01	5.270537e-01	-1.164814e+00	-1.115341e+00	-4.947339e-02
6.640000e-01	-5.329383e-01	5.270588e-01	-1.164817e+00	-1.115347e+00	-4.947038e-02
6.650000e-01	-5.329332e-01	5.270533e-01	-1.164814e+00	-1.115340e+00	-4.947371e-02
6.660000e-01	-5.329385e-01	5.270591e-01	-1.164818e+00	-1.115348e+00	-4.947059e-02
6.670000e-01	-5.329333e-01	5.270531e-01	-1.164813e+00	-1.115340e+00	-4.947323e-02
6.680000e-01	-5.329377e-01	5.270578e-01	-1.164816e+00	-1.115346e+00	-4.947044e-02
6.690000e-01	-5.329324e-01	5.270519e-01	-1.164813e+00	-1.115339e+00	-4.947390e-02
6.700000e-01	-5.329366e-01	5.270567e-01	-1.164816e+00	-1.115344e+00	-4.947123e-02
6.710000e-01	-5.329306e-01	5.270505e-01	-1.164808e+00	-1.115335e+00	-4.947354e-02
6.720000e-01	-5.329352e-01	5.270558e-01	-1.164811e+00	-1.115341e+00	-4.947046e-02
6.730000e-01	-5.329315e-01	5.270512e-01	-1.164809e+00	-1.115336e+00	-4.947282e-02
6.740000e-01	-5.329375e-01	5.270580e-01	-1.164815e+00	-1.115345e+00	-4.947009e-02
6.750000e-01	-5.329346e-01	5.270546e-01	-1.164815e+00	-1.115342e+00	-4.947268e-02
6.760000e-01	-5.329389e-01	5.270594e-01	-1.164816e+00	-1.115347e+00	-4.946914e-02
6.770000e-01	-5.329340e-01	5.270542e-01	-1.164812e+00	-1.115340e+00	-4.947214e-02
6.780000e-01	-5.329391e-01	5.270598e-01	-1.164817e+00	-1.115348e+00	-4.946955e-02
6.790000e-01	-5.329336e-01	5.270537e-01	-1.164813e+00	-1.115340e+00	-4.947269e-02
6.800000e-01	-5.329379e-01	5.270584e-01	-1.164817e+00	-1.115346e+00	-4.947052e-02
6.810000e-01	-5.329329e-01	5.270527e-01	-1.164812e+00	-1.115339e+00	-4.947331e-02
6.820000e-01	-5.329383e-01	5.270584e-01	-1.164817e+00	-1.115347e+00	-4.946999e-02
6.830000e-01	-5.329336e-01	5.270534e-01	-1.164812e+00	-1.115340e+00	-4.947266e-02
6.840000e-01	-5.329380e-01	5.270585e-01	-1.164816e+00	-1.115346e+00	-4.947012e-02
6.850000e-01	-5.329314e-01	5.270511e-01	-1.164809e+00	-1.115336e+00	-4.947331e-02
6.860000e-01	-5.329343e-01	5.270551e-01	-1.164810e+00	-1.115339e+00	-4.947061e-02
6.870000e-01	-5.329301e-01	5.270503e-01	-1.164806e+00	-1.115333e+00	-4.947307e-02
6.880000e-01	-5.329346e-01	5.270552e-01	-1.164810e+00	-1.115339e+00	-4.947019e-02
6.890000e-01	-5.329309e-01	5.270510e-01	-1.164808e+00	-1.115335e+00	-4.947312e-02
6.900000e-01	-5.329371e-01	5.270577e-01	-1.164815e+00	-1.115345e+00	-4.947052e-02
6.910000e-01	-5.329335e-01	5.270534e-01	-1.164811e+00	-1.115339e+00	-4.947209e-02
6.920000e-01	-5.329367e-01	5.270574e-01	-1.164812e+00	-1.115343e+00	-4.946950e-02
6.930000e-01	-5.329311e-01	5.270512e-01	-1.164808e+00	-1.115335e+00	-4.947282e-02
6.940000e-01	-5.329342e-01	5.270547e-01	-1.164810e+00	-1.115339e+00	-4.947063e-02
6.950000e-01	-5.329282e-01	5.270483e-01	-1.164805e+00	-1.115330e+00	-4.947405e-02
6.960000e-01	-5.329320e-01	5.270523e-01	-1.164806e+00	-1.115335e+00	-4.947080e-02
6.970000e-01	-5.329270e-01	5.270465e-01	-1.164801e+00	-1.115327e+00	-4.947330e-02
6.980000e-01	-5.329325e-01	5.270528e-01	-1.164806e+00	-1.115335e+00	-4.947044e-02
6.990000e-01	-5.329286e-01	5.270487e-01	-1.164803e+00	-1.115330e+00	-4.947299e-02
7.000000e-01	-5.329328e-01	5.270535e-01	-1.164806e+00	-1.115336e+00	-4.947008e-02
7.010000e-01	-5.329265e-01	5.270471e-01	-1.164799e+00	-1.115326e+00	-4.947273e-02
7.020000e-01	-5.329320e-01	5.270532e-01	-1.164804e+00	-1.115334e+00	-4.946974e-02
7.030000e-01	-5.329286e-01	5.270489e-01	-1.164802e+00	-1.115329e+00	-4.947227e-02
7.040000e-01	-5.329335e-01	5.270542e-01	-1.164807e+00	-1.115337e+00	-4.946992e-02
7.050000e-01	-5.329296e-01	5.270495e-01	-1.164806e+00	-1.115332e+00	-4.947318e-02
7.060000e-01	-5.329338e-01	5.270544e-01	-1.164808e+00	-1.115338e+00	-4.947005e-02
7.070000e-01	-5.329289e-01	5.270493e-01	-1.164803e+00	-1.115330e+00	-4.947254e-02
7.080000e-01	-5.329334e-01	5.270544e-01	-1.164806e+00	-1.115336e+00	-4.946963e-02
7.090000e-01	-5.329289e-01	5.270490e-01	-1.164803e+00	-1.115331e+00	-4.947272e-02
7.100000e-01	-5.329339e-01	5.270545e-01	-1.164809e+00	-1.115338e+00	-4.947042e-02
7.110000e-01	-5.329289e-01	5.270489e-01	-1.164804e+00	-1.115331e+00	-4.947285e-02
7.120000e-01	-5.329327e-01	5.270528e-01	-1.164805e+00	-1.115335e+00	-4.946973e-02
7.130000e-01	-5.329258e-01	5.270458e-01	-1.164798e+00	-1.115325e+00	-4.947322e-02
7.140000e-01	-5.329304e-01	5.270512e-01	-1.164802e+00	-1.115331e+00	-4.947061e-02
7.150000e-01	-5.329264e-01	5.270468e-01	-1.164799e+00	-1.115326e+00	-4.947325e-02
7.160000e-01	-5.329319e-01	5.270529e-01	-1.164803e+00	-1.115333e+00	-4.946976e-02
7.170000e-01	-5.329283e-01	5.270484e-01	-1.164802e+00	-1.115329e+00	-4.947246e-02
7.180000e-01	-5.329343e-01	5.270545e-01	-1.164808e+00	-1.115338e+00	-4.946950e-02
7.190000e-01	-5.329292e-01	5.270489e-01	-1.164804e+00	-1.115331e+00	-4.947266e-02
7.200000e-01	-5.329318e-01	5.270523e-01	-1.164805e+00	-1.115334e+00	-4.947053e-02
7.210000e-01	-5.329253e-01	5.270451e-01	-1.164797e+00	-1.115324e+00	-4.947308e-02
7.220000e-01	-5.329293e-01	5.270502e-01	-1.164799e+00	-1.115329e+00	-4.947023e-02
7.230000e-01	-5.329257e-01	5.270462e-01	-1.164796e+00	-1.115324e+00	-4.947247e-02
7.240000e-01	-5.329310e-01	5.270518e-01	-1.164801e+00	-1.115331e+00	-4.946929e-02
7.250000e-01	-5.329266e-01	5.270471e-01	-1.164798e+00	-1.115326e+00	-4.947249e-02
7.260000e-01	-5.329323e-01	5.270533e-01	-1.164803e+00	-1.115334e+00	-4.946904e-02
7.270000e-01	-5.329283e-01	5.270486e-01	-1.164800e+00	-1.115328e+00	-4.947149e-02
7.280000e-01	-5.329323e-01	5.270534e-01	-1.164803e+00	-1.115334e+00	-4.946910e-02
7.290000e-01	-5.329269e-01	5.270474e-01	-1.164799e+00	-1.115326e+00	-4.947254e-02
7.300000e-01	-5.329325e-01	5.270535e-01	-1.164805e+00	-1.115335e+00	-4.946999e-02
7.310000e-01	-5.329276e-01	5.270483e-01	-1.164800e+00	-1.115327e+00	-4.947230e-02
7.320000e-01	-5.329319e-01	5.270529e-01	-1.164802e+00	-1.115333e+00	-4.946936e-02
7.330000e-01	-5.329269e-01	5.270469e-01	-1.164799e+00	-1.115326e+00	-4.947258e-02
7.340000e-01	-5.329315e-01	5.270522e-01	-1.164804e+00	-1.115333e+00	-4.947034e-02
7.350000e-01	-5.329264e-01	5.270468e-01	-1.164800e+00	-1.115326e+00	-4.947340e-02
7.360000e-01	-5.329311e-01	5.270518e-01	-1.164802e+00	-1.115332e+00	-4.946975e-02
7.370000e-01	-5.329264e-01	5.270466e-01	-1.164798e+00	-1.115326e+00	-4.947262e-02
7.380000e-01	-5.329319e-01	5.270527e-01	-1.164804e+00	-1.115334e+00	-4.946989e-02
7.390000e-01	-5.329291e-01	5.270491e-01	-1.164803e+00	-1.115331e+00	-4.947237e-02
7.400000e-01	-5.329341e-01	5.270549e-01	-1.164808e+00	-1.115338e+00	-4.946977e-02
7.410000e-01	-5.329283e-01	5.270485e-01	-1.164802e+00	-1.115329e+00	-4.947243e-02
7.420000e-01	-5.329328e-01	5.270534e-01	-1.164805e+00	-1.115335e+00	-4.946971e-02
7.430000e-01	-5.329280e-01	5.270481e-01	-1.164801e+00	-1.115329e+00	-4.947267e-02
7.440000e-01	-5.329319e-01	5.270522e-01	-1.164805e+00	-1.115334e+00	-4.947045e-02
7.450000e-01	-5.329275e-01	5.270467e-01	-1.164802e+00	-1.115329e+00	-4.947375e-02
7.460000e-01	-5.329321e-01	5.270522e-01	-1.164806e+00	-1.115335e+00	-4.947074e-02
7.470000e-01	-5.329277e-01	5.270474e-01	-1.164801e+00	-1.115328e+00	-4.947275e-02
7.480000e-01	-5.329318e-01	5.270521e-01	-1.164803e+00	-1.115334e+00	-4.946989e-02
7.490000e-01	-5.329258e-01	5.270456e-01	-1.164798e+00	-1.115325e+00	-4.947328e-02
7.500000e-01	-5.329295e-01	5.270503e-01	-1.164801e+00	-1.115330e+00	-4.947092e-02
7.510000e-01	-5.329257e-01	5.270458e-01	-1.164797e+00	-1.115324e+00	-4.947290e-02
7.520000e-01	-5.329308e-01	5.270513e-01	-1.164802e+00	-1.115332e+00	-4.947008e-02
7.530000e-01	-5.329268e-01	5.270465e-01	-1.164799e+00	-1.115326e+00	-4.947278e-02
7.540000e-01	-5.329330e-01	5.270532e-01	-1.164806e+00	-1.115336e+00	-4.946992e-02
7.550000e-01	-5.329283e-01	5.270485e-01	-1.164802e+00	-1.115329e+00	-4.947287e-02
7.560000e-01	-5.329308e-01	5.270518e-01	-1.164801e+00	-1.115331e+00	-4.946958e-02
7.570000e-01	-5.329256e-01	5.270459e-01	-1.164796e+00	-1.115324e+00	-4.947265e-02
7.580000e-01	-5.329306e-01	5.270517e-01	-1.164801e+00	-1.115331e+00	-4.947007e-02
7.590000e-01	-5.329256e-01	5.270461e-01	-1.164797e+00	-1.115324e+00	-4.947315e-02
7.600000e-01	-5.329310e-01	5.270516e-01	-1.164803e+00	-1.115333e+00	-4.947064e-02
7.610000e-01	-5.329257e-01	5.270457e-01	-1.164798e+00	-1.115325e+00	-4.947326e-02
7.620000e-01	-5.329299e-01	5.270506e-01	-1.164801e+00	-1.115330e+00	-4.947038e-02
7.630000e-01	-5.329255e-01	5.270456e-01	-1.164797e+00	-1.115324e+00	-4.947326e-02
7.640000e-01	-5.329294e-01	5.270505e-01	-1.164801e+00	-1.115330e+00	-4.947080e-02
7.650000e-01	-5.329240e-01	5.270444e-01	-1.164796e+00	-1.115322e+00	-4.947404e-02
7.660000e-01	-5.329293e-01	5.270500e-01	-1.164800e+00	-1.115330e+00	-4.947091e-02
7.670000e-01	-5.329248e-01	5.270447e-01	-1.164797e+00	-1.115323e+00	-4.947343e-02
7.680000e-01	-5.329284e-01	5.270488e-01	-1.164798e+00	-1.115328e+00	-4.947065e-02
7.690000e-01	-5.329234e-01	5.270429e-01	-1.164795e+00	-1.115321e+00	-4.947406e-02
7.700000e-01	-5.329276e-01	5.270479e-01	-1.164799e+00	-1.115327e+00	-4.947188e-02
7.710000e-01	-5.329217e-01	5.270417e-01	-1.164792e+00	-1.115317e+00	-4.947416e-02
7.720000e-01	-5.329268e-01	5.270472e-01	-1.164795e+00	-1.115324e+00	-4.947067e-02
7.730000e-01	-5.329226e-01	5.270426e-01	-1.164792e+00	-1.115319e+00	-4.947351e-02
7.740000e-01	-5.329291e-01	5.270497e-01	-1.164799e+00	-1.115329e+00	-4.947040e-02
7.750000e-01	-5.329269e-01	5.270468e-01	-1.164800e+00	-1.115327e+00	-4.947305e-02
7.760000e-01	-5.329317e-01	5.270522e-01	-1.164803e+00	-1.115333e+00	-4.946979e-02
7.770000e-01	-5.329259e-01	5.270456e-01	-1.164797e+00	-1.115324e+00	-4.947276e-02
7.780000e-01	-5.329308e-01	5.270514e-01	-1.164802e+00	-1.115332e+00	-4.947037e-02
7.790000e-01	-5.329267e-01	5.270467e-01	-1.164800e+00	-1.115327e+00	-4.947313e-02
7.800000e-01	-5.329311e-01	5.270517e-01	-1.164803e+00	-1.115333e+00	-4.947049e-02
7.810000e-01	-5.329264e-01	5.270461e-01	-1.164799e+00	-1.115326e+00	-4.947303e-02
7.820000e-01	-5.329316e-01	5.270521e-01	-1.164803e+00	-1.115333e+00	-4.947007e-02
7.830000e-01	-5.329267e-01	5.270468e-01	-1.164799e+00	-1.115326e+00	-4.947258e-02
7.840000e-01	-5.329308e-01	5.270513e-01	-1.164802e+00	-1.115332e+00	-4.947028e-02
7.850000e-01	-5.329256e-01	5.270456e-01	-1.164799e+00	-1.115325e+00	-4.947364e-02
7.860000e-01	-5.329300e-01	5.270509e-01	-1.164801e+00	-1.115331e+00	-4.947054e-02
7.870000e-01	-5.329265e-01	5.270466e-01	-1.164799e+00	-1.115326e+00	-4.947315e-02
7.880000e-01	-5.329312e-01	5.270517e-01	-1.164803e+00	-1.115333e+00	-4.947044e-02
7.890000e-01	-5.329259e-01	5.270457e-01	-1.164799e+00	-1.115325e+00	-4.947345e-02
7.900000e-01	-5.329302e-01	5.270507e-01	-1.164803e+00	-1.115331e+00	-4.947106e-02
7.910000e-01	-5.329240e-01	5.270443e-01	-1.164795e+00	-1.115322e+00	-4.947350e-02
7.920000e-01	-5.329272e-01	5.270480e-01	-1.164795e+00	-1.115325e+00	-4.947052e-02
7.930000e-01	-5.329219e-01	5.270421e-01	-1.164791e+00	-1.115318e+00	-4.947378e-02
7.940000e-01	-5.329273e-01	5.270478e-01	-1.164797e+00	-1.115326e+00	-4.947122e-02
7.950000e-01	-5.329228e-01	5.270428e-01	-1.164793e+00	-1.115319e+00	-4.947391e-02
7.960000e-01	-5.329280e-01	5.270484e-01	-1.164796e+00	-1.115326e+00	-4.947022e-02
7.970000e-01	-5.329234e-01	5.270431e-01	-1.164792e+00	-1.115320e+00	-4.947279e-02
7.980000e-01	-5.329282e-01	5.270488e-01	-1.164797e+00	-1.115326e+00	-4.947008e-02
7.990000e-01	-5.329240e-01	5.270440e-01	-1.164794e+00	-1.115321e+00	-4.947299e-02
8.000000e-01	-5.329283e-01	5.270492e-01	-1.164797e+00	-1.115327e+00	-4.947038e-02
8.010000e-01	-5.329233e-01	5.270434e-01	-1.164792e+00	-1.115319e+00	-4.947272e-02
8.020000e-01	-5.329284e-01	5.270490e-01	-1.164797e+00	-1.115327e+00	-4.946993e-02
8.030000e-01	-5.329243e-01	5.270445e-01	-1.164794e+00	-1.115321e+00	-4.947246e-02
8.040000e-01	-5.329282e-01	5.270489e-01	-1.164796e+00	-1.115326e+00	-4.946976e-02
8.050000e-01	-5.329226e-01	5.270426e-01	-1.164792e+00	-1.115319e+00	-4.947347e-02
8.060000e-01	-5.329264e-01	5.270473e-01	-1.164794e+00	-1.115323e+00	-4.947054e-02
8.070000e-01	-5.329222e-01	5.270425e-01	-1.164789e+00	-1.115317e+00	-4.947253e-02
8.080000e-01	-5.329276e-01	5.270484e-01	-1.164794e+00	-1.115325e+00	-4.946958e-02
8.090000e-01	-5.329234e-01	5.270436e-01	-1.164792e+00	-1.115319e+00	-4.947255e-02
8.100000e-01	-5.329292e-01	5.270501e-01	-1.164798e+00	-1.115328e+00	-4.946978e-02
8.110000e-01	-5.329250e-01	5.270457e-01	-1.164794e+00	-1.115322e+00	-4.947196e-02
8.120000e-01	-5.329290e-01	5.270502e-01	-1.164796e+00	-1.115327e+00	-4.946889e-02
8.130000e-01	-5.329228e-01	5.270434e-01	-1.164790e+00	-1.115318e+00	-4.947216e-02
8.140000e-01	-5.329283e-01	5.270493e-01	-1.164796e+00	-1.115326e+00	-4.946978e-02
8.150000e-01	-5.329237e-01	5.270440e-01	-1.164794e+00	-1.115321e+00	-4.947317e-02
8.160000e-01	-5.329279e-01	5.270483e-01	-1.164796e+00	-1.115326e+00	-4.946988e-02
8.170000e-01	-5.329225e-01	5.270423e-01	-1.164791e+00	-1.115318e+00	-4.947301e-02
8.180000e-01	-5.329267e-01	5.270475e-01	-1.164793e+00	-1.115323e+00	-4.947008e-02
8.190000e-01	-5.329209e-01	5.270415e-01	-1.164788e+00	-1.115315e+00	-4.947295e-02
8.200000e-01	-5.329251e-01	5.270463e-01	-1.164791e+00	-1.115320e+00	-4.947024e-02
8.210000e-01	-5.329198e-01	5.270405e-01	-1.164785e+00	-1.115312e+00	-4.947267e-02
8.220000e-01	-5.329260e-01	5.270471e-01	-1.164791e+00	-1.115322e+00	-4.946945e-02
8.230000e-01	-5.329233e-01	5.270433e-01	-1.164791e+00	-1.115319e+00	-4.947205e-02
8.240000e-01	-5.329279e-01	5.270484e-01	-1.164795e+00	-1.115325e+00	-4.946944e-02
8.250000e-01	-5.329228e-01	5.270430e-01	-1.164790e+00	-1.115318e+00	-4.947232e-02
8.260000e-01	-5.329265e-01	5.270477e-01	-1.164792e+00	-1.115322e+00	-4.946943e-02
8.270000e-01	-5.329210e-01	5.270422e-01	-1.164786e+00	-1.115314e+00	-4.947184e-02
8.280000e-01	-5.329256e-01	5.270472e-01	-1.164789e+00	-1.115320e+00	-4.946882e-02
8.290000e-01	-5.329212e-01	5.270418e-01	-1.164787e+00	-1.115315e+00	-4.947229e-02
8.300000e-01	-5.329265e-01	5.270474e-01	-1.164792e+00	-1.115323e+00	-4.946970e-02
8.310000e-01	-5.329225e-01	5.270430e-01	-1.164788e+00	-1.115317e+00	-4.947168e-02
8.320000e-01	-5.329281e-01	5.270492e-01	-1.164793e+00	-1.115325e+00	-4.946841e-02
8.330000e-01	-5.329221e-01	5.270429e-01	-1.164788e+00	-1.115316e+00	-4.947174e-02
8.340000e-01	-5.329273e-01	5.270487e-01	-1.164793e+00	-1.115324e+00	-4.946918e-02
8.350000e-01	-5.329226e-01	5.270435e-01	-1.164790e+00	-1.115318e+00	-4.947256e-02
8.360000e-01	-5.329257e-01	5.270472e-01	-1.164790e+00	-1.115321e+00	-4.946926e-02
8.370000e-01	-5.329207e-01	5.270411e-01	-1.164786e+00	-1.115314e+00	-4.947235e-02
8.380000e-01	-5.329263e-01	5.270473e-01	-1.164792e+00	-1.115322e+00	-4.946977e-02
8.390000e-01	-5.329220e-01	5.270426e-01	-1.164789e+00	-1.115316e+00	-4.947229e-02
8.400000e-01	-5.329274e-01	5.270487e-01	-1.164795e+00	-1.115325e+00	-4.946983e-02
8.410000e-01	-5.329235e-01	5.270438e-01	-1.164792e+00	-1.115319e+00	-4.947234e-02
8.420000e-01	-5.329283e-01	5.270496e-01	-1.164796e+00	-1.115326e+00	-4.946949e-02
8.430000e-01	-5.329249e-01	5.270454e-01	-1.164794e+00	-1.115322e+00	-4.947213e-02
8.440000e-01	-5.329293e-01	5.270501e-01	-1.164798e+00	-1.115328e+00	-4.946989e-02
8.450000e-01	-5.329233e-01	5.270435e-01	-1.164793e+00	-1.115320e+00	-4.947327e-02
8.460000e-01	-5.329280e-01	5.270487e-01	-1.164796e+00	-1.115326e+00	-4.947019e-02
8.470000e-01	-5.329234e-01	5.270436e-01	-1.164793e+00	-1.115320e+00	-4.947304e-02
8.480000e-01	-5.329276e-01	5.270483e-01	-1.164795e+00	-1.115325e+00	-4.946992e-02
8.490000e-01	-5.329242e-01	5.270443e-01	-1.164794e+00	-1.115321e+00	-4.947288e-02
8.500000e-01	-5.329314e-01	5.270520e-01	-1.164803e+00	-1.115333e+00	-4.947002e-02
8.510000e-01	-5.329267e-01	5.270469e-01	-1.164798e+00	-1.115326e+00	-4.947224e-02
8.520000e-01	-5.329319e-01	5.270525e-01	-1.164802e+00	-1.115333e+00	-4.946924e-02
8.530000e-01	-5.329265e-01	5.270463e-01	-1.164798e+00	-1.115326e+00	-4.947269e-02
8.540000e-01	-5.329297e-01	5.270502e-01	-1.164800e+00	-1.115330e+00	-4.947045e-02
8.550000e-01	-5.329245e-01	5.270445e-01	-1.164797e+00	-1.115323e+00	-4.947378e-02
8.560000e-01	-5.329299e-01	5.270504e-01	-1.164800e+00	-1.115330e+00	-4.947024e-02
8.570000e-01	-5.329259e-01	5.270458e-01	-1.164797e+00	-1.115325e+00	-4.947287e-02
8.580000e-01	-5.329329e-01	5.270534e-01	-1.164806e+00	-1.115336e+00	-4.946994e-02
8.590000e-01	-5.329299e-01	5.270497e-01	-1.164805e+00	-1.115332e+00	-4.947267e-02
8.600000e-01	-5.329338e-01	5.270544e-01	-1.164808e+00	-1.115338e+00	-4.947006e-02
8.610000e-01	-5.329272e-01	5.270469e-01	-1.164801e+00	-1.115327e+00	-4.947314e-02
8.620000e-01	-5.329308e-01	5.270512e-01	-1.164803e+00	-1.115332e+00	-4.947083e-02
8.630000e-01	-5.329250e-01	5.270449e-01	-1.164798e+00	-1.115324e+00	-4.947383e-02
8.640000e-01	-5.329295e-01	5.270498e-01	-1.164802e+00	-1.115331e+00	-4.947166e-02
8.650000e-01	-5.329256e-01	5.270448e-01	-1.164801e+00	-1.115326e+00	-4.947486e-02
8.660000e-01	-5.329305e-01	5.270505e-01	-1.164804e+00	-1.115332e+00	-4.947129e-02
8.670000e-01	-5.329271e-01	5.270470e-01	-1.164801e+00	-1.115328e+00	-4.947327e-02
8.680000e-01	-5.329322e-01	5.270524e-01	-1.164805e+00	-1.115335e+00	-4.947020e-02
8.690000e-01	-5.329261e-01	5.270460e-01	-1.164800e+00	-1.115326e+00	-4.947377e-02
8.700000e-01	-5.329316e-01	5.270520e-01	-1.164806e+00	-1.115335e+00	-4.947144e-02
8.710000e-01	-5.329273e-01	5.270469e-01	-1.164803e+00	-1.115329e+00	-4.947398e-02
8.720000e-01	-5.329317e-01	5.270516e-01	-1.164805e+00	-1.115334e+00	-4.947078e-02
8.730000e-01	-5.329263e-01	5.270457e-01	-1.164801e+00	-1.115327e+00	-4.947406e-02
8.740000e-01	-5.329321e-01	5.270522e-01	-1.164807e+00	-1.115336e+00	-4.947139e-02
8.750000e-01	-5.329269e-01	5.270466e-01	-1.164802e+00	-1.115328e+00	-4.947431e-02
8.760000e-01	-5.329312e-01	5.270517e-01	-1.164804e+00	-1.115333e+00	-4.947096e-02
8.770000e-01	-5.329268e-01	5.270462e-01	-1.164801e+00	-1.115327e+00	-4.947361e-02
8.780000e-01	-5.329315e-01	5.270515e-01	-1.164805e+00	-1.115334e+00	-4.947089e-02
8.790000e-01	-5.329266e-01	5.270459e-01	-1.164801e+00	-1.115327e+00	-4.947407e-02
8.800000e-01	-5.329312e-01	5.270509e-01	-1.164805e+00	-1.115334e+00	-4.947147e-02
8.810000e-01	-5.329249e-01	5.270445e-01	-1.164798e+00	-1.115324e+00	-4.947400e-02
8.820000e-01	-5.329292e-01	5.270497e-01	-1.164801e+00	-1.115330e+00	-4.947129e-02
8.830000e-01	-5.329253e-01	5.270452e-01	-1.164798e+00	-1.115324e+00	-4.947370e-02
8.840000e-01	-5.329298e-01	5.270504e-01	-1.164801e+00	-1.115330e+00	-4.947057e-02
8.850000e-01	-5.329252e-01	5.270451e-01	-1.164798e+00	-1.115324e+00	-4.947376e-02
8.860000e-01	-5.329307e-01	5.270509e-01	-1.164803e+00	-1.115332e+00	-4.947054e-02
8.870000e-01	-5.329256e-01	5.270456e-01	-1.164798e+00	-1.115324e+00	-4.947313e-02
8.880000e-01	-5.329298e-01	5.270505e-01	-1.164800e+00	-1.115330e+00	-4.947018e-02
8.890000e-01	-5.329242e-01	5.270443e-01	-1.164796e+00	-1.115322e+00	-4.947369e-02
8.900000e-01	-5.329292e-01	5.270501e-01	-1.164800e+00	-1.115329e+00	-4.947082e-02
8.910000e-01	-5.329249e-01	5.270457e-01	-1.164796e+00	-1.115323e+00	-4.947297e-02
8.920000e-01	-5.329321e-01	5.270531e-01	-1.164803e+00	-1.115334e+00	-4.946940e-02
8.930000e-01	-5.329276e-01	5.270478e-01	-1.164800e+00	-1.115328e+00	-4.947251e-02
8.940000e-01	-5.329330e-01	5.270537e-01	-1.164806e+00	-1.115336e+00	-4.947015e-02
8.950000e-01	-5.329282e-01	5.270480e-01	-1.164803e+00	-1.115330e+00	-4.947338e-02
8.960000e-01	-5.329299e-01	5.270504e-01	-1.164801e+00	-1.115330e+00	-4.947058e-02
8.970000e-01	-5.329229e-01	5.270429e-01	-1.164794e+00	-1.115320e+00	-4.947398e-02
8.980000e-01	-5.329278e-01	5.270484e-01	-1.164798e+00	-1.115327e+00	-4.947138e-02
8.990000e-01	-5.329236e-01	5.270438e-01	-1.164795e+00	-1.115321e+00	-4.947377e-02
9.000000e-01	-5.329282e-01	5.270489e-01	-1.164798e+00	-1.115327e+00	-4.947096e-02
9.010000e-01	-5.329238e-01	5.270436e-01	-1.164794e+00	-1.115321e+00	-4.947320e-02
9.020000e-01	-5.329293e-01	5.270497e-01	-1.164798e+00	-1.115328e+00	-4.946968e-02
9.030000e-01	-5.329242e-01	5.270442e-01	-1.164794e+00	-1.115321e+00	-4.947283e-02
9.040000e-01	-5.329292e-01	5.270495e-01	-1.164799e+00	-1.115329e+00	-4.947022e-02
9.050000e-01	-5.329242e-01	5.270442e-01	-1.164795e+00	-1.115322e+00	-4.947340e-02
9.060000e-01	-5.329297e-01	5.270508e-01	-1.164799e+00	-1.115329e+00	-4.946998e-02
9.070000e-01	-5.329266e-01	5.270470e-01	-1.164798e+00	-1.115325e+00	-4.947218e-02
9.080000e-01	-5.329320e-01	5.270529e-01	-1.164802e+00	-1.115333e+00	-4.946880e-02
9.090000e-01	-5.329271e-01	5.270475e-01	-1.164799e+00	-1.115326e+00	-4.947223e-02
9.100000e-01	-5.329324e-01	5.270531e-01	-1.164805e+00	-1.115335e+00	-4.947007e-02
9.110000e-01	-5.329263e-01	5.270464e-01	-1.164798e+00	-1.115325e+00	-4.947281e-02
9.120000e-01	-5.329301e-01	5.270509e-01	-1.164800e+00	-1.115330e+00	-4.946988e-02
9.130000e-01	-5.329251e-01	5.270449e-01	-1.164796e+00	-1.115323e+00	-4.947279e-02
9.140000e-01	-5.329298e-01	5.270504e-01	-1.164800e+00	-1.115330e+00	-4.947024e-02
9.150000e-01	-5.329254e-01	5.270458e-01	-1.164797e+00	-1.115324e+00	-4.947301e-02
9.160000e-01	-5.329301e-01	5.270512e-01	-1.164798e+00	-1.115329e+00	-4.946912e-02
9.170000e-01	-5.329249e-01	5.270455e-01	-1.164794e+00	-1.115322e+00	-4.947184e-02
9.180000e-01	-5.329297e-01	5.270511e-01	-1.164798e+00	-1.115329e+00	-4.946935e-02
9.190000e-01	-5.329257e-01	5.270463e-01	-1.164796e+00	-1.115324e+00	-4.947227e-02
9.200000e-01	-5.329310e-01	5.270516e-01	-1.164801e+00	-1.115332e+00	-4.946964e-02
9.210000e-01	-5.329254e-01	5.270452e-01	-1.164796e+00	-1.115324e+00	-4.947279e-02
9.220000e-01	-5.329306e-01	5.270508e-01	-1.164801e+00	-1.115331e+00	-4.946970e-02
9.230000e-01	-5.329253e-01	5.270455e-01	-1.164796e+00	-1.115323e+00	-4.947245e-02
9.240000e-01	-5.329285e-01	5.270495e-01	-1.164797e+00	-1.115327e+00	-4.946994e-02
9.250000e-01	-5.329218e-01	5.270423e-01	-1.164790e+00	-1.115317e+00	-4.947334e-02
9.260000e-01	-5.329264e-01	5.270476e-01	-1.164793e+00	-1.115323e+00	-4.947007e-02
9.270000e-01	-5.329222e-01	5.270427e-01	-1.164790e+00	-1.115317e+00	-4.947265e-02
9.280000e-01	-5.329280e-01	5.270485e-01	-1.164795e+00	-1.115325e+00	-4.946953e-02
9.290000e-01	-5.329241e-01	5.270439e-01	-1.164794e+00	-1.115321e+00	-4.947271e-02
9.300000e-01	-5.329298e-01	5.270505e-01	-1.164799e+00	-1.115329e+00	-4.946979e-02
9.310000e-01	-5.329245e-01	5.270450e-01	-1.164793e+00	-1.115321e+00	-4.947185e-02
9.320000e-01	-5.329289e-01	5.270502e-01	-1.164795e+00	-1.115327e+00	-4.946866e-02
9.330000e-01	-5.329235e-01	5.270441e-01	-1.164791e+00	-1.115319e+00	-4.947194e-02
9.340000e-01	-5.329288e-01	5.270499e-01	-1.164797e+00	-1.115327e+00	-4.946955e-02
9.350000e-01	-5.329249e-01	5.270451e-01	-1.164795e+00	-1.115322e+00	-4.947271e-02
9.360000e-01	-5.329292e-01	5.270501e-01	-1.164797e+00	-1.115328e+00	-4.946950e-02
9.370000e-01	-5.329242e-01	5.270445e-01	-1.164793e+00	-1.115320e+00	-4.947214e-02
9.380000e-01	-5.329295e-01	5.270504e-01	-1.164798e+00	-1.115329e+00	-4.946959e-02
9.390000e-01	-5.329250e-01	5.270456e-01	-1.164795e+00	-1.115322e+00	-4.947255e-02
9.400000e-01	-5.329298e-01	5.270510e-01	-1.164799e+00	-1.115329e+00	-4.946968e-02
9.410000e-01	-5.329250e-01	5.270457e-01	-1.164795e+00	-1.115322e+00	-4.947230e-02
9.420000e-01	-5.329298e-01	5.270509e-01	-1.164799e+00	-1.115329e+00	-4.946965e-02
9.430000e-01	-5.329248e-01	5.270451e-01	-1.164795e+00	-1.115322e+00	-4.947247e-02
9.440000e-01	-5.329294e-01	5.270501e-01	-1.164798e+00	-1.115329e+00	-4.946982e-02
9.450000e-01	-5.329236e-01	5.270438e-01	-1.164794e+00	-1.115321e+00	-4.947358e-02
9.460000e-01	-5.329285e-01	5.270492e-01	-1.164798e+00	-1.115327e+00	-4.947023e-02
9.470000e-01	-5.329247e-01	5.270451e-01	-1.164795e+00	-1.115322e+00	-4.947266e-02
9.480000e-01	-5.329299e-01	5.270509e-01	-1.164799e+00	-1.115329e+00	-4.946934e-02
9.490000e-01	-5.329242e-01	5.270441e-01	-1.164794e+00	-1.115321e+00	-4.947273e-02
9.500000e-01	-5.329291e-01	5.270496e-01	-1.164799e+00	-1.115329e+00	-4.947056e-02
9.510000e-01	-5.329236e-01	5.270436e-01	-1.164793e+00	-1.115320e+00	-4.947295e-02
9.520000e-01	-5.329276e-01	5.270482e-01	-1.164795e+00	-1.115325e+00	-4.946995e-02
9.530000e-01	-5.329229e-01	5.270430e-01	-1.164792e+00	-1.115319e+00	-4.947309e-02
9.540000e-01	-5.329288e-01	5.270498e-01	-1.164798e+00	-1.115328e+00	-4.947034e-02
9.550000e-01	-5.329263e-01	5.270466e-01	-1.164798e+00	-1.115325e+00	-4.947260e-02
9.560000e-01	-5.329312e-01	5.270519e-01	-1.164801e+00	-1.115332e+00	-4.946949e-02
9.570000e-01	-5.329264e-01	5.270464e-01	-1.164798e+00	-1.115325e+00	-4.947243e-02
9.580000e-01	-5.329310e-01	5.270517e-01	-1.164802e+00	-1.115332e+00	-4.946994e-02
9.590000e-01	-5.329259e-01	5.270462e-01	-1.164798e+00	-1.115325e+00	-4.947334e-02
9.600000e-01	-5.329289e-01	5.270495e-01	-1.164800e+00	-1.115329e+00	-4.947112e-02
9.610000e-01	-5.329229e-01	5.270427e-01	-1.164793e+00	-1.115319e+00	-4.947362e-02
9.620000e-01	-5.329282e-01	5.270487e-01	-1.164798e+00	-1.115327e+00	-4.947067e-02
9.630000e-01	-5.329244e-01	5.270442e-01	-1.164795e+00	-1.115322e+00	-4.947324e-02
9.640000e-01	-5.329291e-01	5.270494e-01	-1.164799e+00	-1.115328e+00	-4.947025e-02
9.650000e-01	-5.329241e-01	5.270441e-01	-1.164795e+00	-1.115322e+00	-4.947349e-02
9.660000e-01	-5.329279e-01	5.270486e-01	-1.164796e+00	-1.115326e+00	-4.947022e-02
9.670000e-01	-5.329219e-01	5.270421e-01	-1.164790e+00	-1.115317e+00	-4.947299e-02
9.680000e-01	-5.329263e-01	5.270471e-01	-1.164793e+00	-1.115323e+00	-4.947038e-02
9.690000e-01	-5.329217e-01	5.270418e-01	-1.164791e+00	-1.115317e+00	-4.947366e-02
9.700000e-01	-5.329278e-01	5.270483e-01	-1.164797e+00	-1.115326e+00	-4.947081e-02
9.710000e-01	-5.329239e-01	5.270442e-01	-1.164793e+00	-1.115321e+00	-4.947277e-02
9.720000e-01	-5.329296e-01	5.270506e-01	-1.164797e+00	-1.115328e+00	-4.946909e-02
9.730000e-01	-5.329245e-01	5.270446e-01	-1.164793e+00	-1.115321e+00	-4.947207e-02
9.740000e-01	-5.329290e-01	5.270499e-01	-1.164798e+00	-1.115328e+00	-4.947010e-02
9.750000e-01	-5.329243e-01	5.270447e-01	-1.164795e+00	-1.115322e+00	-4.947323e-02
9.760000e-01	-5.329281e-01	5.270491e-01	-1.164796e+00	-1.115326e+00	-4.946999e-02
9.770000e-01	-5.329233e-01	5.270434e-01	-1.164793e+00	-1.115320e+00	-4.947304e-02
9.780000e-01	-5.329281e-01	5.270488e-01	-1.164797e+00	-1.115326e+00	-4.947025e-02
9.790000e-01	-5.329239e-01	5.270441e-01	-1.164793e+00	-1.115321e+00	-4.947271e-02
9.800000e-01	-5.329283e-01	5.270493e-01	-1.164797e+00	-1.115327e+00	-4.947009e-02
9.810000e-01	-5.329227e-01	5.270432e-01	-1.164791e+00	-1.115318e+00	-4.947288e-02
9.820000e-01	-5.329282e-01	5.270492e-01	-1.164796e+00	-1.115326e+00	-4.946971e-02
9.830000e-01	-5.329242e-01	5.270448e-01	-1.164794e+00	-1.115321e+00	-4.947270e-02
9.840000e-01	-5.329297e-01	5.270504e-01	-1.164799e+00	-1.115329e+00	-4.946989e-02
9.850000e-01	-5.329248e-01	5.270446e-01	-1.164796e+00	-1.115323e+00	-4.947314e-02
9.860000e-01	-5.329295e-01	5.270503e-01	-1.164799e+00	-1.115329e+00	-4.947000e-02
9.870000e-01	-5.329251e-01	5.270455e-01	-1.164795e+00	-1.115323e+00	-4.947246e-02
9.880000e-01	-5.329295e-01	5.270504e-01	-1.164798e+00	-1.115328e+00	-4.946946e-02
9.890000e-01	-5.329244e-01	5.270447e-01	-1.164795e+00	-1.115322e+00	-4.947290e-02
9.900000e-01	-5.329303e-01	5.270511e-01	-1.164801e+00	-1.115331e+00	-4.947026e-02
9.910000e-01	-5.329255e-01	5.270452e-01	-1.164796e+00	-1.115324e+00	-4.947261e-02
9.920000e-01	-5.329295e-01	5.270498e-01	-1.164799e+00	-1.115329e+00	-4.946975e-02
9.930000e-01	-5.329238e-01	5.270437e-01	-1.164793e+00	-1.115320e+00	-4.947280e-02
9.940000e-01	-5.329280e-01	5.270487e-01	-1.164796e+00	-1.115326e+00	-4.947013e-02
9.950000e-01	-5.329221e-01	5.270427e-01	-1.164791e+00	-1.115318e+00	-4.947346e-02
9.960000e-01	-5.329263e-01	5.270475e-01	-1.164792e+00	-1.115323e+00	-4.946987e-02
9.970000e-01	-5.329224e-01	5.270426e-01	-1.164790e+00	-1.115317e+00	-4.947238e-02
9.980000e-01	-5.329286e-01	5.270493e-01	-1.164796e+00	-1.115327e+00	-4.946961e-02
9.990000e-01	-5.329248e-01	5.270447e-01	-1.164794e+00	-1.115322e+00	-4.947236e-02
1.000000e+00	-5.329296e-01	5.270501e-01	-1.164798e+00	-1.115329e+00	-4.946956e-02
