# Force coefficients
# liftDir    : (0.000000e+00 1.000000e+00 0.000000e+00)
# dragDir    : (1.000000e+00 0.000000e+00 0.000000e+00)
# pitchAxis  : (0.000000e+00 0.000000e+00 1.000000e+00)
# magUInf    : 5.148000e+01
# lRef       : 4.530000e-01
# Aref       : 4.348800e-01
# CofR       : (0.000000e+00 0.000000e+00 0.000000e+00)
# Time       	Cm           	Cd           	Cl           	Cl(f)        	Cl(r)        	Cm	Cd	Cl	Cl(f)	Cl(r)
1.000000e-03	-1.407311e-03	1.537549e-03	-2.371521e-03	-2.593071e-03	2.215502e-04
2.000000e-03	-5.371029e-03	6.048950e-03	-9.587499e-03	-1.016478e-02	5.772795e-04
3.000000e-03	-7.924019e-03	8.963366e-03	-1.488309e-02	-1.536556e-02	4.824733e-04
4.000000e-03	-8.387579e-03	9.485095e-03	-1.663041e-02	-1.670278e-02	7.237264e-05
5.000000e-03	-8.016920e-03	8.999249e-03	-1.702590e-02	-1.652987e-02	-4.960321e-04
6.000000e-03	-7.916746e-03	8.701257e-03	-1.796836e-02	-1.690093e-02	-1.067434e-03
7.000000e-03	-8.326156e-03	8.887234e-03	-1.972758e-02	-1.818994e-02	-1.537631e-03
8.000000e-03	-9.613971e-03	1.002079e-02	-2.300838e-02	-2.111816e-02	-1.890221e-03
9.000000e-03	-1.148639e-02	1.181563e-02	-2.732762e-02	-2.515020e-02	-2.177425e-03
1.000000e-02	-1.350876e-02	1.381018e-02	-3.190911e-02	-2.946331e-02	-2.445797e-03
1.100000e-02	-1.530606e-02	1.557836e-02	-3.613499e-02	-3.337356e-02	-2.761435e-03
1.200000e-02	-1.697828e-02	1.723731e-02	-4.015692e-02	-3.705674e-02	-3.100179e-03
1.300000e-02	-1.851635e-02	1.874792e-02	-4.401791e-02	-4.052531e-02	-3.492605e-03
1.400000e-02	-2.004686e-02	2.024478e-02	-4.790331e-02	-4.399851e-02	-3.904793e-03
1.500000e-02	-2.181125e-02	2.198889e-02	-5.229198e-02	-4.795724e-02	-4.334740e-03
1.600000e-02	-2.402980e-02	2.421247e-02	-5.764636e-02	-5.285298e-02	-4.793380e-03
1.700000e-02	-2.664960e-02	2.684211e-02	-6.389136e-02	-5.859528e-02	-5.296087e-03
1.800000e-02	-2.962030e-02	2.981065e-02	-7.099955e-02	-6.512008e-02	-5.879470e-03
1.900000e-02	-3.270963e-02	3.285922e-02	-7.854264e-02	-7.198095e-02	-6.561686e-03
2.000000e-02	-3.576395e-02	3.582730e-02	-8.614877e-02	-7.883833e-02	-7.310438e-03
2.100000e-02	-3.869845e-02	3.862667e-02	-9.364771e-02	-8.552230e-02	-8.125408e-03
2.200000e-02	-4.148009e-02	4.123792e-02	-1.009166e-01	-9.193842e-02	-8.978233e-03
2.300000e-02	-4.423877e-02	4.380445e-02	-1.081548e-01	-9.831618e-02	-9.838640e-03
2.400000e-02	-4.715564e-02	4.653173e-02	-1.156645e-01	-1.049879e-01	-1.067663e-02
2.500000e-02	-5.042672e-02	4.962347e-02	-1.239209e-01	-1.123872e-01	-1.153372e-02
2.600000e-02	-5.409821e-02	5.313846e-02	-1.330052e-01	-1.206008e-01	-1.240437e-02
2.700000e-02	-5.816768e-02	5.707280e-02	-1.429876e-01	-1.296615e-01	-1.332614e-02
2.800000e-02	-6.252921e-02	6.131895e-02	-1.536629e-01	-1.393607e-01	-1.430225e-02
2.900000e-02	-6.698696e-02	6.567020e-02	-1.646430e-01	-1.493085e-01	-1.533453e-02
3.000000e-02	-7.146609e-02	7.004834e-02	-1.757505e-01	-1.593413e-01	-1.640915e-02
3.100000e-02	-7.594491e-02	7.443492e-02	-1.869291e-01	-1.694095e-01	-1.751966e-02
3.200000e-02	-8.047859e-02	7.889315e-02	-1.981998e-01	-1.795785e-01	-1.862134e-02
3.300000e-02	-8.512461e-02	8.347162e-02	-2.097053e-01	-1.899773e-01	-1.972805e-02
3.400000e-02	-8.987981e-02	8.818796e-02	-2.213559e-01	-2.005578e-01	-2.079814e-02
3.500000e-02	-9.489217e-02	9.317933e-02	-2.335121e-01	-2.116482e-01	-2.186386e-02
3.600000e-02	-1.000465e-01	9.834138e-02	-2.459212e-01	-2.230070e-01	-2.291412e-02
3.700000e-02	-1.053770e-01	1.036938e-01	-2.587126e-01	-2.347333e-01	-2.397935e-02
3.800000e-02	-1.109252e-01	1.092850e-01	-2.719219e-01	-2.468861e-01	-2.503576e-02
3.900000e-02	-1.166762e-01	1.150832e-01	-2.855810e-01	-2.594668e-01	-2.611429e-02
4.000000e-02	-1.225308e-01	1.209943e-01	-2.994903e-01	-2.722760e-01	-2.721437e-02
4.100000e-02	-1.285185e-01	1.270257e-01	-3.136877e-01	-2.853624e-01	-2.832534e-02
4.200000e-02	-1.346541e-01	1.332088e-01	-3.281399e-01	-2.987241e-01	-2.941582e-02
4.300000e-02	-1.408047e-01	1.394039e-01	-3.424685e-01	-3.120389e-01	-3.042952e-02
4.400000e-02	-1.469371e-01	1.455961e-01	-3.565922e-01	-3.252332e-01	-3.135895e-02
4.500000e-02	-1.531210e-01	1.518546e-01	-3.705596e-01	-3.384008e-01	-3.215886e-02
4.600000e-02	-1.593473e-01	1.581852e-01	-3.843414e-01	-3.515180e-01	-3.282339e-02
4.700000e-02	-1.655077e-01	1.644714e-01	-3.977180e-01	-3.643668e-01	-3.335128e-02
4.800000e-02	-1.716941e-01	1.708086e-01	-4.109588e-01	-3.771735e-01	-3.378531e-02
4.900000e-02	-1.778667e-01	1.771407e-01	-4.239900e-01	-3.898617e-01	-3.412834e-02
5.000000e-02	-1.838399e-01	1.833019e-01	-4.364238e-01	-4.020518e-01	-3.437201e-02
5.100000e-02	-1.895416e-01	1.892101e-01	-4.481114e-01	-4.135973e-01	-3.451409e-02
5.200000e-02	-1.948489e-01	1.947593e-01	-4.588022e-01	-4.242500e-01	-3.455223e-02
5.300000e-02	-1.997803e-01	1.999700e-01	-4.684792e-01	-4.340199e-01	-3.445925e-02
5.400000e-02	-2.042809e-01	2.048045e-01	-4.770139e-01	-4.427879e-01	-3.422599e-02
5.500000e-02	-2.083157e-01	2.092260e-01	-4.842739e-01	-4.504526e-01	-3.382128e-02
5.600000e-02	-2.118446e-01	2.131979e-01	-4.902089e-01	-4.569491e-01	-3.325986e-02
5.700000e-02	-2.150126e-01	2.168543e-01	-4.951017e-01	-4.625635e-01	-3.253825e-02
5.800000e-02	-2.179117e-01	2.202835e-01	-4.991639e-01	-4.674937e-01	-3.167021e-02
5.900000e-02	-2.206512e-01	2.235723e-01	-5.026869e-01	-4.719946e-01	-3.069224e-02
6.000000e-02	-2.232402e-01	2.267114e-01	-5.057946e-01	-4.761375e-01	-2.965708e-02
6.100000e-02	-2.257065e-01	2.297096e-01	-5.086341e-01	-4.800235e-01	-2.861057e-02
6.200000e-02	-2.280621e-01	2.325708e-01	-5.112543e-01	-4.836893e-01	-2.756506e-02
6.300000e-02	-2.302813e-01	2.352685e-01	-5.136103e-01	-4.870865e-01	-2.652383e-02
6.400000e-02	-2.323589e-01	2.377971e-01	-5.157222e-01	-4.902200e-01	-2.550225e-02
6.500000e-02	-2.343903e-01	2.402433e-01	-5.178346e-01	-4.933076e-01	-2.452701e-02
6.600000e-02	-2.364135e-01	2.426332e-01	-5.201229e-01	-4.964750e-01	-2.364791e-02
6.700000e-02	-2.384402e-01	2.449646e-01	-5.226927e-01	-4.997865e-01	-2.290613e-02
6.800000e-02	-2.405013e-01	2.472657e-01	-5.256435e-01	-5.033230e-01	-2.232048e-02
6.900000e-02	-2.425652e-01	2.495172e-01	-5.288352e-01	-5.069828e-01	-2.185240e-02
7.000000e-02	-2.446029e-01	2.517010e-01	-5.321716e-01	-5.106887e-01	-2.148290e-02
7.100000e-02	-2.465058e-01	2.537086e-01	-5.353866e-01	-5.141991e-01	-2.118756e-02
7.200000e-02	-2.484229e-01	2.556887e-01	-5.387883e-01	-5.178171e-01	-2.097121e-02
7.300000e-02	-2.506251e-01	2.578964e-01	-5.429953e-01	-5.221227e-01	-2.087257e-02
7.400000e-02	-2.531665e-01	2.603679e-01	-5.482336e-01	-5.272833e-01	-2.095030e-02
7.500000e-02	-2.560719e-01	2.631328e-01	-5.545606e-01	-5.333522e-01	-2.120842e-02
7.600000e-02	-2.592293e-01	2.660959e-01	-5.617725e-01	-5.401156e-01	-2.165691e-02
7.700000e-02	-2.627124e-01	2.693387e-01	-5.699235e-01	-5.476741e-01	-2.224935e-02
7.800000e-02	-2.665998e-01	2.729619e-01	-5.791132e-01	-5.561564e-01	-2.295681e-02
7.900000e-02	-2.707198e-01	2.768196e-01	-5.888776e-01	-5.651586e-01	-2.371895e-02
8.000000e-02	-2.745901e-01	2.804247e-01	-5.983125e-01	-5.737464e-01	-2.456608e-02
8.100000e-02	-2.782215e-01	2.838014e-01	-6.074435e-01	-5.819433e-01	-2.550025e-02
8.200000e-02	-2.814612e-01	2.867986e-01	-6.160132e-01	-5.894678e-01	-2.654543e-02
8.300000e-02	-2.844148e-01	2.895078e-01	-6.244020e-01	-5.966158e-01	-2.778625e-02
8.400000e-02	-2.869412e-01	2.917757e-01	-6.324183e-01	-6.031503e-01	-2.926797e-02
8.500000e-02	-2.888084e-01	2.933381e-01	-6.397184e-01	-6.086676e-01	-3.105079e-02
8.600000e-02	-2.899440e-01	2.940967e-01	-6.461528e-01	-6.130204e-01	-3.313246e-02
8.700000e-02	-2.904827e-01	2.942256e-01	-6.517298e-01	-6.163476e-01	-3.538219e-02
8.800000e-02	-2.906256e-01	2.939538e-01	-6.565847e-01	-6.189179e-01	-3.766677e-02
8.900000e-02	-2.908465e-01	2.937745e-01	-6.613854e-01	-6.215392e-01	-3.984616e-02
9.000000e-02	-2.915724e-01	2.941288e-01	-6.668350e-01	-6.249899e-01	-4.184508e-02
9.100000e-02	-2.929304e-01	2.951517e-01	-6.731900e-01	-6.295254e-01	-4.366454e-02
9.200000e-02	-2.947660e-01	2.966349e-01	-6.803543e-01	-6.349432e-01	-4.541114e-02
9.300000e-02	-2.969288e-01	2.984118e-01	-6.880565e-01	-6.409571e-01	-4.709941e-02
9.400000e-02	-2.994150e-01	3.004420e-01	-6.964271e-01	-6.476286e-01	-4.879857e-02
9.500000e-02	-3.022282e-01	3.027605e-01	-7.053148e-01	-6.548856e-01	-5.042921e-02
9.600000e-02	-3.054449e-01	3.054672e-01	-7.148598e-01	-6.628748e-01	-5.198501e-02
9.700000e-02	-3.091330e-01	3.086830e-01	-7.250155e-01	-6.716407e-01	-5.337477e-02
9.800000e-02	-3.131818e-01	3.123162e-01	-7.355918e-01	-6.809777e-01	-5.461411e-02
9.900000e-02	-3.174189e-01	3.161899e-01	-7.463510e-01	-6.905943e-01	-5.575664e-02
1.000000e-01	-3.217315e-01	3.202030e-01	-7.572105e-01	-7.003367e-01	-5.687378e-02
1.010000e-01	-3.260127e-01	3.242278e-01	-7.679898e-01	-7.100076e-01	-5.798222e-02
1.020000e-01	-3.303015e-01	3.282819e-01	-7.788534e-01	-7.197282e-01	-5.912523e-02
1.030000e-01	-3.345481e-01	3.322894e-01	-7.896841e-01	-7.293902e-01	-6.029396e-02
1.040000e-01	-3.386917e-01	3.361721e-01	-8.004490e-01	-7.389162e-01	-6.153277e-02
1.050000e-01	-3.426061e-01	3.397794e-01	-8.109146e-01	-7.480634e-01	-6.285113e-02
1.060000e-01	-3.462925e-01	3.431272e-01	-8.210988e-01	-7.568419e-01	-6.425692e-02
1.070000e-01	-3.496683e-01	3.461346e-01	-8.308055e-01	-7.650711e-01	-6.573446e-02
1.080000e-01	-3.527884e-01	3.488622e-01	-8.401485e-01	-7.728626e-01	-6.728584e-02
1.090000e-01	-3.557269e-01	3.513773e-01	-8.491907e-01	-7.803223e-01	-6.886840e-02
1.100000e-01	-3.585984e-01	3.538001e-01	-8.581255e-01	-7.876611e-01	-7.046439e-02
1.110000e-01	-3.614362e-01	3.561547e-01	-8.669763e-01	-7.949244e-01	-7.205189e-02
1.120000e-01	-3.642915e-01	3.584967e-01	-8.758539e-01	-8.022184e-01	-7.363545e-02
1.130000e-01	-3.672561e-01	3.609157e-01	-8.848728e-01	-8.096925e-01	-7.518025e-02
1.140000e-01	-3.704107e-01	3.635096e-01	-8.941722e-01	-8.174968e-01	-7.667539e-02
1.150000e-01	-3.738354e-01	3.663613e-01	-9.038238e-01	-8.257473e-01	-7.807652e-02
1.160000e-01	-3.775247e-01	3.694848e-01	-9.138124e-01	-8.344309e-01	-7.938151e-02
1.170000e-01	-3.815205e-01	3.729155e-01	-9.241878e-01	-8.436144e-01	-8.057337e-02
1.180000e-01	-3.857577e-01	3.765990e-01	-9.348787e-01	-8.531971e-01	-8.168160e-02
1.190000e-01	-3.901179e-01	3.804051e-01	-9.456921e-01	-8.629640e-01	-8.272812e-02
1.200000e-01	-3.944534e-01	3.841743e-01	-9.564481e-01	-8.726775e-01	-8.377061e-02
1.210000e-01	-3.986464e-01	3.877785e-01	-9.669449e-01	-8.821189e-01	-8.482604e-02
1.220000e-01	-4.026479e-01	3.911689e-01	-9.771281e-01	-8.912119e-01	-8.591612e-02
1.230000e-01	-4.064515e-01	3.943525e-01	-9.869260e-01	-8.999145e-01	-8.701147e-02
1.240000e-01	-4.103542e-01	3.976778e-01	-9.967799e-01	-9.087441e-01	-8.803576e-02
1.250000e-01	-4.144011e-01	4.012086e-01	-1.006699e+00	-9.177505e-01	-8.894834e-02
1.260000e-01	-4.188705e-01	4.052597e-01	-1.017088e+00	-9.274147e-01	-8.967376e-02
1.270000e-01	-4.238381e-01	4.099137e-01	-1.028040e+00	-9.378580e-01	-9.018178e-02
1.280000e-01	-4.292047e-01	4.150388e-01	-1.039459e+00	-9.489343e-01	-9.052496e-02
1.290000e-01	-4.348605e-01	4.204834e-01	-1.051217e+00	-9.604692e-01	-9.074814e-02
1.300000e-01	-4.404844e-01	4.258619e-01	-1.062952e+00	-9.719603e-01	-9.099150e-02
1.310000e-01	-4.459690e-01	4.310385e-01	-1.074517e+00	-9.832276e-01	-9.128960e-02
1.320000e-01	-4.513899e-01	4.361069e-01	-1.086047e+00	-9.944132e-01	-9.163347e-02
1.330000e-01	-4.567870e-01	4.411480e-01	-1.097533e+00	-1.005553e+00	-9.197946e-02
1.340000e-01	-4.620717e-01	4.460644e-01	-1.108877e+00	-1.016510e+00	-9.236697e-02
1.350000e-01	-4.671343e-01	4.507459e-01	-1.119867e+00	-1.027068e+00	-9.279912e-02
1.360000e-01	-4.720614e-01	4.552803e-01	-1.130637e+00	-1.037380e+00	-9.325695e-02
1.370000e-01	-4.768240e-01	4.596384e-01	-1.141110e+00	-1.047379e+00	-9.373117e-02
1.380000e-01	-4.815396e-01	4.639391e-01	-1.151483e+00	-1.057281e+00	-9.420183e-02
1.390000e-01	-4.861876e-01	4.681686e-01	-1.161687e+00	-1.067031e+00	-9.465604e-02
1.400000e-01	-4.907482e-01	4.722975e-01	-1.171731e+00	-1.076614e+00	-9.511745e-02
1.410000e-01	-4.952753e-01	4.763954e-01	-1.181674e+00	-1.086112e+00	-9.556164e-02
1.420000e-01	-4.997157e-01	4.803982e-01	-1.191483e+00	-1.095457e+00	-9.602605e-02
1.430000e-01	-5.039214e-01	4.841409e-01	-1.200914e+00	-1.104378e+00	-9.653567e-02
1.440000e-01	-5.079688e-01	4.877104e-01	-1.210088e+00	-1.113013e+00	-9.707541e-02
1.450000e-01	-5.119536e-01	4.912278e-01	-1.219087e+00	-1.121497e+00	-9.759008e-02
1.460000e-01	-5.160078e-01	4.948498e-01	-1.228123e+00	-1.130069e+00	-9.805347e-02
1.470000e-01	-5.200656e-01	4.984971e-01	-1.237070e+00	-1.138600e+00	-9.846932e-02
1.480000e-01	-5.241514e-01	5.021944e-01	-1.245996e+00	-1.147149e+00	-9.884646e-02
1.490000e-01	-5.282116e-01	5.058747e-01	-1.254801e+00	-1.155612e+00	-9.918911e-02
1.500000e-01	-5.322058e-01	5.094903e-01	-1.263481e+00	-1.163946e+00	-9.953481e-02
1.510000e-01	-5.360812e-01	5.129767e-01	-1.271932e+00	-1.172047e+00	-9.988505e-02
1.520000e-01	-5.398542e-01	5.163441e-01	-1.280208e+00	-1.179958e+00	-1.002495e-01
1.530000e-01	-5.435383e-01	5.196073e-01	-1.288281e+00	-1.187679e+00	-1.006022e-01
1.540000e-01	-5.471964e-01	5.228429e-01	-1.296282e+00	-1.195337e+00	-1.009445e-01
1.550000e-01	-5.507890e-01	5.260090e-01	-1.304121e+00	-1.202850e+00	-1.012717e-01
1.560000e-01	-5.543371e-01	5.291259e-01	-1.311870e+00	-1.210272e+00	-1.015978e-01
1.570000e-01	-5.578422e-01	5.321918e-01	-1.319489e+00	-1.217587e+00	-1.019022e-01
1.580000e-01	-5.613629e-01	5.352733e-01	-1.327097e+00	-1.224912e+00	-1.021858e-01
1.590000e-01	-5.648564e-01	5.383244e-01	-1.334591e+00	-1.232152e+00	-1.024391e-01
1.600000e-01	-5.683385e-01	5.413698e-01	-1.342037e+00	-1.239357e+00	-1.026800e-01
1.610000e-01	-5.717660e-01	5.443656e-01	-1.349329e+00	-1.246430e+00	-1.028983e-01
1.620000e-01	-5.751710e-01	5.473518e-01	-1.356563e+00	-1.253453e+00	-1.031105e-01
1.630000e-01	-5.785278e-01	5.503010e-01	-1.363648e+00	-1.260352e+00	-1.032964e-01
1.640000e-01	-5.818559e-01	5.532318e-01	-1.370665e+00	-1.267188e+00	-1.034765e-01
1.650000e-01	-5.851278e-01	5.561182e-01	-1.377520e+00	-1.273888e+00	-1.036323e-01
1.660000e-01	-5.883812e-01	5.590025e-01	-1.384332e+00	-1.280547e+00	-1.037847e-01
1.670000e-01	-5.915934e-01	5.618550e-01	-1.391008e+00	-1.287097e+00	-1.039106e-01
1.680000e-01	-5.948015e-01	5.647132e-01	-1.397662e+00	-1.293633e+00	-1.040296e-01
1.690000e-01	-5.979805e-01	5.675526e-01	-1.404204e+00	-1.300083e+00	-1.041217e-01
1.700000e-01	-6.011434e-01	5.703876e-01	-1.410712e+00	-1.306500e+00	-1.042128e-01
1.710000e-01	-6.042325e-01	5.731560e-01	-1.417046e+00	-1.312755e+00	-1.042903e-01
1.720000e-01	-6.072753e-01	5.758844e-01	-1.423303e+00	-1.318927e+00	-1.043760e-01
1.730000e-01	-6.102401e-01	5.785398e-01	-1.429378e+00	-1.324929e+00	-1.044487e-01
1.740000e-01	-6.131808e-01	5.811765e-01	-1.435420e+00	-1.330891e+00	-1.045294e-01
1.750000e-01	-6.160279e-01	5.837214e-01	-1.441268e+00	-1.336662e+00	-1.046059e-01
1.760000e-01	-6.188307e-01	5.862248e-01	-1.447051e+00	-1.342356e+00	-1.046947e-01
1.770000e-01	-6.215593e-01	5.886587e-01	-1.452665e+00	-1.347892e+00	-1.047732e-01
1.780000e-01	-6.242610e-01	5.910710e-01	-1.458243e+00	-1.353382e+00	-1.048605e-01
1.790000e-01	-6.268897e-01	5.934148e-01	-1.463653e+00	-1.358716e+00	-1.049369e-01
1.800000e-01	-6.294900e-01	5.957356e-01	-1.469020e+00	-1.364000e+00	-1.050202e-01
1.810000e-01	-6.320120e-01	5.979835e-01	-1.474210e+00	-1.369117e+00	-1.050931e-01
1.820000e-01	-6.345125e-01	6.002166e-01	-1.479367e+00	-1.374196e+00	-1.051710e-01
1.830000e-01	-6.369446e-01	6.023899e-01	-1.484360e+00	-1.379125e+00	-1.052356e-01
1.840000e-01	-6.393657e-01	6.045565e-01	-1.489341e+00	-1.384036e+00	-1.053047e-01
1.850000e-01	-6.417319e-01	6.066756e-01	-1.494182e+00	-1.388823e+00	-1.053592e-01
1.860000e-01	-6.440816e-01	6.087807e-01	-1.499003e+00	-1.393583e+00	-1.054197e-01
1.870000e-01	-6.463773e-01	6.108415e-01	-1.503677e+00	-1.398216e+00	-1.054613e-01
1.880000e-01	-6.486664e-01	6.128992e-01	-1.508352e+00	-1.402842e+00	-1.055095e-01
1.890000e-01	-6.509087e-01	6.149185e-01	-1.512897e+00	-1.407357e+00	-1.055398e-01
1.900000e-01	-6.531307e-01	6.169201e-01	-1.517422e+00	-1.411842e+00	-1.055804e-01
1.910000e-01	-6.552910e-01	6.188683e-01	-1.521795e+00	-1.416189e+00	-1.056066e-01
1.920000e-01	-6.574405e-01	6.208064e-01	-1.526166e+00	-1.420524e+00	-1.056427e-01
1.930000e-01	-6.595371e-01	6.227008e-01	-1.530401e+00	-1.424738e+00	-1.056635e-01
1.940000e-01	-6.616190e-01	6.245823e-01	-1.534620e+00	-1.428929e+00	-1.056910e-01
1.950000e-01	-6.636392e-01	6.264116e-01	-1.538689e+00	-1.432984e+00	-1.057054e-01
1.960000e-01	-6.656405e-01	6.282205e-01	-1.542748e+00	-1.437015e+00	-1.057336e-01
1.970000e-01	-6.675872e-01	6.299821e-01	-1.546670e+00	-1.440922e+00	-1.057478e-01
1.980000e-01	-6.695166e-01	6.317243e-01	-1.550582e+00	-1.444808e+00	-1.057746e-01
1.990000e-01	-6.713887e-01	6.334178e-01	-1.554350e+00	-1.448564e+00	-1.057862e-01
2.000000e-01	-6.732448e-01	6.350941e-01	-1.558110e+00	-1.452300e+00	-1.058102e-01
2.010000e-01	-6.750452e-01	6.367241e-01	-1.561727e+00	-1.455909e+00	-1.058183e-01
2.020000e-01	-6.768322e-01	6.383380e-01	-1.565338e+00	-1.459501e+00	-1.058369e-01
2.030000e-01	-6.785734e-01	6.399159e-01	-1.568825e+00	-1.462986e+00	-1.058390e-01
2.040000e-01	-6.803082e-01	6.414859e-01	-1.572318e+00	-1.466467e+00	-1.058509e-01
2.050000e-01	-6.819997e-01	6.430235e-01	-1.575691e+00	-1.469845e+00	-1.058460e-01
2.060000e-01	-6.836857e-01	6.445531e-01	-1.579075e+00	-1.473223e+00	-1.058516e-01
2.070000e-01	-6.853191e-01	6.460391e-01	-1.582324e+00	-1.476481e+00	-1.058430e-01
2.080000e-01	-6.869359e-01	6.475059e-01	-1.585563e+00	-1.479718e+00	-1.058457e-01
2.090000e-01	-6.885016e-01	6.489312e-01	-1.588673e+00	-1.482838e+00	-1.058350e-01
2.100000e-01	-6.900533e-01	6.503375e-01	-1.591785e+00	-1.485946e+00	-1.058391e-01
2.110000e-01	-6.915524e-01	6.517021e-01	-1.594762e+00	-1.488933e+00	-1.058285e-01
2.120000e-01	-6.930567e-01	6.530687e-01	-1.597770e+00	-1.491942e+00	-1.058283e-01
2.130000e-01	-6.945172e-01	6.544026e-01	-1.600656e+00	-1.494845e+00	-1.058106e-01
2.140000e-01	-6.959807e-01	6.557329e-01	-1.603567e+00	-1.497764e+00	-1.058029e-01
2.150000e-01	-6.973940e-01	6.570241e-01	-1.606356e+00	-1.500572e+00	-1.057842e-01
2.160000e-01	-6.988037e-01	6.583058e-01	-1.609164e+00	-1.503386e+00	-1.057781e-01
2.170000e-01	-7.001555e-01	6.595412e-01	-1.611834e+00	-1.506072e+00	-1.057615e-01
2.180000e-01	-7.015012e-01	6.607641e-01	-1.614519e+00	-1.508761e+00	-1.057584e-01
2.190000e-01	-7.027902e-01	6.619438e-01	-1.617058e+00	-1.511319e+00	-1.057389e-01
2.200000e-01	-7.040846e-01	6.631232e-01	-1.619633e+00	-1.513901e+00	-1.057321e-01
2.210000e-01	-7.053371e-01	6.642722e-01	-1.622099e+00	-1.516387e+00	-1.057126e-01
2.220000e-01	-7.065891e-01	6.654123e-01	-1.624585e+00	-1.518882e+00	-1.057035e-01
2.230000e-01	-7.077875e-01	6.665111e-01	-1.626943e+00	-1.521259e+00	-1.056841e-01
2.240000e-01	-7.089901e-01	6.676059e-01	-1.629335e+00	-1.523657e+00	-1.056772e-01
2.250000e-01	-7.101444e-01	6.686655e-01	-1.631600e+00	-1.525944e+00	-1.056556e-01
2.260000e-01	-7.113028e-01	6.697197e-01	-1.633896e+00	-1.528251e+00	-1.056452e-01
2.270000e-01	-7.124073e-01	6.707331e-01	-1.636065e+00	-1.530440e+00	-1.056252e-01
2.280000e-01	-7.135130e-01	6.717392e-01	-1.638263e+00	-1.532645e+00	-1.056187e-01
2.290000e-01	-7.145660e-01	6.727095e-01	-1.640329e+00	-1.534730e+00	-1.055984e-01
2.300000e-01	-7.156316e-01	6.736818e-01	-1.642449e+00	-1.536856e+00	-1.055927e-01
2.310000e-01	-7.166526e-01	6.746218e-01	-1.644447e+00	-1.538876e+00	-1.055710e-01
2.320000e-01	-7.176770e-01	6.755559e-01	-1.646475e+00	-1.540914e+00	-1.055605e-01
2.330000e-01	-7.186453e-01	6.764469e-01	-1.648375e+00	-1.542833e+00	-1.055424e-01
2.340000e-01	-7.196195e-01	6.773349e-01	-1.650318e+00	-1.544778e+00	-1.055395e-01
2.350000e-01	-7.205399e-01	6.781824e-01	-1.652126e+00	-1.546603e+00	-1.055232e-01
2.360000e-01	-7.214740e-01	6.790352e-01	-1.653984e+00	-1.548466e+00	-1.055179e-01
2.370000e-01	-7.223599e-01	6.798517e-01	-1.655719e+00	-1.550219e+00	-1.054993e-01
2.380000e-01	-7.232609e-01	6.806736e-01	-1.657509e+00	-1.552015e+00	-1.054936e-01
2.390000e-01	-7.241100e-01	6.814568e-01	-1.659174e+00	-1.553697e+00	-1.054772e-01
2.400000e-01	-7.249727e-01	6.822439e-01	-1.660889e+00	-1.555417e+00	-1.054720e-01
2.410000e-01	-7.257833e-01	6.829917e-01	-1.662477e+00	-1.557022e+00	-1.054551e-01
2.420000e-01	-7.266071e-01	6.837422e-01	-1.664116e+00	-1.558665e+00	-1.054508e-01
2.430000e-01	-7.273807e-01	6.844564e-01	-1.665637e+00	-1.560199e+00	-1.054379e-01
2.440000e-01	-7.281736e-01	6.851803e-01	-1.667209e+00	-1.561778e+00	-1.054311e-01
2.450000e-01	-7.289073e-01	6.858574e-01	-1.668644e+00	-1.563229e+00	-1.054150e-01
2.460000e-01	-7.296595e-01	6.865436e-01	-1.670142e+00	-1.564730e+00	-1.054113e-01
2.470000e-01	-7.303651e-01	6.871966e-01	-1.671522e+00	-1.566126e+00	-1.053960e-01
2.480000e-01	-7.310955e-01	6.878638e-01	-1.672972e+00	-1.567581e+00	-1.053903e-01
2.490000e-01	-7.317722e-01	6.884913e-01	-1.674296e+00	-1.568920e+00	-1.053759e-01
2.500000e-01	-7.324676e-01	6.891268e-01	-1.675682e+00	-1.570309e+00	-1.053735e-01
2.510000e-01	-7.331190e-01	6.897307e-01	-1.676956e+00	-1.571597e+00	-1.053588e-01
2.520000e-01	-7.337967e-01	6.903494e-01	-1.678299e+00	-1.572946e+00	-1.053526e-01
2.530000e-01	-7.344139e-01	6.909209e-01	-1.679503e+00	-1.574166e+00	-1.053378e-01
2.540000e-01	-7.350423e-01	6.914927e-01	-1.680759e+00	-1.575422e+00	-1.053373e-01
2.550000e-01	-7.356235e-01	6.920315e-01	-1.681895e+00	-1.576571e+00	-1.053238e-01
2.560000e-01	-7.362291e-01	6.925835e-01	-1.683100e+00	-1.577779e+00	-1.053209e-01
2.570000e-01	-7.367906e-01	6.931051e-01	-1.684194e+00	-1.578887e+00	-1.053062e-01
2.580000e-01	-7.373698e-01	6.936332e-01	-1.685349e+00	-1.580044e+00	-1.053047e-01
2.590000e-01	-7.379075e-01	6.941330e-01	-1.686397e+00	-1.581106e+00	-1.052910e-01
2.600000e-01	-7.384698e-01	6.946469e-01	-1.687517e+00	-1.582228e+00	-1.052888e-01
2.610000e-01	-7.389935e-01	6.951354e-01	-1.688536e+00	-1.583262e+00	-1.052746e-01
2.620000e-01	-7.395370e-01	6.956327e-01	-1.689614e+00	-1.584344e+00	-1.052699e-01
2.630000e-01	-7.400340e-01	6.960969e-01	-1.690569e+00	-1.585319e+00	-1.052507e-01
2.640000e-01	-7.405461e-01	6.965641e-01	-1.691585e+00	-1.586339e+00	-1.052465e-01
2.650000e-01	-7.410228e-01	6.970087e-01	-1.692513e+00	-1.587279e+00	-1.052335e-01
2.660000e-01	-7.415101e-01	6.974522e-01	-1.693488e+00	-1.588254e+00	-1.052341e-01
2.670000e-01	-7.419492e-01	6.978599e-01	-1.694343e+00	-1.589121e+00	-1.052223e-01
2.680000e-01	-7.424121e-01	6.982806e-01	-1.695269e+00	-1.590047e+00	-1.052224e-01
2.690000e-01	-7.428425e-01	6.986830e-01	-1.696102e+00	-1.590894e+00	-1.052085e-01
2.700000e-01	-7.432896e-01	6.990905e-01	-1.696988e+00	-1.591784e+00	-1.052047e-01
2.710000e-01	-7.436989e-01	6.994745e-01	-1.697776e+00	-1.592587e+00	-1.051892e-01
2.720000e-01	-7.441314e-01	6.998702e-01	-1.698635e+00	-1.593449e+00	-1.051860e-01
2.730000e-01	-7.445188e-01	7.002322e-01	-1.699388e+00	-1.594213e+00	-1.051754e-01
2.740000e-01	-7.449250e-01	7.006020e-01	-1.700203e+00	-1.595027e+00	-1.051767e-01
2.750000e-01	-7.453047e-01	7.009584e-01	-1.700939e+00	-1.595774e+00	-1.051646e-01
2.760000e-01	-7.457059e-01	7.013262e-01	-1.701731e+00	-1.596572e+00	-1.051597e-01
2.770000e-01	-7.460701e-01	7.016694e-01	-1.702430e+00	-1.597285e+00	-1.051450e-01
2.780000e-01	-7.464389e-01	7.020062e-01	-1.703164e+00	-1.598021e+00	-1.051432e-01
2.790000e-01	-7.467802e-01	7.023274e-01	-1.703823e+00	-1.598692e+00	-1.051313e-01
2.800000e-01	-7.471367e-01	7.026520e-01	-1.704540e+00	-1.599407e+00	-1.051335e-01
2.810000e-01	-7.474606e-01	7.029554e-01	-1.705169e+00	-1.600045e+00	-1.051241e-01
2.820000e-01	-7.478002e-01	7.032642e-01	-1.705848e+00	-1.600724e+00	-1.051238e-01
2.830000e-01	-7.481126e-01	7.035576e-01	-1.706449e+00	-1.601337e+00	-1.051119e-01
2.840000e-01	-7.484460e-01	7.038624e-01	-1.707121e+00	-1.602007e+00	-1.051148e-01
2.850000e-01	-7.487403e-01	7.041402e-01	-1.707689e+00	-1.602585e+00	-1.051043e-01
2.860000e-01	-7.490558e-01	7.044286e-01	-1.708316e+00	-1.603214e+00	-1.051020e-01
2.870000e-01	-7.493433e-01	7.047002e-01	-1.708862e+00	-1.603774e+00	-1.050877e-01
2.880000e-01	-7.496483e-01	7.049778e-01	-1.709478e+00	-1.604387e+00	-1.050905e-01
2.890000e-01	-7.499200e-01	7.052349e-01	-1.709995e+00	-1.604917e+00	-1.050774e-01
2.900000e-01	-7.502105e-01	7.055005e-01	-1.710571e+00	-1.605496e+00	-1.050750e-01
2.910000e-01	-7.504755e-01	7.057526e-01	-1.711071e+00	-1.606011e+00	-1.050603e-01
2.920000e-01	-7.507545e-01	7.060074e-01	-1.711632e+00	-1.606571e+00	-1.050618e-01
2.930000e-01	-7.510029e-01	7.062428e-01	-1.712104e+00	-1.607055e+00	-1.050490e-01
2.940000e-01	-7.512628e-01	7.064783e-01	-1.712626e+00	-1.607576e+00	-1.050504e-01
2.950000e-01	-7.514880e-01	7.066896e-01	-1.713063e+00	-1.608020e+00	-1.050437e-01
2.960000e-01	-7.517366e-01	7.069133e-01	-1.713575e+00	-1.608524e+00	-1.050508e-01
2.970000e-01	-7.519574e-01	7.071226e-01	-1.713999e+00	-1.608957e+00	-1.050421e-01
2.980000e-01	-7.522012e-01	7.073456e-01	-1.714485e+00	-1.609444e+00	-1.050413e-01
2.990000e-01	-7.524254e-01	7.075604e-01	-1.714900e+00	-1.609875e+00	-1.050244e-01
3.000000e-01	-7.526670e-01	7.077824e-01	-1.715376e+00	-1.610355e+00	-1.050211e-01
3.010000e-01	-7.528797e-01	7.079869e-01	-1.715774e+00	-1.610767e+00	-1.050076e-01
3.020000e-01	-7.531085e-01	7.081971e-01	-1.716231e+00	-1.611224e+00	-1.050069e-01
3.030000e-01	-7.533035e-01	7.083831e-01	-1.716591e+00	-1.611599e+00	-1.049920e-01
3.040000e-01	-7.535087e-01	7.085665e-01	-1.717017e+00	-1.612017e+00	-1.049997e-01
3.050000e-01	-7.536822e-01	7.087278e-01	-1.717358e+00	-1.612361e+00	-1.049970e-01
3.060000e-01	-7.538756e-01	7.089001e-01	-1.717760e+00	-1.612755e+00	-1.050042e-01
3.070000e-01	-7.540559e-01	7.090735e-01	-1.718096e+00	-1.613104e+00	-1.049920e-01
3.080000e-01	-7.542578e-01	7.092594e-01	-1.718498e+00	-1.613507e+00	-1.049914e-01
3.090000e-01	-7.544369e-01	7.094328e-01	-1.718829e+00	-1.613851e+00	-1.049775e-01
3.100000e-01	-7.546245e-01	7.096032e-01	-1.719201e+00	-1.614225e+00	-1.049759e-01
3.110000e-01	-7.547836e-01	7.097557e-01	-1.719496e+00	-1.614531e+00	-1.049643e-01
3.120000e-01	-7.549629e-01	7.099183e-01	-1.719865e+00	-1.614895e+00	-1.049694e-01
3.130000e-01	-7.551128e-01	7.100615e-01	-1.720145e+00	-1.615185e+00	-1.049598e-01
3.140000e-01	-7.552851e-01	7.102168e-01	-1.720495e+00	-1.615533e+00	-1.049623e-01
3.150000e-01	-7.554356e-01	7.103627e-01	-1.720762e+00	-1.615816e+00	-1.049451e-01
3.160000e-01	-7.555990e-01	7.105098e-01	-1.721099e+00	-1.616148e+00	-1.049502e-01
3.170000e-01	-7.557353e-01	7.106422e-01	-1.721349e+00	-1.616410e+00	-1.049391e-01
3.180000e-01	-7.558929e-01	7.107849e-01	-1.721669e+00	-1.616727e+00	-1.049416e-01
3.190000e-01	-7.560357e-01	7.109243e-01	-1.721925e+00	-1.616998e+00	-1.049268e-01
3.200000e-01	-7.561922e-01	7.110658e-01	-1.722245e+00	-1.617315e+00	-1.049301e-01
3.210000e-01	-7.563197e-01	7.111888e-01	-1.722481e+00	-1.617560e+00	-1.049207e-01
3.220000e-01	-7.564523e-01	7.113061e-01	-1.722758e+00	-1.617832e+00	-1.049269e-01
3.230000e-01	-7.565684e-01	7.114185e-01	-1.722973e+00	-1.618055e+00	-1.049183e-01
3.240000e-01	-7.567040e-01	7.115402e-01	-1.723252e+00	-1.618330e+00	-1.049220e-01
3.250000e-01	-7.568190e-01	7.116517e-01	-1.723465e+00	-1.618551e+00	-1.049135e-01
3.260000e-01	-7.569561e-01	7.117763e-01	-1.723744e+00	-1.618828e+00	-1.049160e-01
3.270000e-01	-7.570773e-01	7.118963e-01	-1.723962e+00	-1.619058e+00	-1.049037e-01
3.280000e-01	-7.572181e-01	7.120252e-01	-1.724242e+00	-1.619339e+00	-1.049031e-01
3.290000e-01	-7.573217e-01	7.121257e-01	-1.724431e+00	-1.619537e+00	-1.048937e-01
3.300000e-01	-7.574330e-01	7.122220e-01	-1.724670e+00	-1.619768e+00	-1.049021e-01
3.310000e-01	-7.575286e-01	7.123139e-01	-1.724847e+00	-1.619952e+00	-1.048947e-01
3.320000e-01	-7.576490e-01	7.124224e-01	-1.725091e+00	-1.620194e+00	-1.048963e-01
3.330000e-01	-7.577483e-01	7.125206e-01	-1.725269e+00	-1.620383e+00	-1.048864e-01
3.340000e-01	-7.578654e-01	7.126266e-01	-1.725502e+00	-1.620616e+00	-1.048855e-01
3.350000e-01	-7.579557e-01	7.127163e-01	-1.725666e+00	-1.620789e+00	-1.048773e-01
3.360000e-01	-7.580555e-01	7.128042e-01	-1.725885e+00	-1.620998e+00	-1.048870e-01
3.370000e-01	-7.581365e-01	7.128823e-01	-1.726033e+00	-1.621153e+00	-1.048802e-01
3.380000e-01	-7.582387e-01	7.129721e-01	-1.726246e+00	-1.621362e+00	-1.048845e-01
3.390000e-01	-7.583249e-01	7.130562e-01	-1.726396e+00	-1.621523e+00	-1.048733e-01
3.400000e-01	-7.584332e-01	7.131549e-01	-1.726620e+00	-1.621743e+00	-1.048769e-01
3.410000e-01	-7.585215e-01	7.132439e-01	-1.726773e+00	-1.621908e+00	-1.048649e-01
3.420000e-01	-7.586218e-01	7.133351e-01	-1.726975e+00	-1.622109e+00	-1.048656e-01
3.430000e-01	-7.586956e-01	7.134069e-01	-1.727107e+00	-1.622249e+00	-1.048581e-01
3.440000e-01	-7.587773e-01	7.134772e-01	-1.727287e+00	-1.622421e+00	-1.048662e-01
3.450000e-01	-7.588396e-01	7.135382e-01	-1.727404e+00	-1.622541e+00	-1.048622e-01
3.460000e-01	-7.589200e-01	7.136086e-01	-1.727580e+00	-1.622710e+00	-1.048700e-01
3.470000e-01	-7.589894e-01	7.136784e-01	-1.727699e+00	-1.622839e+00	-1.048600e-01
3.480000e-01	-7.590854e-01	7.137657e-01	-1.727894e+00	-1.623032e+00	-1.048617e-01
3.490000e-01	-7.591534e-01	7.138335e-01	-1.728007e+00	-1.623157e+00	-1.048499e-01
3.500000e-01	-7.592321e-01	7.139032e-01	-1.728173e+00	-1.623318e+00	-1.048543e-01
3.510000e-01	-7.592950e-01	7.139670e-01	-1.728280e+00	-1.623435e+00	-1.048452e-01
3.520000e-01	-7.593781e-01	7.140398e-01	-1.728459e+00	-1.623607e+00	-1.048512e-01
3.530000e-01	-7.594388e-01	7.140999e-01	-1.728560e+00	-1.623719e+00	-1.048414e-01
3.540000e-01	-7.595095e-01	7.141596e-01	-1.728715e+00	-1.623867e+00	-1.048479e-01
3.550000e-01	-7.595610e-01	7.142126e-01	-1.728799e+00	-1.623960e+00	-1.048384e-01
3.560000e-01	-7.596331e-01	7.142762e-01	-1.728954e+00	-1.624110e+00	-1.048441e-01
3.570000e-01	-7.596825e-01	7.143266e-01	-1.729040e+00	-1.624202e+00	-1.048374e-01
3.580000e-01	-7.597496e-01	7.143848e-01	-1.729186e+00	-1.624342e+00	-1.048432e-01
3.590000e-01	-7.597922e-01	7.144289e-01	-1.729255e+00	-1.624420e+00	-1.048351e-01
3.600000e-01	-7.598636e-01	7.144923e-01	-1.729406e+00	-1.624566e+00	-1.048393e-01
3.610000e-01	-7.599188e-01	7.145502e-01	-1.729490e+00	-1.624664e+00	-1.048260e-01
3.620000e-01	-7.599939e-01	7.146173e-01	-1.729646e+00	-1.624817e+00	-1.048290e-01
3.630000e-01	-7.600373e-01	7.146628e-01	-1.729713e+00	-1.624894e+00	-1.048195e-01
3.640000e-01	-7.600887e-01	7.147052e-01	-1.729835e+00	-1.625006e+00	-1.048289e-01
3.650000e-01	-7.601219e-01	7.147385e-01	-1.729886e+00	-1.625065e+00	-1.048212e-01
3.660000e-01	-7.601901e-01	7.147980e-01	-1.730030e+00	-1.625205e+00	-1.048249e-01
3.670000e-01	-7.602302e-01	7.148407e-01	-1.730091e+00	-1.625276e+00	-1.048154e-01
3.680000e-01	-7.602841e-01	7.148875e-01	-1.730214e+00	-1.625391e+00	-1.048231e-01
3.690000e-01	-7.603159e-01	7.149215e-01	-1.730264e+00	-1.625448e+00	-1.048160e-01
3.700000e-01	-7.603676e-01	7.149648e-01	-1.730381e+00	-1.625558e+00	-1.048229e-01
3.710000e-01	-7.604124e-01	7.150109e-01	-1.730449e+00	-1.625637e+00	-1.048121e-01
3.720000e-01	-7.604699e-01	7.150601e-01	-1.730577e+00	-1.625758e+00	-1.048185e-01
3.730000e-01	-7.605067e-01	7.151003e-01	-1.730629e+00	-1.625821e+00	-1.048077e-01
3.740000e-01	-7.605620e-01	7.151490e-01	-1.730746e+00	-1.625935e+00	-1.048110e-01
3.750000e-01	-7.605956e-01	7.151865e-01	-1.730795e+00	-1.625993e+00	-1.048020e-01
3.760000e-01	-7.606435e-01	7.152260e-01	-1.730908e+00	-1.626097e+00	-1.048104e-01
3.770000e-01	-7.606669e-01	7.152496e-01	-1.730947e+00	-1.626141e+00	-1.048068e-01
3.780000e-01	-7.607083e-01	7.152819e-01	-1.731046e+00	-1.626231e+00	-1.048147e-01
3.790000e-01	-7.607343e-01	7.153114e-01	-1.731076e+00	-1.626272e+00	-1.048037e-01
3.800000e-01	-7.607903e-01	7.153604e-01	-1.731199e+00	-1.626390e+00	-1.048092e-01
3.810000e-01	-7.608183e-01	7.153921e-01	-1.731234e+00	-1.626435e+00	-1.047986e-01
3.820000e-01	-7.608555e-01	7.154213e-01	-1.731324e+00	-1.626518e+00	-1.048068e-01
3.830000e-01	-7.608736e-01	7.154432e-01	-1.731350e+00	-1.626548e+00	-1.048012e-01
3.840000e-01	-7.609193e-01	7.154817e-01	-1.731456e+00	-1.626647e+00	-1.048086e-01
3.850000e-01	-7.609477e-01	7.155130e-01	-1.731491e+00	-1.626693e+00	-1.047979e-01
3.860000e-01	-7.609942e-01	7.155501e-01	-1.731598e+00	-1.626793e+00	-1.048049e-01
3.870000e-01	-7.610182e-01	7.155780e-01	-1.731631e+00	-1.626834e+00	-1.047970e-01
3.880000e-01	-7.610657e-01	7.156194e-01	-1.731738e+00	-1.626935e+00	-1.048033e-01
3.890000e-01	-7.610824e-01	7.156402e-01	-1.731755e+00	-1.626960e+00	-1.047949e-01
3.900000e-01	-7.611188e-01	7.156667e-01	-1.731848e+00	-1.627043e+00	-1.048051e-01
3.910000e-01	-7.611325e-01	7.156832e-01	-1.731856e+00	-1.627060e+00	-1.047955e-01
3.920000e-01	-7.611784e-01	7.157223e-01	-1.731958e+00	-1.627157e+00	-1.048006e-01
3.930000e-01	-7.611988e-01	7.157480e-01	-1.731982e+00	-1.627190e+00	-1.047920e-01
3.940000e-01	-7.612301e-01	7.157718e-01	-1.732057e+00	-1.627259e+00	-1.047986e-01
3.950000e-01	-7.612419e-01	7.157871e-01	-1.732062e+00	-1.627273e+00	-1.047893e-01
3.960000e-01	-7.612810e-01	7.158187e-01	-1.732159e+00	-1.627360e+00	-1.047983e-01
3.970000e-01	-7.612987e-01	7.158411e-01	-1.732179e+00	-1.627388e+00	-1.047906e-01
3.980000e-01	-7.613355e-01	7.158715e-01	-1.732256e+00	-1.627463e+00	-1.047925e-01
3.990000e-01	-7.613506e-01	7.158900e-01	-1.732268e+00	-1.627485e+00	-1.047836e-01
4.000000e-01	-7.613797e-01	7.159107e-01	-1.732351e+00	-1.627555e+00	-1.047956e-01
4.010000e-01	-7.613923e-01	7.159275e-01	-1.732361e+00	-1.627573e+00	-1.047883e-01
4.020000e-01	-7.614239e-01	7.159520e-01	-1.732441e+00	-1.627644e+00	-1.047966e-01
4.030000e-01	-7.614392e-01	7.159729e-01	-1.732448e+00	-1.627663e+00	-1.047847e-01
4.040000e-01	-7.614828e-01	7.160103e-01	-1.732546e+00	-1.627756e+00	-1.047903e-01
4.050000e-01	-7.614994e-01	7.160300e-01	-1.732560e+00	-1.627779e+00	-1.047805e-01
4.060000e-01	-7.615302e-01	7.160530e-01	-1.732633e+00	-1.627847e+00	-1.047865e-01
4.070000e-01	-7.615423e-01	7.160699e-01	-1.732637e+00	-1.627861e+00	-1.047761e-01
4.080000e-01	-7.615658e-01	7.160851e-01	-1.732711e+00	-1.627921e+00	-1.047896e-01
4.090000e-01	-7.615672e-01	7.160901e-01	-1.732705e+00	-1.627920e+00	-1.047852e-01
4.100000e-01	-7.615951e-01	7.161107e-01	-1.732774e+00	-1.627982e+00	-1.047917e-01
4.110000e-01	-7.616071e-01	7.161276e-01	-1.732783e+00	-1.627999e+00	-1.047844e-01
4.120000e-01	-7.616394e-01	7.161545e-01	-1.732864e+00	-1.628071e+00	-1.047925e-01
4.130000e-01	-7.616496e-01	7.161711e-01	-1.732857e+00	-1.628078e+00	-1.047790e-01
4.140000e-01	-7.616748e-01	7.161892e-01	-1.732919e+00	-1.628134e+00	-1.047848e-01
4.150000e-01	-7.616798e-01	7.161975e-01	-1.732911e+00	-1.628135e+00	-1.047758e-01
4.160000e-01	-7.617074e-01	7.162179e-01	-1.732983e+00	-1.628199e+00	-1.047840e-01
4.170000e-01	-7.617190e-01	7.162337e-01	-1.732994e+00	-1.628216e+00	-1.047781e-01
4.180000e-01	-7.617412e-01	7.162495e-01	-1.733057e+00	-1.628270e+00	-1.047873e-01
4.190000e-01	-7.617442e-01	7.162571e-01	-1.733045e+00	-1.628267e+00	-1.047785e-01
4.200000e-01	-7.617685e-01	7.162743e-01	-1.733111e+00	-1.628324e+00	-1.047870e-01
4.210000e-01	-7.617710e-01	7.162811e-01	-1.733099e+00	-1.628321e+00	-1.047786e-01
4.220000e-01	-7.617966e-01	7.163010e-01	-1.733160e+00	-1.628376e+00	-1.047832e-01
4.230000e-01	-7.618048e-01	7.163141e-01	-1.733156e+00	-1.628383e+00	-1.047732e-01
4.240000e-01	-7.618336e-01	7.163372e-01	-1.733228e+00	-1.628448e+00	-1.047806e-01
4.250000e-01	-7.618415e-01	7.163490e-01	-1.733224e+00	-1.628454e+00	-1.047707e-01
4.260000e-01	-7.618625e-01	7.163627e-01	-1.733294e+00	-1.628509e+00	-1.047845e-01
4.270000e-01	-7.618638e-01	7.163678e-01	-1.733287e+00	-1.628507e+00	-1.047796e-01
4.280000e-01	-7.618903e-01	7.163893e-01	-1.733354e+00	-1.628567e+00	-1.047865e-01
4.290000e-01	-7.618937e-01	7.163970e-01	-1.733341e+00	-1.628564e+00	-1.047769e-01
4.300000e-01	-7.619161e-01	7.164134e-01	-1.733394e+00	-1.628613e+00	-1.047809e-01
4.310000e-01	-7.619167e-01	7.164187e-01	-1.733370e+00	-1.628601e+00	-1.047682e-01
4.320000e-01	-7.619372e-01	7.164337e-01	-1.733432e+00	-1.628653e+00	-1.047789e-01
4.330000e-01	-7.619334e-01	7.164346e-01	-1.733411e+00	-1.628639e+00	-1.047720e-01
4.340000e-01	-7.619479e-01	7.164428e-01	-1.733457e+00	-1.628676e+00	-1.047806e-01
4.350000e-01	-7.619471e-01	7.164459e-01	-1.733443e+00	-1.628669e+00	-1.047744e-01
4.360000e-01	-7.619785e-01	7.164726e-01	-1.733517e+00	-1.628737e+00	-1.047799e-01
4.370000e-01	-7.619833e-01	7.164819e-01	-1.733510e+00	-1.628738e+00	-1.047718e-01
4.380000e-01	-7.620063e-01	7.164986e-01	-1.733570e+00	-1.628791e+00	-1.047787e-01
4.390000e-01	-7.620064e-01	7.165030e-01	-1.733549e+00	-1.628781e+00	-1.047680e-01
4.400000e-01	-7.620287e-01	7.165190e-01	-1.733611e+00	-1.628834e+00	-1.047769e-01
4.410000e-01	-7.620276e-01	7.165218e-01	-1.733596e+00	-1.628826e+00	-1.047704e-01
4.420000e-01	-7.620432e-01	7.165311e-01	-1.733646e+00	-1.628866e+00	-1.047798e-01
4.430000e-01	-7.620427e-01	7.165351e-01	-1.733627e+00	-1.628856e+00	-1.047709e-01
4.440000e-01	-7.620600e-01	7.165479e-01	-1.733680e+00	-1.628900e+00	-1.047800e-01
4.450000e-01	-7.620557e-01	7.165490e-01	-1.733650e+00	-1.628881e+00	-1.047695e-01
4.460000e-01	-7.620705e-01	7.165590e-01	-1.733692e+00	-1.628917e+00	-1.047757e-01
4.470000e-01	-7.620701e-01	7.165623e-01	-1.733678e+00	-1.628909e+00	-1.047691e-01
4.480000e-01	-7.620974e-01	7.165845e-01	-1.733742e+00	-1.628968e+00	-1.047735e-01
4.490000e-01	-7.621051e-01	7.165971e-01	-1.733734e+00	-1.628972e+00	-1.047618e-01
4.500000e-01	-7.621217e-01	7.166073e-01	-1.733788e+00	-1.629016e+00	-1.047725e-01
4.510000e-01	-7.621169e-01	7.166067e-01	-1.733765e+00	-1.629000e+00	-1.047658e-01
4.520000e-01	-7.621292e-01	7.166147e-01	-1.733808e+00	-1.629033e+00	-1.047749e-01
4.530000e-01	-7.621205e-01	7.166097e-01	-1.733782e+00	-1.629011e+00	-1.047703e-01
4.540000e-01	-7.621370e-01	7.166206e-01	-1.733825e+00	-1.629050e+00	-1.047757e-01
4.550000e-01	-7.621308e-01	7.166193e-01	-1.733789e+00	-1.629025e+00	-1.047638e-01
4.560000e-01	-7.621495e-01	7.166327e-01	-1.733848e+00	-1.629073e+00	-1.047743e-01
4.570000e-01	-7.621531e-01	7.166417e-01	-1.733835e+00	-1.629070e+00	-1.047643e-01
4.580000e-01	-7.621745e-01	7.166586e-01	-1.733888e+00	-1.629119e+00	-1.047695e-01
4.590000e-01	-7.621688e-01	7.166564e-01	-1.733860e+00	-1.629099e+00	-1.047610e-01
4.600000e-01	-7.621829e-01	7.166644e-01	-1.733907e+00	-1.629136e+00	-1.047705e-01
4.610000e-01	-7.621785e-01	7.166646e-01	-1.733880e+00	-1.629118e+00	-1.047613e-01
4.620000e-01	-7.621958e-01	7.166772e-01	-1.733932e+00	-1.629162e+00	-1.047701e-01
4.630000e-01	-7.621909e-01	7.166768e-01	-1.733903e+00	-1.629143e+00	-1.047609e-01
4.640000e-01	-7.622059e-01	7.166871e-01	-1.733951e+00	-1.629182e+00	-1.047698e-01
4.650000e-01	-7.621953e-01	7.166797e-01	-1.733923e+00	-1.629157e+00	-1.047660e-01
4.660000e-01	-7.622128e-01	7.166934e-01	-1.733964e+00	-1.629195e+00	-1.047692e-01
4.670000e-01	-7.622142e-01	7.166996e-01	-1.733945e+00	-1.629187e+00	-1.047584e-01
4.680000e-01	-7.622346e-01	7.167150e-01	-1.734002e+00	-1.629235e+00	-1.047662e-01
4.690000e-01	-7.622320e-01	7.167161e-01	-1.733982e+00	-1.629223e+00	-1.047592e-01
4.700000e-01	-7.622455e-01	7.167239e-01	-1.734023e+00	-1.629257e+00	-1.047661e-01
4.710000e-01	-7.622369e-01	7.167189e-01	-1.733994e+00	-1.629234e+00	-1.047603e-01
4.720000e-01	-7.622524e-01	7.167304e-01	-1.734044e+00	-1.629275e+00	-1.047697e-01
4.730000e-01	-7.622386e-01	7.167201e-01	-1.734005e+00	-1.629241e+00	-1.047636e-01
4.740000e-01	-7.622456e-01	7.167215e-01	-1.734037e+00	-1.629264e+00	-1.047730e-01
4.750000e-01	-7.622422e-01	7.167227e-01	-1.734013e+00	-1.629248e+00	-1.047641e-01
4.760000e-01	-7.622688e-01	7.167474e-01	-1.734072e+00	-1.629305e+00	-1.047672e-01
4.770000e-01	-7.622769e-01	7.167606e-01	-1.734067e+00	-1.629311e+00	-1.047568e-01
4.780000e-01	-7.622917e-01	7.167701e-01	-1.734107e+00	-1.629345e+00	-1.047617e-01
4.790000e-01	-7.622843e-01	7.167651e-01	-1.734077e+00	-1.629323e+00	-1.047540e-01
4.800000e-01	-7.622912e-01	7.167659e-01	-1.734113e+00	-1.629348e+00	-1.047653e-01
4.810000e-01	-7.622807e-01	7.167592e-01	-1.734083e+00	-1.629322e+00	-1.047610e-01
4.820000e-01	-7.622845e-01	7.167586e-01	-1.734111e+00	-1.629340e+00	-1.047711e-01
4.830000e-01	-7.622734e-01	7.167520e-01	-1.734077e+00	-1.629312e+00	-1.047650e-01
4.840000e-01	-7.622939e-01	7.167689e-01	-1.734131e+00	-1.629359e+00	-1.047716e-01
4.850000e-01	-7.622906e-01	7.167701e-01	-1.734104e+00	-1.629343e+00	-1.047615e-01
4.860000e-01	-7.623028e-01	7.167778e-01	-1.734142e+00	-1.629374e+00	-1.047682e-01
4.870000e-01	-7.623051e-01	7.167848e-01	-1.734125e+00	-1.629368e+00	-1.047576e-01
4.880000e-01	-7.623243e-01	7.167993e-01	-1.734176e+00	-1.629412e+00	-1.047638e-01
4.890000e-01	-7.623259e-01	7.168043e-01	-1.734163e+00	-1.629407e+00	-1.047555e-01
4.900000e-01	-7.623310e-01	7.168039e-01	-1.734191e+00	-1.629427e+00	-1.047647e-01
4.910000e-01	-7.623174e-01	7.167942e-01	-1.734156e+00	-1.629395e+00	-1.047606e-01
4.920000e-01	-7.623250e-01	7.167979e-01	-1.734198e+00	-1.629424e+00	-1.047741e-01
4.930000e-01	-7.623183e-01	7.167951e-01	-1.734167e+00	-1.629402e+00	-1.047653e-01
4.940000e-01	-7.623293e-01	7.168012e-01	-1.734197e+00	-1.629428e+00	-1.047690e-01
4.950000e-01	-7.623218e-01	7.167965e-01	-1.734168e+00	-1.629406e+00	-1.047622e-01
4.960000e-01	-7.623369e-01	7.168082e-01	-1.734214e+00	-1.629444e+00	-1.047700e-01
4.970000e-01	-7.623383e-01	7.168154e-01	-1.734192e+00	-1.629434e+00	-1.047577e-01
4.980000e-01	-7.623521e-01	7.168256e-01	-1.734232e+00	-1.629468e+00	-1.047639e-01
4.990000e-01	-7.623408e-01	7.168181e-01	-1.734193e+00	-1.629437e+00	-1.047556e-01
5.000000e-01	-7.623508e-01	7.168236e-01	-1.734232e+00	-1.629467e+00	-1.047654e-01
5.010000e-01	-7.623456e-01	7.168219e-01	-1.734207e+00	-1.629449e+00	-1.047579e-01
5.020000e-01	-7.623577e-01	7.168296e-01	-1.734250e+00	-1.629483e+00	-1.047673e-01
5.030000e-01	-7.623492e-01	7.168245e-01	-1.734214e+00	-1.629456e+00	-1.047580e-01
5.040000e-01	-7.623645e-01	7.168356e-01	-1.734265e+00	-1.629497e+00	-1.047681e-01
5.050000e-01	-7.623524e-01	7.168268e-01	-1.734224e+00	-1.629465e+00	-1.047598e-01
5.060000e-01	-7.623557e-01	7.168255e-01	-1.734245e+00	-1.629478e+00	-1.047669e-01
5.070000e-01	-7.623501e-01	7.168242e-01	-1.734215e+00	-1.629458e+00	-1.047575e-01
5.080000e-01	-7.623673e-01	7.168383e-01	-1.734267e+00	-1.629501e+00	-1.047663e-01
5.090000e-01	-7.623636e-01	7.168393e-01	-1.734236e+00	-1.629482e+00	-1.047546e-01
5.100000e-01	-7.623720e-01	7.168432e-01	-1.734274e+00	-1.629509e+00	-1.047652e-01
5.110000e-01	-7.623598e-01	7.168346e-01	-1.734236e+00	-1.629478e+00	-1.047583e-01
5.120000e-01	-7.623715e-01	7.168421e-01	-1.734277e+00	-1.629510e+00	-1.047669e-01
5.130000e-01	-7.623698e-01	7.168449e-01	-1.734255e+00	-1.629497e+00	-1.047576e-01
5.140000e-01	-7.623848e-01	7.168562e-01	-1.734295e+00	-1.629532e+00	-1.047628e-01
5.150000e-01	-7.623743e-01	7.168485e-01	-1.734260e+00	-1.629504e+00	-1.047555e-01
5.160000e-01	-7.623840e-01	7.168541e-01	-1.734303e+00	-1.629536e+00	-1.047675e-01
5.170000e-01	-7.623797e-01	7.168540e-01	-1.734279e+00	-1.629519e+00	-1.047598e-01
5.180000e-01	-7.623871e-01	7.168578e-01	-1.734309e+00	-1.629541e+00	-1.047672e-01
5.190000e-01	-7.623766e-01	7.168504e-01	-1.734272e+00	-1.629512e+00	-1.047592e-01
5.200000e-01	-7.623873e-01	7.168569e-01	-1.734308e+00	-1.629541e+00	-1.047667e-01
5.210000e-01	-7.623777e-01	7.168504e-01	-1.734270e+00	-1.629513e+00	-1.047575e-01
5.220000e-01	-7.623885e-01	7.168571e-01	-1.734311e+00	-1.629544e+00	-1.047672e-01
5.230000e-01	-7.623877e-01	7.168610e-01	-1.734286e+00	-1.629531e+00	-1.047555e-01
5.240000e-01	-7.623991e-01	7.168694e-01	-1.734324e+00	-1.629561e+00	-1.047628e-01
5.250000e-01	-7.623950e-01	7.168691e-01	-1.734302e+00	-1.629546e+00	-1.047558e-01
5.260000e-01	-7.624001e-01	7.168692e-01	-1.734328e+00	-1.629564e+00	-1.047639e-01
5.270000e-01	-7.623878e-01	7.168602e-01	-1.734287e+00	-1.629531e+00	-1.047558e-01
5.280000e-01	-7.623996e-01	7.168682e-01	-1.734331e+00	-1.629565e+00	-1.047661e-01
5.290000e-01	-7.624007e-01	7.168742e-01	-1.734314e+00	-1.629557e+00	-1.047561e-01
5.300000e-01	-7.624113e-01	7.168810e-01	-1.734347e+00	-1.629585e+00	-1.047622e-01
5.310000e-01	-7.623957e-01	7.168685e-01	-1.734308e+00	-1.629549e+00	-1.047581e-01
5.320000e-01	-7.624003e-01	7.168688e-01	-1.734338e+00	-1.629569e+00	-1.047688e-01
5.330000e-01	-7.623865e-01	7.168579e-01	-1.734301e+00	-1.629537e+00	-1.047640e-01
5.340000e-01	-7.623955e-01	7.168620e-01	-1.734337e+00	-1.629564e+00	-1.047731e-01
5.350000e-01	-7.623962e-01	7.168672e-01	-1.734313e+00	-1.629553e+00	-1.047602e-01
5.360000e-01	-7.624176e-01	7.168862e-01	-1.734361e+00	-1.629598e+00	-1.047630e-01
5.370000e-01	-7.624142e-01	7.168867e-01	-1.734339e+00	-1.629584e+00	-1.047553e-01
5.380000e-01	-7.624275e-01	7.168957e-01	-1.734376e+00	-1.629616e+00	-1.047605e-01
5.390000e-01	-7.624132e-01	7.168842e-01	-1.734337e+00	-1.629582e+00	-1.047554e-01
5.400000e-01	-7.624159e-01	7.168827e-01	-1.734367e+00	-1.629599e+00	-1.047675e-01
5.410000e-01	-7.624040e-01	7.168746e-01	-1.734330e+00	-1.629569e+00	-1.047610e-01
5.420000e-01	-7.624120e-01	7.168787e-01	-1.734360e+00	-1.629592e+00	-1.047681e-01
5.430000e-01	-7.624074e-01	7.168779e-01	-1.734331e+00	-1.629573e+00	-1.047579e-01
5.440000e-01	-7.624255e-01	7.168932e-01	-1.734374e+00	-1.629612e+00	-1.047613e-01
5.450000e-01	-7.624194e-01	7.168902e-01	-1.734351e+00	-1.629595e+00	-1.047563e-01
5.460000e-01	-7.624241e-01	7.168905e-01	-1.734381e+00	-1.629615e+00	-1.047667e-01
5.470000e-01	-7.624096e-01	7.168789e-01	-1.734338e+00	-1.629579e+00	-1.047593e-01
5.480000e-01	-7.624183e-01	7.168836e-01	-1.734372e+00	-1.629604e+00	-1.047676e-01
5.490000e-01	-7.624100e-01	7.168795e-01	-1.734340e+00	-1.629580e+00	-1.047601e-01
5.500000e-01	-7.624262e-01	7.168919e-01	-1.734383e+00	-1.629618e+00	-1.047652e-01
5.510000e-01	-7.624260e-01	7.168953e-01	-1.734365e+00	-1.629608e+00	-1.047564e-01
5.520000e-01	-7.624322e-01	7.168974e-01	-1.734399e+00	-1.629632e+00	-1.047672e-01
5.530000e-01	-7.624217e-01	7.168898e-01	-1.734371e+00	-1.629607e+00	-1.047640e-01
5.540000e-01	-7.624275e-01	7.168920e-01	-1.734393e+00	-1.629624e+00	-1.047689e-01
5.550000e-01	-7.624188e-01	7.168873e-01	-1.734362e+00	-1.629600e+00	-1.047620e-01
5.560000e-01	-7.624351e-01	7.169012e-01	-1.734400e+00	-1.629635e+00	-1.047648e-01
5.570000e-01	-7.624283e-01	7.168980e-01	-1.734369e+00	-1.629613e+00	-1.047562e-01
5.580000e-01	-7.624346e-01	7.168993e-01	-1.734397e+00	-1.629633e+00	-1.047640e-01
5.590000e-01	-7.624215e-01	7.168901e-01	-1.734362e+00	-1.629602e+00	-1.047595e-01
5.600000e-01	-7.624321e-01	7.168973e-01	-1.734393e+00	-1.629628e+00	-1.047642e-01
5.610000e-01	-7.624249e-01	7.168948e-01	-1.734366e+00	-1.629608e+00	-1.047583e-01
5.620000e-01	-7.624316e-01	7.168974e-01	-1.734398e+00	-1.629630e+00	-1.047674e-01
5.630000e-01	-7.624234e-01	7.168921e-01	-1.734368e+00	-1.629607e+00	-1.047607e-01
5.640000e-01	-7.624322e-01	7.168964e-01	-1.734401e+00	-1.629633e+00	-1.047685e-01
5.650000e-01	-7.624233e-01	7.168908e-01	-1.734371e+00	-1.629609e+00	-1.047621e-01
5.660000e-01	-7.624400e-01	7.169038e-01	-1.734414e+00	-1.629647e+00	-1.047668e-01
5.670000e-01	-7.624343e-01	7.169030e-01	-1.734387e+00	-1.629628e+00	-1.047591e-01
5.680000e-01	-7.624433e-01	7.169083e-01	-1.734419e+00	-1.629653e+00	-1.047664e-01
5.690000e-01	-7.624338e-01	7.169023e-01	-1.734384e+00	-1.629626e+00	-1.047585e-01
5.700000e-01	-7.624357e-01	7.169005e-01	-1.734405e+00	-1.629638e+00	-1.047669e-01
5.710000e-01	-7.624276e-01	7.168967e-01	-1.734374e+00	-1.629615e+00	-1.047596e-01
5.720000e-01	-7.624388e-01	7.169049e-01	-1.734407e+00	-1.629643e+00	-1.047649e-01
5.730000e-01	-7.624263e-01	7.168961e-01	-1.734370e+00	-1.629612e+00	-1.047589e-01
5.740000e-01	-7.624361e-01	7.169010e-01	-1.734407e+00	-1.629640e+00	-1.047675e-01
5.750000e-01	-7.624305e-01	7.168980e-01	-1.734381e+00	-1.629621e+00	-1.047602e-01
5.760000e-01	-7.624497e-01	7.169142e-01	-1.734428e+00	-1.629664e+00	-1.047644e-01
5.770000e-01	-7.624436e-01	7.169129e-01	-1.734399e+00	-1.629643e+00	-1.047560e-01
5.780000e-01	-7.624468e-01	7.169116e-01	-1.734421e+00	-1.629658e+00	-1.047639e-01
5.790000e-01	-7.624293e-01	7.168975e-01	-1.734382e+00	-1.629620e+00	-1.047615e-01
5.800000e-01	-7.624430e-01	7.169080e-01	-1.734425e+00	-1.629655e+00	-1.047693e-01
5.810000e-01	-7.624364e-01	7.169053e-01	-1.734393e+00	-1.629633e+00	-1.047601e-01
5.820000e-01	-7.624436e-01	7.169086e-01	-1.734419e+00	-1.629653e+00	-1.047658e-01
5.830000e-01	-7.624367e-01	7.169063e-01	-1.734387e+00	-1.629630e+00	-1.047568e-01
5.840000e-01	-7.624462e-01	7.169116e-01	-1.734419e+00	-1.629656e+00	-1.047635e-01
5.850000e-01	-7.624398e-01	7.169090e-01	-1.734396e+00	-1.629638e+00	-1.047582e-01
5.860000e-01	-7.624473e-01	7.169112e-01	-1.734426e+00	-1.629660e+00	-1.047657e-01
5.870000e-01	-7.624373e-01	7.169047e-01	-1.734394e+00	-1.629634e+00	-1.047598e-01
5.880000e-01	-7.624452e-01	7.169090e-01	-1.734425e+00	-1.629658e+00	-1.047674e-01
5.890000e-01	-7.624375e-01	7.169063e-01	-1.734392e+00	-1.629634e+00	-1.047587e-01
5.900000e-01	-7.624517e-01	7.169166e-01	-1.734428e+00	-1.629666e+00	-1.047623e-01
5.910000e-01	-7.624423e-01	7.169110e-01	-1.734399e+00	-1.629642e+00	-1.047571e-01
5.920000e-01	-7.624492e-01	7.169140e-01	-1.734432e+00	-1.629665e+00	-1.047666e-01
5.930000e-01	-7.624440e-01	7.169133e-01	-1.734407e+00	-1.629647e+00	-1.047594e-01
5.940000e-01	-7.624430e-01	7.169077e-01	-1.734417e+00	-1.629651e+00	-1.047654e-01
5.950000e-01	-7.624272e-01	7.168953e-01	-1.734377e+00	-1.629616e+00	-1.047611e-01
5.960000e-01	-7.624461e-01	7.169100e-01	-1.734426e+00	-1.629659e+00	-1.047668e-01
5.970000e-01	-7.624478e-01	7.169165e-01	-1.734410e+00	-1.629653e+00	-1.047570e-01
5.980000e-01	-7.624593e-01	7.169241e-01	-1.734441e+00	-1.629680e+00	-1.047610e-01
5.990000e-01	-7.624536e-01	7.169220e-01	-1.734416e+00	-1.629661e+00	-1.047542e-01
6.000000e-01	-7.624593e-01	7.169234e-01	-1.734450e+00	-1.629684e+00	-1.047655e-01
6.010000e-01	-7.624410e-01	7.169080e-01	-1.734408e+00	-1.629645e+00	-1.047632e-01
6.020000e-01	-7.624492e-01	7.169114e-01	-1.734437e+00	-1.629668e+00	-1.047692e-01
6.030000e-01	-7.624407e-01	7.169078e-01	-1.734403e+00	-1.629642e+00	-1.047606e-01
6.040000e-01	-7.624515e-01	7.169162e-01	-1.734433e+00	-1.629668e+00	-1.047650e-01
6.050000e-01	-7.624503e-01	7.169192e-01	-1.734412e+00	-1.629656e+00	-1.047559e-01
6.060000e-01	-7.624546e-01	7.169182e-01	-1.734436e+00	-1.629672e+00	-1.047632e-01
6.070000e-01	-7.624395e-01	7.169062e-01	-1.734395e+00	-1.629637e+00	-1.047578e-01
6.080000e-01	-7.624552e-01	7.169185e-01	-1.734439e+00	-1.629675e+00	-1.047644e-01
6.090000e-01	-7.624545e-01	7.169234e-01	-1.734420e+00	-1.629664e+00	-1.047555e-01
6.100000e-01	-7.624615e-01	7.169266e-01	-1.734446e+00	-1.629684e+00	-1.047613e-01
6.110000e-01	-7.624489e-01	7.169169e-01	-1.734411e+00	-1.629655e+00	-1.047569e-01
6.120000e-01	-7.624492e-01	7.169119e-01	-1.734440e+00	-1.629669e+00	-1.047707e-01
6.130000e-01	-7.624252e-01	7.168908e-01	-1.734388e+00	-1.629619e+00	-1.047689e-01
6.140000e-01	-7.624353e-01	7.168968e-01	-1.734420e+00	-1.629645e+00	-1.047745e-01
6.150000e-01	-7.624402e-01	7.169071e-01	-1.734401e+00	-1.629641e+00	-1.047605e-01
6.160000e-01	-7.624641e-01	7.169287e-01	-1.734452e+00	-1.629690e+00	-1.047618e-01
6.170000e-01	-7.624634e-01	7.169325e-01	-1.734434e+00	-1.629680e+00	-1.047534e-01
6.180000e-01	-7.624670e-01	7.169316e-01	-1.734456e+00	-1.629695e+00	-1.047608e-01
6.190000e-01	-7.624462e-01	7.169143e-01	-1.734404e+00	-1.629648e+00	-1.047557e-01
6.200000e-01	-7.624548e-01	7.169182e-01	-1.734442e+00	-1.629676e+00	-1.047660e-01
6.210000e-01	-7.624521e-01	7.169194e-01	-1.734422e+00	-1.629663e+00	-1.047588e-01
6.220000e-01	-7.624601e-01	7.169219e-01	-1.734456e+00	-1.629688e+00	-1.047677e-01
6.230000e-01	-7.624498e-01	7.169155e-01	-1.734417e+00	-1.629658e+00	-1.047586e-01
6.240000e-01	-7.624580e-01	7.169210e-01	-1.734446e+00	-1.629681e+00	-1.047651e-01
6.250000e-01	-7.624427e-01	7.169104e-01	-1.734405e+00	-1.629645e+00	-1.047600e-01
6.260000e-01	-7.624490e-01	7.169127e-01	-1.734433e+00	-1.629666e+00	-1.047677e-01
6.270000e-01	-7.624388e-01	7.169063e-01	-1.734399e+00	-1.629638e+00	-1.047608e-01
6.280000e-01	-7.624518e-01	7.169155e-01	-1.734439e+00	-1.629671e+00	-1.047678e-01
6.290000e-01	-7.624498e-01	7.169181e-01	-1.734417e+00	-1.629658e+00	-1.047584e-01
6.300000e-01	-7.624648e-01	7.169293e-01	-1.734456e+00	-1.629693e+00	-1.047633e-01
6.310000e-01	-7.624559e-01	7.169237e-01	-1.734422e+00	-1.629667e+00	-1.047550e-01
6.320000e-01	-7.624593e-01	7.169212e-01	-1.734453e+00	-1.629686e+00	-1.047671e-01
6.330000e-01	-7.624467e-01	7.169115e-01	-1.734421e+00	-1.629657e+00	-1.047638e-01
6.340000e-01	-7.624493e-01	7.169103e-01	-1.734440e+00	-1.629669e+00	-1.047708e-01
6.350000e-01	-7.624449e-01	7.169125e-01	-1.734405e+00	-1.629647e+00	-1.047577e-01
6.360000e-01	-7.624573e-01	7.169223e-01	-1.734441e+00	-1.629678e+00	-1.047630e-01
6.370000e-01	-7.624555e-01	7.169249e-01	-1.734423e+00	-1.629667e+00	-1.047558e-01
6.380000e-01	-7.624566e-01	7.169204e-01	-1.734441e+00	-1.629677e+00	-1.047641e-01
6.390000e-01	-7.624468e-01	7.169138e-01	-1.734412e+00	-1.629653e+00	-1.047592e-01
6.400000e-01	-7.624580e-01	7.169215e-01	-1.734448e+00	-1.629682e+00	-1.047658e-01
6.410000e-01	-7.624532e-01	7.169209e-01	-1.734422e+00	-1.629664e+00	-1.047579e-01
6.420000e-01	-7.624675e-01	7.169312e-01	-1.734460e+00	-1.629698e+00	-1.047628e-01
6.430000e-01	-7.624514e-01	7.169186e-01	-1.734419e+00	-1.629661e+00	-1.047581e-01
6.440000e-01	-7.624540e-01	7.169178e-01	-1.734441e+00	-1.629675e+00	-1.047666e-01
6.450000e-01	-7.624453e-01	7.169130e-01	-1.734409e+00	-1.629650e+00	-1.047590e-01
6.460000e-01	-7.624584e-01	7.169225e-01	-1.734443e+00	-1.629680e+00	-1.047630e-01
6.470000e-01	-7.624595e-01	7.169271e-01	-1.734425e+00	-1.629672e+00	-1.047532e-01
6.480000e-01	-7.624675e-01	7.169308e-01	-1.734461e+00	-1.629698e+00	-1.047628e-01
6.490000e-01	-7.624552e-01	7.169208e-01	-1.734432e+00	-1.629671e+00	-1.047610e-01
6.500000e-01	-7.624553e-01	7.169170e-01	-1.734447e+00	-1.629679e+00	-1.047681e-01
6.510000e-01	-7.624478e-01	7.169144e-01	-1.734417e+00	-1.629657e+00	-1.047608e-01
6.520000e-01	-7.624603e-01	7.169244e-01	-1.734457e+00	-1.629689e+00	-1.047681e-01
6.530000e-01	-7.624457e-01	7.169137e-01	-1.734416e+00	-1.629654e+00	-1.047621e-01
6.540000e-01	-7.624490e-01	7.169125e-01	-1.734433e+00	-1.629666e+00	-1.047676e-01
6.550000e-01	-7.624490e-01	7.169171e-01	-1.734410e+00	-1.629654e+00	-1.047561e-01
6.560000e-01	-7.624658e-01	7.169311e-01	-1.734456e+00	-1.629694e+00	-1.047621e-01
6.570000e-01	-7.624545e-01	7.169230e-01	-1.734425e+00	-1.629667e+00	-1.047582e-01
6.580000e-01	-7.624571e-01	7.169200e-01	-1.734450e+00	-1.629682e+00	-1.047680e-01
6.590000e-01	-7.624476e-01	7.169138e-01	-1.734412e+00	-1.629654e+00	-1.047586e-01
6.600000e-01	-7.624601e-01	7.169224e-01	-1.734454e+00	-1.629687e+00	-1.047669e-01
6.610000e-01	-7.624585e-01	7.169256e-01	-1.734436e+00	-1.629676e+00	-1.047593e-01
6.620000e-01	-7.624636e-01	7.169268e-01	-1.734456e+00	-1.629692e+00	-1.047643e-01
6.630000e-01	-7.624451e-01	7.169121e-01	-1.734410e+00	-1.629650e+00	-1.047600e-01
6.640000e-01	-7.624515e-01	7.169142e-01	-1.734443e+00	-1.629673e+00	-1.047698e-01
6.650000e-01	-7.624415e-01	7.169075e-01	-1.734409e+00	-1.629646e+00	-1.047631e-01
6.660000e-01	-7.624562e-01	7.169185e-01	-1.734447e+00	-1.629680e+00	-1.047675e-01
6.670000e-01	-7.624521e-01	7.169194e-01	-1.734415e+00	-1.629660e+00	-1.047556e-01
6.680000e-01	-7.624671e-01	7.169318e-01	-1.734456e+00	-1.629695e+00	-1.047610e-01
6.690000e-01	-7.624610e-01	7.169301e-01	-1.734433e+00	-1.629678e+00	-1.047557e-01
6.700000e-01	-7.624711e-01	7.169357e-01	-1.734465e+00	-1.629704e+00	-1.047616e-01
6.710000e-01	-7.624564e-01	7.169246e-01	-1.734425e+00	-1.629669e+00	-1.047560e-01
6.720000e-01	-7.624546e-01	7.169171e-01	-1.734451e+00	-1.629680e+00	-1.047709e-01
6.730000e-01	-7.624414e-01	7.169068e-01	-1.734412e+00	-1.629648e+00	-1.047648e-01
6.740000e-01	-7.624523e-01	7.169137e-01	-1.734443e+00	-1.629674e+00	-1.047693e-01
6.750000e-01	-7.624504e-01	7.169175e-01	-1.734414e+00	-1.629658e+00	-1.047568e-01
6.760000e-01	-7.624680e-01	7.169325e-01	-1.734459e+00	-1.629697e+00	-1.047614e-01
6.770000e-01	-7.624548e-01	7.169223e-01	-1.734426e+00	-1.629668e+00	-1.047580e-01
6.780000e-01	-7.624581e-01	7.169200e-01	-1.734452e+00	-1.629684e+00	-1.047678e-01
6.790000e-01	-7.624506e-01	7.169168e-01	-1.734420e+00	-1.629661e+00	-1.047596e-01
6.800000e-01	-7.624636e-01	7.169269e-01	-1.734457e+00	-1.629692e+00	-1.047648e-01
6.810000e-01	-7.624554e-01	7.169238e-01	-1.734428e+00	-1.629670e+00	-1.047587e-01
6.820000e-01	-7.624648e-01	7.169292e-01	-1.734460e+00	-1.629695e+00	-1.047650e-01
6.830000e-01	-7.624485e-01	7.169161e-01	-1.734415e+00	-1.629656e+00	-1.047589e-01
6.840000e-01	-7.624517e-01	7.169144e-01	-1.734441e+00	-1.629672e+00	-1.047690e-01
6.850000e-01	-7.624473e-01	7.169141e-01	-1.734415e+00	-1.629655e+00	-1.047601e-01
6.860000e-01	-7.624646e-01	7.169282e-01	-1.734454e+00	-1.629692e+00	-1.047625e-01
6.870000e-01	-7.624567e-01	7.169240e-01	-1.734426e+00	-1.629670e+00	-1.047562e-01
6.880000e-01	-7.624646e-01	7.169272e-01	-1.734460e+00	-1.629695e+00	-1.047655e-01
6.890000e-01	-7.624458e-01	7.169109e-01	-1.734419e+00	-1.629655e+00	-1.047637e-01
6.900000e-01	-7.624505e-01	7.169119e-01	-1.734444e+00	-1.629673e+00	-1.047716e-01
6.910000e-01	-7.624484e-01	7.169167e-01	-1.734414e+00	-1.629655e+00	-1.047586e-01
6.920000e-01	-7.624678e-01	7.169337e-01	-1.734460e+00	-1.629698e+00	-1.047623e-01
6.930000e-01	-7.624563e-01	7.169260e-01	-1.734428e+00	-1.629670e+00	-1.047576e-01
6.940000e-01	-7.624560e-01	7.169195e-01	-1.734443e+00	-1.629677e+00	-1.047654e-01
6.950000e-01	-7.624493e-01	7.169157e-01	-1.734414e+00	-1.629656e+00	-1.047576e-01
6.960000e-01	-7.624638e-01	7.169266e-01	-1.734459e+00	-1.629693e+00	-1.047656e-01
6.970000e-01	-7.624548e-01	7.169212e-01	-1.734431e+00	-1.629670e+00	-1.047604e-01
6.980000e-01	-7.624567e-01	7.169183e-01	-1.734450e+00	-1.629682e+00	-1.047685e-01
6.990000e-01	-7.624382e-01	7.169035e-01	-1.734404e+00	-1.629640e+00	-1.047637e-01
7.000000e-01	-7.624512e-01	7.169142e-01	-1.734441e+00	-1.629672e+00	-1.047695e-01
7.010000e-01	-7.624518e-01	7.169195e-01	-1.734422e+00	-1.629663e+00	-1.047593e-01
7.020000e-01	-7.624678e-01	7.169320e-01	-1.734459e+00	-1.629697e+00	-1.047615e-01
7.030000e-01	-7.624560e-01	7.169245e-01	-1.734418e+00	-1.629665e+00	-1.047528e-01
7.040000e-01	-7.624619e-01	7.169265e-01	-1.734450e+00	-1.629687e+00	-1.047633e-01
7.050000e-01	-7.624518e-01	7.169206e-01	-1.734422e+00	-1.629663e+00	-1.047592e-01
7.060000e-01	-7.624501e-01	7.169129e-01	-1.734437e+00	-1.629669e+00	-1.047684e-01
7.070000e-01	-7.624373e-01	7.169030e-01	-1.734400e+00	-1.629637e+00	-1.047627e-01
7.080000e-01	-7.624519e-01	7.169136e-01	-1.734443e+00	-1.629673e+00	-1.047696e-01
7.090000e-01	-7.624531e-01	7.169200e-01	-1.734422e+00	-1.629664e+00	-1.047579e-01
7.100000e-01	-7.624727e-01	7.169363e-01	-1.734467e+00	-1.629706e+00	-1.047608e-01
7.110000e-01	-7.624651e-01	7.169337e-01	-1.734437e+00	-1.629684e+00	-1.047535e-01
7.120000e-01	-7.624704e-01	7.169349e-01	-1.734463e+00	-1.629702e+00	-1.047612e-01
7.130000e-01	-7.624523e-01	7.169186e-01	-1.734425e+00	-1.629665e+00	-1.047603e-01
7.140000e-01	-7.624520e-01	7.169129e-01	-1.734443e+00	-1.629674e+00	-1.047695e-01
7.150000e-01	-7.624417e-01	7.169077e-01	-1.734407e+00	-1.629645e+00	-1.047618e-01
7.160000e-01	-7.624576e-01	7.169209e-01	-1.734449e+00	-1.629682e+00	-1.047667e-01
7.170000e-01	-7.624500e-01	7.169185e-01	-1.734419e+00	-1.629659e+00	-1.047593e-01
7.180000e-01	-7.624585e-01	7.169225e-01	-1.734449e+00	-1.629683e+00	-1.047661e-01
7.190000e-01	-7.624467e-01	7.169141e-01	-1.734411e+00	-1.629652e+00	-1.047590e-01
7.200000e-01	-7.624563e-01	7.169189e-01	-1.734447e+00	-1.629680e+00	-1.047673e-01
7.210000e-01	-7.624503e-01	7.169167e-01	-1.734420e+00	-1.629660e+00	-1.047596e-01
7.220000e-01	-7.624647e-01	7.169274e-01	-1.734461e+00	-1.629695e+00	-1.047656e-01
7.230000e-01	-7.624558e-01	7.169233e-01	-1.734428e+00	-1.629670e+00	-1.047582e-01
7.240000e-01	-7.624627e-01	7.169270e-01	-1.734458e+00	-1.629692e+00	-1.047663e-01
7.250000e-01	-7.624505e-01	7.169186e-01	-1.734420e+00	-1.629660e+00	-1.047594e-01
7.260000e-01	-7.624569e-01	7.169198e-01	-1.734447e+00	-1.629680e+00	-1.047666e-01
7.270000e-01	-7.624511e-01	7.169183e-01	-1.734419e+00	-1.629661e+00	-1.047586e-01
7.280000e-01	-7.624630e-01	7.169254e-01	-1.734451e+00	-1.629689e+00	-1.047627e-01
7.290000e-01	-7.624502e-01	7.169154e-01	-1.734419e+00	-1.629660e+00	-1.047592e-01
7.300000e-01	-7.624574e-01	7.169193e-01	-1.734447e+00	-1.629681e+00	-1.047662e-01
7.310000e-01	-7.624553e-01	7.169225e-01	-1.734427e+00	-1.629669e+00	-1.047580e-01
7.320000e-01	-7.624691e-01	7.169335e-01	-1.734464e+00	-1.629701e+00	-1.047629e-01
7.330000e-01	-7.624534e-01	7.169217e-01	-1.734425e+00	-1.629666e+00	-1.047592e-01
7.340000e-01	-7.624506e-01	7.169136e-01	-1.734437e+00	-1.629669e+00	-1.047680e-01
7.350000e-01	-7.624388e-01	7.169058e-01	-1.734403e+00	-1.629640e+00	-1.047626e-01
7.360000e-01	-7.624510e-01	7.169143e-01	-1.734439e+00	-1.629670e+00	-1.047686e-01
7.370000e-01	-7.624516e-01	7.169193e-01	-1.734423e+00	-1.629663e+00	-1.047601e-01
7.380000e-01	-7.624682e-01	7.169324e-01	-1.734461e+00	-1.629699e+00	-1.047622e-01
7.390000e-01	-7.624543e-01	7.169221e-01	-1.734421e+00	-1.629665e+00	-1.047563e-01
7.400000e-01	-7.624638e-01	7.169269e-01	-1.734458e+00	-1.629693e+00	-1.047651e-01
7.410000e-01	-7.624492e-01	7.169147e-01	-1.734419e+00	-1.629659e+00	-1.047605e-01
7.420000e-01	-7.624568e-01	7.169183e-01	-1.734446e+00	-1.629680e+00	-1.047661e-01
7.430000e-01	-7.624525e-01	7.169196e-01	-1.734416e+00	-1.629660e+00	-1.047553e-01
7.440000e-01	-7.624581e-01	7.169213e-01	-1.734446e+00	-1.629681e+00	-1.047652e-01
7.450000e-01	-7.624491e-01	7.169165e-01	-1.734417e+00	-1.629658e+00	-1.047595e-01
7.460000e-01	-7.624555e-01	7.169182e-01	-1.734446e+00	-1.629679e+00	-1.047676e-01
7.470000e-01	-7.624470e-01	7.169142e-01	-1.734420e+00	-1.629657e+00	-1.047628e-01
7.480000e-01	-7.624624e-01	7.169269e-01	-1.734458e+00	-1.629692e+00	-1.047667e-01
7.490000e-01	-7.624565e-01	7.169247e-01	-1.734429e+00	-1.629671e+00	-1.047578e-01
7.500000e-01	-7.624617e-01	7.169242e-01	-1.734452e+00	-1.629688e+00	-1.047644e-01
7.510000e-01	-7.624475e-01	7.169141e-01	-1.734410e+00	-1.629653e+00	-1.047576e-01
7.520000e-01	-7.624540e-01	7.169163e-01	-1.734440e+00	-1.629674e+00	-1.047662e-01
7.530000e-01	-7.624428e-01	7.169097e-01	-1.734411e+00	-1.629648e+00	-1.047627e-01
7.540000e-01	-7.624466e-01	7.169093e-01	-1.734431e+00	-1.629662e+00	-1.047691e-01
7.550000e-01	-7.624396e-01	7.169066e-01	-1.734402e+00	-1.629641e+00	-1.047615e-01
7.560000e-01	-7.624625e-01	7.169259e-01	-1.734459e+00	-1.629692e+00	-1.047672e-01
7.570000e-01	-7.624602e-01	7.169279e-01	-1.734440e+00	-1.629680e+00	-1.047598e-01
7.580000e-01	-7.624695e-01	7.169333e-01	-1.734465e+00	-1.629702e+00	-1.047628e-01
7.590000e-01	-7.624554e-01	7.169234e-01	-1.734423e+00	-1.629667e+00	-1.047558e-01
7.600000e-01	-7.624619e-01	7.169260e-01	-1.734450e+00	-1.629687e+00	-1.047633e-01
7.610000e-01	-7.624506e-01	7.169182e-01	-1.734414e+00	-1.629658e+00	-1.047565e-01
7.620000e-01	-7.624543e-01	7.169161e-01	-1.734445e+00	-1.629677e+00	-1.047683e-01
7.630000e-01	-7.624440e-01	7.169099e-01	-1.734414e+00	-1.629651e+00	-1.047628e-01
7.640000e-01	-7.624585e-01	7.169219e-01	-1.734452e+00	-1.629684e+00	-1.047674e-01
7.650000e-01	-7.624556e-01	7.169240e-01	-1.734427e+00	-1.629669e+00	-1.047580e-01
7.660000e-01	-7.624637e-01	7.169276e-01	-1.734455e+00	-1.629691e+00	-1.047636e-01
7.670000e-01	-7.624494e-01	7.169169e-01	-1.734415e+00	-1.629657e+00	-1.047580e-01
7.680000e-01	-7.624553e-01	7.169178e-01	-1.734448e+00	-1.629679e+00	-1.047688e-01
7.690000e-01	-7.624391e-01	7.169046e-01	-1.734407e+00	-1.629643e+00	-1.047644e-01
7.700000e-01	-7.624472e-01	7.169097e-01	-1.734429e+00	-1.629662e+00	-1.047671e-01
7.710000e-01	-7.624464e-01	7.169134e-01	-1.734411e+00	-1.629652e+00	-1.047588e-01
7.720000e-01	-7.624603e-01	7.169238e-01	-1.734450e+00	-1.629685e+00	-1.047646e-01
7.730000e-01	-7.624553e-01	7.169223e-01	-1.734426e+00	-1.629668e+00	-1.047576e-01
7.740000e-01	-7.624632e-01	7.169253e-01	-1.734458e+00	-1.629692e+00	-1.047660e-01
7.750000e-01	-7.624574e-01	7.169241e-01	-1.734429e+00	-1.629672e+00	-1.047572e-01
7.760000e-01	-7.624656e-01	7.169287e-01	-1.734460e+00	-1.629696e+00	-1.047643e-01
7.770000e-01	-7.624476e-01	7.169143e-01	-1.734418e+00	-1.629656e+00	-1.047611e-01
7.780000e-01	-7.624474e-01	7.169099e-01	-1.734435e+00	-1.629665e+00	-1.047701e-01
7.790000e-01	-7.624345e-01	7.169006e-01	-1.734398e+00	-1.629634e+00	-1.047647e-01
7.800000e-01	-7.624523e-01	7.169157e-01	-1.734443e+00	-1.629674e+00	-1.047689e-01
7.810000e-01	-7.624534e-01	7.169213e-01	-1.734425e+00	-1.629666e+00	-1.047591e-01
7.820000e-01	-7.624594e-01	7.169230e-01	-1.734447e+00	-1.629683e+00	-1.047642e-01
7.830000e-01	-7.624536e-01	7.169217e-01	-1.734414e+00	-1.629661e+00	-1.047535e-01
7.840000e-01	-7.624697e-01	7.169342e-01	-1.734460e+00	-1.629699e+00	-1.047602e-01
7.850000e-01	-7.624527e-01	7.169205e-01	-1.734417e+00	-1.629661e+00	-1.047557e-01
7.860000e-01	-7.624504e-01	7.169118e-01	-1.734440e+00	-1.629670e+00	-1.047696e-01
7.870000e-01	-7.624391e-01	7.169037e-01	-1.734410e+00	-1.629644e+00	-1.047661e-01
7.880000e-01	-7.624496e-01	7.169108e-01	-1.734443e+00	-1.629671e+00	-1.047721e-01
7.890000e-01	-7.624470e-01	7.169141e-01	-1.734414e+00	-1.629654e+00	-1.047600e-01
7.900000e-01	-7.624623e-01	7.169263e-01	-1.734452e+00	-1.629689e+00	-1.047639e-01
7.910000e-01	-7.624542e-01	7.169223e-01	-1.734416e+00	-1.629662e+00	-1.047540e-01
7.920000e-01	-7.624547e-01	7.169169e-01	-1.734445e+00	-1.629677e+00	-1.047679e-01
7.930000e-01	-7.624511e-01	7.169172e-01	-1.734421e+00	-1.629662e+00	-1.047596e-01
7.940000e-01	-7.624561e-01	7.169185e-01	-1.734444e+00	-1.629678e+00	-1.047660e-01
7.950000e-01	-7.624488e-01	7.169168e-01	-1.734414e+00	-1.629656e+00	-1.047583e-01
7.960000e-01	-7.624619e-01	7.169265e-01	-1.734457e+00	-1.629691e+00	-1.047667e-01
7.970000e-01	-7.624484e-01	7.169150e-01	-1.734425e+00	-1.629661e+00	-1.047640e-01
7.980000e-01	-7.624505e-01	7.169115e-01	-1.734445e+00	-1.629673e+00	-1.047723e-01
7.990000e-01	-7.624466e-01	7.169121e-01	-1.734414e+00	-1.629654e+00	-1.047605e-01
8.000000e-01	-7.624612e-01	7.169244e-01	-1.734449e+00	-1.629686e+00	-1.047632e-01
8.010000e-01	-7.624630e-01	7.169321e-01	-1.734431e+00	-1.629678e+00	-1.047524e-01
8.020000e-01	-7.624627e-01	7.169272e-01	-1.734447e+00	-1.629686e+00	-1.047607e-01
8.030000e-01	-7.624415e-01	7.169087e-01	-1.734401e+00	-1.629642e+00	-1.047591e-01
8.040000e-01	-7.624444e-01	7.169072e-01	-1.734429e+00	-1.629659e+00	-1.047702e-01
8.050000e-01	-7.624486e-01	7.169158e-01	-1.734420e+00	-1.629658e+00	-1.047612e-01
8.060000e-01	-7.624634e-01	7.169260e-01	-1.734462e+00	-1.629694e+00	-1.047673e-01
8.070000e-01	-7.624567e-01	7.169239e-01	-1.734432e+00	-1.629673e+00	-1.047593e-01
8.080000e-01	-7.624657e-01	7.169287e-01	-1.734462e+00	-1.629697e+00	-1.047654e-01
8.090000e-01	-7.624548e-01	7.169212e-01	-1.734428e+00	-1.629669e+00	-1.047594e-01
8.100000e-01	-7.624531e-01	7.169144e-01	-1.734443e+00	-1.629674e+00	-1.047682e-01
8.110000e-01	-7.624484e-01	7.169147e-01	-1.734411e+00	-1.629654e+00	-1.047571e-01
8.120000e-01	-7.624567e-01	7.169193e-01	-1.734444e+00	-1.629679e+00	-1.047653e-01
8.130000e-01	-7.624492e-01	7.169171e-01	-1.734417e+00	-1.629658e+00	-1.047592e-01
8.140000e-01	-7.624566e-01	7.169204e-01	-1.734444e+00	-1.629679e+00	-1.047655e-01
8.150000e-01	-7.624485e-01	7.169158e-01	-1.734412e+00	-1.629654e+00	-1.047575e-01
8.160000e-01	-7.624549e-01	7.169180e-01	-1.734444e+00	-1.629677e+00	-1.047672e-01
8.170000e-01	-7.624419e-01	7.169080e-01	-1.734409e+00	-1.629647e+00	-1.047628e-01
8.180000e-01	-7.624494e-01	7.169109e-01	-1.734442e+00	-1.629671e+00	-1.047717e-01
8.190000e-01	-7.624476e-01	7.169148e-01	-1.734411e+00	-1.629653e+00	-1.047577e-01
8.200000e-01	-7.624677e-01	7.169321e-01	-1.734459e+00	-1.629697e+00	-1.047618e-01
8.210000e-01	-7.624655e-01	7.169339e-01	-1.734441e+00	-1.629686e+00	-1.047548e-01
8.220000e-01	-7.624614e-01	7.169235e-01	-1.734460e+00	-1.629691e+00	-1.047687e-01
8.230000e-01	-7.624446e-01	7.169091e-01	-1.734417e+00	-1.629653e+00	-1.047638e-01
8.240000e-01	-7.624536e-01	7.169145e-01	-1.734448e+00	-1.629678e+00	-1.047706e-01
8.250000e-01	-7.624492e-01	7.169160e-01	-1.734418e+00	-1.629658e+00	-1.047597e-01
8.260000e-01	-7.624511e-01	7.169146e-01	-1.734436e+00	-1.629669e+00	-1.047671e-01
8.270000e-01	-7.624394e-01	7.169064e-01	-1.734399e+00	-1.629639e+00	-1.047600e-01
8.280000e-01	-7.624541e-01	7.169175e-01	-1.734443e+00	-1.629676e+00	-1.047676e-01
8.290000e-01	-7.624554e-01	7.169231e-01	-1.734425e+00	-1.629668e+00	-1.047573e-01
8.300000e-01	-7.624726e-01	7.169363e-01	-1.734469e+00	-1.629707e+00	-1.047618e-01
8.310000e-01	-7.624623e-01	7.169298e-01	-1.734434e+00	-1.629679e+00	-1.047548e-01
8.320000e-01	-7.624642e-01	7.169264e-01	-1.734465e+00	-1.629697e+00	-1.047681e-01
8.330000e-01	-7.624498e-01	7.169152e-01	-1.734427e+00	-1.629663e+00	-1.047638e-01
8.340000e-01	-7.624495e-01	7.169103e-01	-1.734441e+00	-1.629670e+00	-1.047711e-01
8.350000e-01	-7.624413e-01	7.169072e-01	-1.734405e+00	-1.629644e+00	-1.047613e-01
8.360000e-01	-7.624566e-01	7.169201e-01	-1.734442e+00	-1.629677e+00	-1.047642e-01
8.370000e-01	-7.624551e-01	7.169240e-01	-1.734422e+00	-1.629666e+00	-1.047558e-01
8.380000e-01	-7.624630e-01	7.169274e-01	-1.734452e+00	-1.629689e+00	-1.047631e-01
8.390000e-01	-7.624535e-01	7.169198e-01	-1.734421e+00	-1.629664e+00	-1.047570e-01
8.400000e-01	-7.624529e-01	7.169134e-01	-1.734445e+00	-1.629675e+00	-1.047696e-01
8.410000e-01	-7.624444e-01	7.169087e-01	-1.734418e+00	-1.629654e+00	-1.047646e-01
8.420000e-01	-7.624556e-01	7.169159e-01	-1.734454e+00	-1.629683e+00	-1.047713e-01
8.430000e-01	-7.624481e-01	7.169136e-01	-1.734422e+00	-1.629659e+00	-1.047630e-01
8.440000e-01	-7.624576e-01	7.169202e-01	-1.734452e+00	-1.629684e+00	-1.047684e-01
8.450000e-01	-7.624555e-01	7.169232e-01	-1.734422e+00	-1.629667e+00	-1.047557e-01
8.460000e-01	-7.624605e-01	7.169240e-01	-1.734448e+00	-1.629685e+00	-1.047637e-01
8.470000e-01	-7.624485e-01	7.169162e-01	-1.734414e+00	-1.629655e+00	-1.047583e-01
8.480000e-01	-7.624545e-01	7.169176e-01	-1.734443e+00	-1.629676e+00	-1.047671e-01
8.490000e-01	-7.624415e-01	7.169075e-01	-1.734409e+00	-1.629646e+00	-1.047629e-01
8.500000e-01	-7.624474e-01	7.169092e-01	-1.734432e+00	-1.629663e+00	-1.047687e-01
8.510000e-01	-7.624495e-01	7.169157e-01	-1.734415e+00	-1.629657e+00	-1.047582e-01
8.520000e-01	-7.624674e-01	7.169308e-01	-1.734464e+00	-1.629699e+00	-1.047644e-01
8.530000e-01	-7.624541e-01	7.169210e-01	-1.734427e+00	-1.629667e+00	-1.047594e-01
8.540000e-01	-7.624567e-01	7.169180e-01	-1.734448e+00	-1.629681e+00	-1.047675e-01
8.550000e-01	-7.624541e-01	7.169203e-01	-1.734422e+00	-1.629665e+00	-1.047568e-01
8.560000e-01	-7.624711e-01	7.169348e-01	-1.734464e+00	-1.629703e+00	-1.047611e-01
8.570000e-01	-7.624617e-01	7.169298e-01	-1.734435e+00	-1.629679e+00	-1.047560e-01
8.580000e-01	-7.624545e-01	7.169159e-01	-1.734448e+00	-1.629678e+00	-1.047694e-01
8.590000e-01	-7.624288e-01	7.168914e-01	-1.734392e+00	-1.629625e+00	-1.047673e-01
8.600000e-01	-7.624423e-01	7.169008e-01	-1.734439e+00	-1.629662e+00	-1.047775e-01
8.610000e-01	-7.624503e-01	7.169157e-01	-1.734426e+00	-1.629663e+00	-1.047625e-01
8.620000e-01	-7.624590e-01	7.169218e-01	-1.734453e+00	-1.629685e+00	-1.047674e-01
8.630000e-01	-7.624534e-01	7.169201e-01	-1.734422e+00	-1.629664e+00	-1.047577e-01
8.640000e-01	-7.624608e-01	7.169235e-01	-1.734456e+00	-1.629689e+00	-1.047671e-01
8.650000e-01	-7.624512e-01	7.169180e-01	-1.734421e+00	-1.629662e+00	-1.047595e-01
8.660000e-01	-7.624527e-01	7.169158e-01	-1.734440e+00	-1.629673e+00	-1.047673e-01
8.670000e-01	-7.624438e-01	7.169109e-01	-1.734409e+00	-1.629648e+00	-1.047605e-01
8.680000e-01	-7.624487e-01	7.169118e-01	-1.734438e+00	-1.629668e+00	-1.047701e-01
8.690000e-01	-7.624458e-01	7.169118e-01	-1.734411e+00	-1.629651e+00	-1.047596e-01
8.700000e-01	-7.624597e-01	7.169205e-01	-1.734453e+00	-1.629686e+00	-1.047669e-01
8.710000e-01	-7.624531e-01	7.169176e-01	-1.734424e+00	-1.629665e+00	-1.047592e-01
8.720000e-01	-7.624657e-01	7.169273e-01	-1.734468e+00	-1.629700e+00	-1.047682e-01
8.730000e-01	-7.624574e-01	7.169233e-01	-1.734438e+00	-1.629676e+00	-1.047617e-01
8.740000e-01	-7.624620e-01	7.169235e-01	-1.734462e+00	-1.629693e+00	-1.047692e-01
8.750000e-01	-7.624531e-01	7.169184e-01	-1.734426e+00	-1.629666e+00	-1.047600e-01
8.760000e-01	-7.624543e-01	7.169159e-01	-1.734446e+00	-1.629677e+00	-1.047688e-01
8.770000e-01	-7.624391e-01	7.169057e-01	-1.734402e+00	-1.629640e+00	-1.047617e-01
8.780000e-01	-7.624425e-01	7.169048e-01	-1.734427e+00	-1.629656e+00	-1.047708e-01
8.790000e-01	-7.624439e-01	7.169101e-01	-1.734410e+00	-1.629649e+00	-1.047613e-01
8.800000e-01	-7.624553e-01	7.169175e-01	-1.734449e+00	-1.629680e+00	-1.047692e-01
8.810000e-01	-7.624510e-01	7.169175e-01	-1.734422e+00	-1.629662e+00	-1.047598e-01
8.820000e-01	-7.624653e-01	7.169281e-01	-1.734464e+00	-1.629697e+00	-1.047666e-01
8.830000e-01	-7.624637e-01	7.169309e-01	-1.734439e+00	-1.629683e+00	-1.047557e-01
8.840000e-01	-7.624698e-01	7.169322e-01	-1.734470e+00	-1.629705e+00	-1.047651e-01
8.850000e-01	-7.624568e-01	7.169222e-01	-1.734433e+00	-1.629673e+00	-1.047598e-01
8.860000e-01	-7.624571e-01	7.169177e-01	-1.734451e+00	-1.629683e+00	-1.047686e-01
8.870000e-01	-7.624423e-01	7.169067e-01	-1.734410e+00	-1.629648e+00	-1.047630e-01
8.880000e-01	-7.624468e-01	7.169072e-01	-1.734443e+00	-1.629668e+00	-1.047747e-01
8.890000e-01	-7.624378e-01	7.169030e-01	-1.734411e+00	-1.629643e+00	-1.047675e-01
8.900000e-01	-7.624420e-01	7.169040e-01	-1.734427e+00	-1.629655e+00	-1.047714e-01
8.910000e-01	-7.624491e-01	7.169162e-01	-1.734417e+00	-1.629658e+00	-1.047593e-01
8.920000e-01	-7.624671e-01	7.169313e-01	-1.734460e+00	-1.629697e+00	-1.047628e-01
8.930000e-01	-7.624591e-01	7.169262e-01	-1.734430e+00	-1.629674e+00	-1.047558e-01
8.940000e-01	-7.624557e-01	7.169162e-01	-1.734451e+00	-1.629681e+00	-1.047699e-01
8.950000e-01	-7.624460e-01	7.169103e-01	-1.734413e+00	-1.629653e+00	-1.047606e-01
8.960000e-01	-7.624601e-01	7.169217e-01	-1.734455e+00	-1.629687e+00	-1.047672e-01
8.970000e-01	-7.624500e-01	7.169156e-01	-1.734426e+00	-1.629663e+00	-1.047630e-01
8.980000e-01	-7.624525e-01	7.169139e-01	-1.734447e+00	-1.629676e+00	-1.047708e-01
8.990000e-01	-7.624394e-01	7.169048e-01	-1.734401e+00	-1.629640e+00	-1.047613e-01
9.000000e-01	-7.624539e-01	7.169153e-01	-1.734445e+00	-1.629676e+00	-1.047687e-01
9.010000e-01	-7.624524e-01	7.169191e-01	-1.734427e+00	-1.629666e+00	-1.047609e-01
9.020000e-01	-7.624670e-01	7.169301e-01	-1.734465e+00	-1.629699e+00	-1.047654e-01
9.030000e-01	-7.624576e-01	7.169243e-01	-1.734430e+00	-1.629673e+00	-1.047574e-01
9.040000e-01	-7.624617e-01	7.169237e-01	-1.734455e+00	-1.629689e+00	-1.047657e-01
9.050000e-01	-7.624541e-01	7.169193e-01	-1.734427e+00	-1.629668e+00	-1.047594e-01
9.060000e-01	-7.624540e-01	7.169141e-01	-1.734448e+00	-1.629678e+00	-1.047700e-01
9.070000e-01	-7.624400e-01	7.169042e-01	-1.734411e+00	-1.629645e+00	-1.047654e-01
9.080000e-01	-7.624497e-01	7.169115e-01	-1.734443e+00	-1.629671e+00	-1.047717e-01
9.090000e-01	-7.624461e-01	7.169129e-01	-1.734418e+00	-1.629655e+00	-1.047628e-01
9.100000e-01	-7.624615e-01	7.169250e-01	-1.734452e+00	-1.629688e+00	-1.047646e-01
9.110000e-01	-7.624588e-01	7.169267e-01	-1.734426e+00	-1.629672e+00	-1.047544e-01
9.120000e-01	-7.624552e-01	7.169170e-01	-1.734449e+00	-1.629680e+00	-1.047691e-01
9.130000e-01	-7.624375e-01	7.169025e-01	-1.734405e+00	-1.629640e+00	-1.047648e-01
9.140000e-01	-7.624456e-01	7.169061e-01	-1.734433e+00	-1.629662e+00	-1.047711e-01
9.150000e-01	-7.624432e-01	7.169087e-01	-1.734412e+00	-1.629649e+00	-1.047630e-01
9.160000e-01	-7.624605e-01	7.169230e-01	-1.734458e+00	-1.629689e+00	-1.047684e-01
9.170000e-01	-7.624581e-01	7.169250e-01	-1.734434e+00	-1.629675e+00	-1.047591e-01
9.180000e-01	-7.624622e-01	7.169241e-01	-1.734454e+00	-1.629689e+00	-1.047651e-01
9.190000e-01	-7.624551e-01	7.169212e-01	-1.734424e+00	-1.629667e+00	-1.047570e-01
9.200000e-01	-7.624672e-01	7.169303e-01	-1.734461e+00	-1.629698e+00	-1.047631e-01
9.210000e-01	-7.624526e-01	7.169190e-01	-1.734425e+00	-1.629665e+00	-1.047601e-01
9.220000e-01	-7.624504e-01	7.169111e-01	-1.734440e+00	-1.629670e+00	-1.047695e-01
9.230000e-01	-7.624368e-01	7.169008e-01	-1.734403e+00	-1.629638e+00	-1.047649e-01
9.240000e-01	-7.624487e-01	7.169094e-01	-1.734443e+00	-1.629670e+00	-1.047729e-01
9.250000e-01	-7.624469e-01	7.169127e-01	-1.734422e+00	-1.629658e+00	-1.047638e-01
9.260000e-01	-7.624552e-01	7.169162e-01	-1.734450e+00	-1.629680e+00	-1.047700e-01
9.270000e-01	-7.624528e-01	7.169182e-01	-1.734425e+00	-1.629665e+00	-1.047598e-01
9.280000e-01	-7.624625e-01	7.169248e-01	-1.734456e+00	-1.629691e+00	-1.047657e-01
9.290000e-01	-7.624517e-01	7.169191e-01	-1.734423e+00	-1.629663e+00	-1.047600e-01
9.300000e-01	-7.624496e-01	7.169127e-01	-1.734439e+00	-1.629669e+00	-1.047700e-01
9.310000e-01	-7.624362e-01	7.169025e-01	-1.734399e+00	-1.629636e+00	-1.047631e-01
9.320000e-01	-7.624499e-01	7.169118e-01	-1.734439e+00	-1.629669e+00	-1.047697e-01
9.330000e-01	-7.624491e-01	7.169154e-01	-1.734419e+00	-1.629658e+00	-1.047602e-01
9.340000e-01	-7.624617e-01	7.169240e-01	-1.734455e+00	-1.629689e+00	-1.047656e-01
9.350000e-01	-7.624631e-01	7.169299e-01	-1.734438e+00	-1.629682e+00	-1.047558e-01
9.360000e-01	-7.624691e-01	7.169312e-01	-1.734471e+00	-1.629704e+00	-1.047662e-01
9.370000e-01	-7.624540e-01	7.169190e-01	-1.734434e+00	-1.629671e+00	-1.047629e-01
9.380000e-01	-7.624479e-01	7.169080e-01	-1.734438e+00	-1.629667e+00	-1.047713e-01
9.390000e-01	-7.624336e-01	7.168978e-01	-1.734397e+00	-1.629632e+00	-1.047649e-01
9.400000e-01	-7.624450e-01	7.169064e-01	-1.734432e+00	-1.629661e+00	-1.047709e-01
9.410000e-01	-7.624464e-01	7.169127e-01	-1.734417e+00	-1.629655e+00	-1.047621e-01
9.420000e-01	-7.624539e-01	7.169151e-01	-1.734445e+00	-1.629677e+00	-1.047687e-01
9.430000e-01	-7.624499e-01	7.169153e-01	-1.734424e+00	-1.629662e+00	-1.047622e-01
9.440000e-01	-7.624641e-01	7.169261e-01	-1.734460e+00	-1.629694e+00	-1.047661e-01
9.450000e-01	-7.624542e-01	7.169218e-01	-1.734426e+00	-1.629667e+00	-1.047588e-01
9.460000e-01	-7.624581e-01	7.169224e-01	-1.734443e+00	-1.629679e+00	-1.047632e-01
9.470000e-01	-7.624477e-01	7.169147e-01	-1.734411e+00	-1.629653e+00	-1.047576e-01
9.480000e-01	-7.624476e-01	7.169095e-01	-1.734438e+00	-1.629667e+00	-1.047714e-01
9.490000e-01	-7.624336e-01	7.168980e-01	-1.734402e+00	-1.629635e+00	-1.047675e-01
9.500000e-01	-7.624457e-01	7.169058e-01	-1.734437e+00	-1.629664e+00	-1.047728e-01
9.510000e-01	-7.624531e-01	7.169187e-01	-1.734423e+00	-1.629665e+00	-1.047584e-01
9.520000e-01	-7.624683e-01	7.169309e-01	-1.734466e+00	-1.629701e+00	-1.047646e-01
9.530000e-01	-7.624571e-01	7.169228e-01	-1.734434e+00	-1.629674e+00	-1.047599e-01
9.540000e-01	-7.624501e-01	7.169111e-01	-1.734443e+00	-1.629672e+00	-1.047712e-01
9.550000e-01	-7.624382e-01	7.169036e-01	-1.734404e+00	-1.629640e+00	-1.047638e-01
9.560000e-01	-7.624581e-01	7.169215e-01	-1.734449e+00	-1.629683e+00	-1.047665e-01
9.570000e-01	-7.624566e-01	7.169244e-01	-1.734426e+00	-1.629670e+00	-1.047564e-01
9.580000e-01	-7.624624e-01	7.169255e-01	-1.734450e+00	-1.629687e+00	-1.047624e-01
9.590000e-01	-7.624504e-01	7.169165e-01	-1.734417e+00	-1.629659e+00	-1.047582e-01
9.600000e-01	-7.624485e-01	7.169092e-01	-1.734441e+00	-1.629669e+00	-1.047719e-01
9.610000e-01	-7.624388e-01	7.169032e-01	-1.734416e+00	-1.629647e+00	-1.047692e-01
9.620000e-01	-7.624489e-01	7.169089e-01	-1.734443e+00	-1.629670e+00	-1.047724e-01
9.630000e-01	-7.624454e-01	7.169107e-01	-1.734415e+00	-1.629653e+00	-1.047619e-01
9.640000e-01	-7.624627e-01	7.169261e-01	-1.734453e+00	-1.629689e+00	-1.047637e-01
9.650000e-01	-7.624587e-01	7.169268e-01	-1.734435e+00	-1.629676e+00	-1.047586e-01
9.660000e-01	-7.624615e-01	7.169240e-01	-1.734457e+00	-1.629690e+00	-1.047669e-01
9.670000e-01	-7.624411e-01	7.169060e-01	-1.734410e+00	-1.629646e+00	-1.047641e-01
9.680000e-01	-7.624498e-01	7.169100e-01	-1.734442e+00	-1.629671e+00	-1.047710e-01
9.690000e-01	-7.624434e-01	7.169081e-01	-1.734412e+00	-1.629649e+00	-1.047626e-01
9.700000e-01	-7.624519e-01	7.169137e-01	-1.734439e+00	-1.629671e+00	-1.047675e-01
9.710000e-01	-7.624474e-01	7.169134e-01	-1.734415e+00	-1.629655e+00	-1.047599e-01
9.720000e-01	-7.624611e-01	7.169235e-01	-1.734456e+00	-1.629689e+00	-1.047668e-01
9.730000e-01	-7.624560e-01	7.169226e-01	-1.734432e+00	-1.629672e+00	-1.047601e-01
9.740000e-01	-7.624615e-01	7.169233e-01	-1.734454e+00	-1.629688e+00	-1.047653e-01
9.750000e-01	-7.624476e-01	7.169134e-01	-1.734415e+00	-1.629655e+00	-1.047601e-01
9.760000e-01	-7.624558e-01	7.169180e-01	-1.734448e+00	-1.629680e+00	-1.047684e-01
9.770000e-01	-7.624482e-01	7.169142e-01	-1.734422e+00	-1.629659e+00	-1.047627e-01
9.780000e-01	-7.624454e-01	7.169064e-01	-1.734433e+00	-1.629662e+00	-1.047713e-01
9.790000e-01	-7.624303e-01	7.168959e-01	-1.734391e+00	-1.629626e+00	-1.047649e-01
9.800000e-01	-7.624482e-01	7.169111e-01	-1.734433e+00	-1.629665e+00	-1.047685e-01
9.810000e-01	-7.624561e-01	7.169239e-01	-1.734429e+00	-1.629671e+00	-1.047585e-01
9.820000e-01	-7.624781e-01	7.169415e-01	-1.734473e+00	-1.629715e+00	-1.047584e-01
9.830000e-01	-7.624647e-01	7.169308e-01	-1.734437e+00	-1.629683e+00	-1.047536e-01
9.840000e-01	-7.624566e-01	7.169167e-01	-1.734452e+00	-1.629683e+00	-1.047693e-01
9.850000e-01	-7.624384e-01	7.169020e-01	-1.734413e+00	-1.629645e+00	-1.047682e-01
9.860000e-01	-7.624387e-01	7.168982e-01	-1.734427e+00	-1.629652e+00	-1.047749e-01
9.870000e-01	-7.624331e-01	7.168978e-01	-1.734403e+00	-1.629635e+00	-1.047683e-01
9.880000e-01	-7.624494e-01	7.169123e-01	-1.734439e+00	-1.629669e+00	-1.047701e-01
9.890000e-01	-7.624516e-01	7.169192e-01	-1.734423e+00	-1.629663e+00	-1.047601e-01
9.900000e-01	-7.624625e-01	7.169263e-01	-1.734452e+00	-1.629689e+00	-1.047635e-01
9.910000e-01	-7.624592e-01	7.169272e-01	-1.734426e+00	-1.629672e+00	-1.047540e-01
9.920000e-01	-7.624702e-01	7.169339e-01	-1.734463e+00	-1.629702e+00	-1.047612e-01
9.930000e-01	-7.624586e-01	7.169251e-01	-1.734434e+00	-1.629676e+00	-1.047584e-01
9.940000e-01	-7.624528e-01	7.169129e-01	-1.734444e+00	-1.629675e+00	-1.047691e-01
9.950000e-01	-7.624370e-01	7.169005e-01	-1.734405e+00	-1.629640e+00	-1.047657e-01
9.960000e-01	-7.624447e-01	7.169048e-01	-1.734439e+00	-1.629664e+00	-1.047749e-01
9.970000e-01	-7.624374e-01	7.169031e-01	-1.734408e+00	-1.629641e+00	-1.047665e-01
9.980000e-01	-7.624530e-01	7.169153e-01	-1.734443e+00	-1.629675e+00	-1.047686e-01
9.990000e-01	-7.624515e-01	7.169187e-01	-1.734422e+00	-1.629662e+00	-1.047594e-01
1.000000e+00	-7.624611e-01	7.169240e-01	-1.734453e+00	-1.629687e+00	-1.047652e-01
