# Force coefficients
# liftDir    : (0.000000e+00 1.000000e+00 0.000000e+00)
# dragDir    : (1.000000e+00 0.000000e+00 0.000000e+00)
# pitchAxis  : (0.000000e+00 0.000000e+00 1.000000e+00)
# magUInf    : 5.148000e+01
# lRef       : 4.530000e-01
# Aref       : 4.348800e-01
# CofR       : (0.000000e+00 0.000000e+00 0.000000e+00)
# Time       	Cm           	Cd           	Cl           	Cl(f)        	Cl(r)        	Cm	Cd	Cl	Cl(f)	Cl(r)
1.000000e-03	-1.762761e-03	1.954937e-03	-3.011940e-03	-3.268731e-03	2.567909e-04
2.000000e-03	-1.150842e-02	1.314329e-02	-2.090964e-02	-2.196324e-02	1.053602e-03
3.000000e-03	-1.967141e-02	2.244280e-02	-3.749463e-02	-3.841872e-02	9.240949e-04
4.000000e-03	-2.167596e-02	2.466210e-02	-4.322245e-02	-4.328719e-02	6.473645e-05
5.000000e-03	-2.189303e-02	2.461612e-02	-4.626652e-02	-4.502629e-02	-1.240230e-03
6.000000e-03	-2.253794e-02	2.473931e-02	-5.038896e-02	-4.773242e-02	-2.656538e-03
7.000000e-03	-2.432862e-02	2.599188e-02	-5.669718e-02	-5.267721e-02	-4.019963e-03
8.000000e-03	-2.793710e-02	2.920223e-02	-6.619396e-02	-6.103408e-02	-5.159886e-03
9.000000e-03	-3.302260e-02	3.409018e-02	-7.832108e-02	-7.218313e-02	-6.137942e-03
1.000000e-02	-3.849419e-02	3.950074e-02	-9.110704e-02	-8.404771e-02	-7.059334e-03
1.100000e-02	-4.339853e-02	4.432018e-02	-1.028878e-01	-9.484244e-02	-8.045377e-03
1.200000e-02	-4.820752e-02	4.908644e-02	-1.145658e-01	-1.054904e-01	-9.075399e-03
1.300000e-02	-5.267145e-02	5.349418e-02	-1.257118e-01	-1.155273e-01	-1.018445e-02
1.400000e-02	-5.718487e-02	5.793496e-02	-1.371285e-01	-1.257491e-01	-1.137936e-02
1.500000e-02	-6.225549e-02	6.298787e-02	-1.496826e-01	-1.370968e-01	-1.258580e-02
1.600000e-02	-6.848766e-02	6.929418e-02	-1.646870e-01	-1.508312e-01	-1.385583e-02
1.700000e-02	-7.597285e-02	7.689810e-02	-1.825365e-01	-1.672411e-01	-1.529542e-02
1.800000e-02	-8.453266e-02	8.555365e-02	-2.030934e-01	-1.860793e-01	-1.701402e-02
1.900000e-02	-9.355816e-02	9.458206e-02	-2.252164e-01	-2.061663e-01	-1.905003e-02
2.000000e-02	-1.024510e-01	1.033511e-01	-2.476155e-01	-2.262588e-01	-2.135669e-02
2.100000e-02	-1.109125e-01	1.115551e-01	-2.694943e-01	-2.456597e-01	-2.383463e-02
2.200000e-02	-1.188338e-01	1.190761e-01	-2.904849e-01	-2.640762e-01	-2.640867e-02
2.300000e-02	-1.264261e-01	1.261905e-01	-3.108254e-01	-2.818388e-01	-2.898659e-02
2.400000e-02	-1.345261e-01	1.337702e-01	-3.321597e-01	-3.006059e-01	-3.155378e-02
2.500000e-02	-1.436362e-01	1.423879e-01	-3.555680e-01	-3.214202e-01	-3.414783e-02
2.600000e-02	-1.539825e-01	1.522971e-01	-3.815675e-01	-3.447663e-01	-3.680127e-02
2.700000e-02	-1.656325e-01	1.635842e-01	-4.104473e-01	-3.708562e-01	-3.959116e-02
2.800000e-02	-1.784072e-01	1.760356e-01	-4.419386e-01	-3.993765e-01	-4.256206e-02
2.900000e-02	-1.917895e-01	1.891134e-01	-4.751033e-01	-4.293411e-01	-4.576212e-02
3.000000e-02	-2.052382e-01	2.022539e-01	-5.087645e-01	-4.596204e-01	-4.914410e-02
3.100000e-02	-2.185502e-01	2.152532e-01	-5.423802e-01	-4.897403e-01	-5.263994e-02
3.200000e-02	-2.318738e-01	2.282474e-01	-5.761023e-01	-5.199250e-01	-5.617731e-02
3.300000e-02	-2.455206e-01	2.415818e-01	-6.104017e-01	-5.507214e-01	-5.968023e-02
3.400000e-02	-2.597311e-01	2.555138e-01	-6.455940e-01	-5.825280e-01	-6.306592e-02
3.500000e-02	-2.747773e-01	2.703173e-01	-6.824355e-01	-6.159950e-01	-6.644047e-02
3.600000e-02	-2.905582e-01	2.859002e-01	-7.207168e-01	-6.509166e-01	-6.980020e-02
3.700000e-02	-3.070116e-01	3.022167e-01	-7.603890e-01	-6.872061e-01	-7.318291e-02
3.800000e-02	-3.240181e-01	3.191413e-01	-8.011509e-01	-7.245936e-01	-7.655729e-02
3.900000e-02	-3.413262e-01	3.364071e-01	-8.425522e-01	-7.626023e-01	-7.994984e-02
4.000000e-02	-3.591566e-01	3.542122e-01	-8.849810e-01	-8.016471e-01	-8.333392e-02
4.100000e-02	-3.774718e-01	3.725246e-01	-9.283212e-01	-8.416325e-01	-8.668877e-02
4.200000e-02	-3.961411e-01	3.911956e-01	-9.722400e-01	-8.822611e-01	-8.997883e-02
4.300000e-02	-4.151651e-01	4.102226e-01	-1.016535e+00	-9.234327e-01	-9.310253e-02
4.400000e-02	-4.341829e-01	4.292695e-01	-1.060292e+00	-9.643291e-01	-9.596322e-02
4.500000e-02	-4.531299e-01	4.482925e-01	-1.103361e+00	-1.004811e+00	-9.855069e-02
4.600000e-02	-4.721358e-01	4.674500e-01	-1.145794e+00	-1.045033e+00	-1.007614e-01
4.700000e-02	-4.911031e-01	4.866700e-01	-1.187260e+00	-1.084733e+00	-1.025269e-01
4.800000e-02	-5.097429e-01	5.056926e-01	-1.227155e+00	-1.123321e+00	-1.038347e-01
4.900000e-02	-5.282366e-01	5.246714e-01	-1.265901e+00	-1.161187e+00	-1.047138e-01
5.000000e-02	-5.461267e-01	5.431539e-01	-1.302705e+00	-1.197479e+00	-1.052257e-01
5.100000e-02	-5.633359e-01	5.610348e-01	-1.337451e+00	-1.232061e+00	-1.053896e-01
5.200000e-02	-5.792172e-01	5.777017e-01	-1.368873e+00	-1.263654e+00	-1.052194e-01
5.300000e-02	-5.938699e-01	5.932458e-01	-1.397019e+00	-1.292380e+00	-1.046398e-01
5.400000e-02	-6.068279e-01	6.072751e-01	-1.420715e+00	-1.317185e+00	-1.035296e-01
5.500000e-02	-6.180366e-01	6.197682e-01	-1.439514e+00	-1.337793e+00	-1.017201e-01
5.600000e-02	-6.272407e-01	6.305084e-01	-1.452781e+00	-1.353631e+00	-9.914958e-02
5.700000e-02	-6.348305e-01	6.398856e-01	-1.461266e+00	-1.365463e+00	-9.580246e-02
5.800000e-02	-6.411349e-01	6.482123e-01	-1.465779e+00	-1.374024e+00	-9.175453e-02
5.900000e-02	-6.467017e-01	6.559952e-01	-1.467666e+00	-1.380535e+00	-8.713132e-02
6.000000e-02	-6.513955e-01	6.630441e-01	-1.466906e+00	-1.384849e+00	-8.205770e-02
6.100000e-02	-6.552894e-01	6.693645e-01	-1.463982e+00	-1.387280e+00	-7.670137e-02
6.200000e-02	-6.583258e-01	6.748545e-01	-1.458996e+00	-1.387824e+00	-7.117217e-02
6.300000e-02	-6.604841e-01	6.795036e-01	-1.451928e+00	-1.386448e+00	-6.548011e-02
6.400000e-02	-6.622168e-01	6.837152e-01	-1.443871e+00	-1.384152e+00	-5.971854e-02
6.500000e-02	-6.636614e-01	6.875290e-01	-1.435516e+00	-1.381419e+00	-5.409664e-02
6.600000e-02	-6.648379e-01	6.909386e-01	-1.427103e+00	-1.378389e+00	-4.871348e-02
6.700000e-02	-6.656987e-01	6.939033e-01	-1.418763e+00	-1.375080e+00	-4.368258e-02
6.800000e-02	-6.666595e-01	6.967933e-01	-1.411292e+00	-1.372306e+00	-3.898678e-02
6.900000e-02	-6.674243e-01	6.993530e-01	-1.403922e+00	-1.369385e+00	-3.453668e-02
7.000000e-02	-6.679822e-01	7.015951e-01	-1.396830e+00	-1.366397e+00	-3.043261e-02
7.100000e-02	-6.683638e-01	7.035420e-01	-1.389908e+00	-1.363318e+00	-2.659030e-02
7.200000e-02	-6.693590e-01	7.059836e-01	-1.384952e+00	-1.361835e+00	-2.311689e-02
7.300000e-02	-6.717349e-01	7.096320e-01	-1.383595e+00	-1.363532e+00	-2.006243e-02
7.400000e-02	-6.758099e-01	7.147669e-01	-1.386651e+00	-1.369136e+00	-1.751576e-02
7.500000e-02	-6.813643e-01	7.211369e-01	-1.393754e+00	-1.378241e+00	-1.551251e-02
7.600000e-02	-6.890384e-01	7.292607e-01	-1.406296e+00	-1.392186e+00	-1.410955e-02
7.700000e-02	-6.977163e-01	7.381635e-01	-1.421296e+00	-1.408364e+00	-1.293196e-02
7.800000e-02	-7.071256e-01	7.475735e-01	-1.438933e+00	-1.426592e+00	-1.234108e-02
7.900000e-02	-7.155668e-01	7.559130e-01	-1.455179e+00	-1.443156e+00	-1.202251e-02
8.000000e-02	-7.227234e-01	7.628451e-01	-1.471724e+00	-1.458586e+00	-1.313885e-02
8.100000e-02	-7.291012e-01	7.690221e-01	-1.488628e+00	-1.473415e+00	-1.521264e-02
8.200000e-02	-7.342146e-01	7.739427e-01	-1.505973e+00	-1.487201e+00	-1.877171e-02
8.300000e-02	-7.367841e-01	7.762097e-01	-1.519509e+00	-1.496538e+00	-2.297020e-02
8.400000e-02	-7.380283e-01	7.770860e-01	-1.532853e+00	-1.504455e+00	-2.839838e-02
8.500000e-02	-7.389233e-01	7.775540e-01	-1.545174e+00	-1.511510e+00	-3.366372e-02
8.600000e-02	-7.411763e-01	7.794566e-01	-1.560946e+00	-1.521649e+00	-3.929677e-02
8.700000e-02	-7.449689e-01	7.829893e-01	-1.577893e+00	-1.533915e+00	-4.397751e-02
8.800000e-02	-7.493277e-01	7.870638e-01	-1.596477e+00	-1.547566e+00	-4.891084e-02
8.900000e-02	-7.525301e-01	7.897588e-01	-1.612801e+00	-1.558930e+00	-5.387030e-02
9.000000e-02	-7.555216e-01	7.919645e-01	-1.628904e+00	-1.569974e+00	-5.893057e-02
9.100000e-02	-7.600256e-01	7.954991e-01	-1.647031e+00	-1.583541e+00	-6.348997e-02
9.200000e-02	-7.673360e-01	8.017301e-01	-1.669607e+00	-1.602139e+00	-6.746735e-02
9.300000e-02	-7.772845e-01	8.106462e-01	-1.695992e+00	-1.625281e+00	-7.071158e-02
9.400000e-02	-7.897959e-01	8.221498e-01	-1.726605e+00	-1.653098e+00	-7.350648e-02
9.500000e-02	-8.039627e-01	8.354598e-01	-1.759738e+00	-1.683832e+00	-7.590637e-02
9.600000e-02	-8.193636e-01	8.501519e-01	-1.794856e+00	-1.716791e+00	-7.806414e-02
9.700000e-02	-8.351437e-01	8.654499e-01	-1.830404e+00	-1.750346e+00	-8.005829e-02
9.800000e-02	-8.508901e-01	8.808874e-01	-1.865929e+00	-1.783855e+00	-8.207465e-02
9.900000e-02	-8.662030e-01	8.960077e-01	-1.900649e+00	-1.816528e+00	-8.412157e-02
1.000000e-01	-8.807003e-01	9.101980e-01	-1.934359e+00	-1.847880e+00	-8.647895e-02
1.010000e-01	-8.941408e-01	9.231785e-01	-1.966500e+00	-1.877391e+00	-8.910925e-02
1.020000e-01	-9.069854e-01	9.353466e-01	-1.998145e+00	-1.906058e+00	-9.208696e-02
1.030000e-01	-9.192866e-01	9.468691e-01	-2.028983e+00	-1.933778e+00	-9.520480e-02
1.040000e-01	-9.308494e-01	9.574977e-01	-2.058917e+00	-1.960308e+00	-9.860917e-02
1.050000e-01	-9.414262e-01	9.671101e-01	-2.087152e+00	-1.985002e+00	-1.021495e-01
1.060000e-01	-9.513333e-01	9.759353e-01	-2.114395e+00	-2.008531e+00	-1.058644e-01
1.070000e-01	-9.611579e-01	9.847060e-01	-2.141163e+00	-2.031739e+00	-1.094237e-01
1.080000e-01	-9.713949e-01	9.938716e-01	-2.168479e+00	-2.055634e+00	-1.128446e-01
1.090000e-01	-9.820962e-01	1.003536e+00	-2.196233e+00	-2.080213e+00	-1.160203e-01
1.100000e-01	-9.936190e-01	1.014005e+00	-2.225241e+00	-2.106239e+00	-1.190013e-01
1.110000e-01	-1.005864e+00	1.025193e+00	-2.255130e+00	-2.133428e+00	-1.217013e-01
1.120000e-01	-1.018659e+00	1.036852e+00	-2.285856e+00	-2.161586e+00	-1.242692e-01
1.130000e-01	-1.031846e+00	1.048862e+00	-2.317017e+00	-2.190355e+00	-1.266622e-01
1.140000e-01	-1.045469e+00	1.061238e+00	-2.348794e+00	-2.219866e+00	-1.289275e-01
1.150000e-01	-1.059627e+00	1.074188e+00	-2.381138e+00	-2.250196e+00	-1.309420e-01
1.160000e-01	-1.074581e+00	1.087979e+00	-2.414527e+00	-2.281845e+00	-1.326824e-01
1.170000e-01	-1.090317e+00	1.102681e+00	-2.448840e+00	-2.314737e+00	-1.341028e-01
1.180000e-01	-1.106969e+00	1.118384e+00	-2.484411e+00	-2.349175e+00	-1.352360e-01
1.190000e-01	-1.124379e+00	1.135005e+00	-2.520774e+00	-2.384766e+00	-1.360079e-01
1.200000e-01	-1.142101e+00	1.151896e+00	-2.557552e+00	-2.420877e+00	-1.366752e-01
1.210000e-01	-1.160135e+00	1.169123e+00	-2.594559e+00	-2.457414e+00	-1.371446e-01
1.220000e-01	-1.178227e+00	1.186246e+00	-2.631685e+00	-2.494069e+00	-1.376153e-01
1.230000e-01	-1.196341e+00	1.203394e+00	-2.668573e+00	-2.530628e+00	-1.379453e-01
1.240000e-01	-1.214295e+00	1.220282e+00	-2.705239e+00	-2.566914e+00	-1.383249e-01
1.250000e-01	-1.231772e+00	1.236757e+00	-2.740930e+00	-2.602238e+00	-1.386927e-01
1.260000e-01	-1.248938e+00	1.252897e+00	-2.776126e+00	-2.637000e+00	-1.391252e-01
1.270000e-01	-1.266050e+00	1.269143e+00	-2.810936e+00	-2.671518e+00	-1.394176e-01
1.280000e-01	-1.283191e+00	1.285452e+00	-2.845614e+00	-2.705998e+00	-1.396156e-01
1.290000e-01	-1.300444e+00	1.302026e+00	-2.880182e+00	-2.740535e+00	-1.396467e-01
1.300000e-01	-1.317715e+00	1.318567e+00	-2.914789e+00	-2.775110e+00	-1.396795e-01
1.310000e-01	-1.334673e+00	1.334807e+00	-2.948804e+00	-2.809075e+00	-1.397290e-01
1.320000e-01	-1.351063e+00	1.350313e+00	-2.981988e+00	-2.842057e+00	-1.399310e-01
1.330000e-01	-1.366904e+00	1.365248e+00	-3.014070e+00	-2.873939e+00	-1.401312e-01
1.340000e-01	-1.382269e+00	1.379630e+00	-3.045249e+00	-2.904893e+00	-1.403552e-01
1.350000e-01	-1.397108e+00	1.393540e+00	-3.075273e+00	-2.934745e+00	-1.405287e-01
1.360000e-01	-1.411468e+00	1.406923e+00	-3.104452e+00	-2.963694e+00	-1.407578e-01
1.370000e-01	-1.425376e+00	1.419895e+00	-3.132722e+00	-2.991737e+00	-1.409847e-01
1.380000e-01	-1.438975e+00	1.432497e+00	-3.160529e+00	-3.019240e+00	-1.412891e-01
1.390000e-01	-1.452261e+00	1.444794e+00	-3.187734e+00	-3.046128e+00	-1.416058e-01
1.400000e-01	-1.465403e+00	1.456912e+00	-3.214728e+00	-3.072767e+00	-1.419611e-01
1.410000e-01	-1.478331e+00	1.468867e+00	-3.241211e+00	-3.098936e+00	-1.422747e-01
1.420000e-01	-1.490991e+00	1.480530e+00	-3.267270e+00	-3.124627e+00	-1.426439e-01
1.430000e-01	-1.503514e+00	1.492129e+00	-3.292821e+00	-3.149924e+00	-1.428964e-01
1.440000e-01	-1.515893e+00	1.503575e+00	-3.318110e+00	-3.174948e+00	-1.431615e-01
1.450000e-01	-1.528165e+00	1.515002e+00	-3.342812e+00	-3.199571e+00	-1.432414e-01
1.460000e-01	-1.540377e+00	1.526352e+00	-3.367431e+00	-3.224092e+00	-1.433388e-01
1.470000e-01	-1.552490e+00	1.537695e+00	-3.391460e+00	-3.248220e+00	-1.432403e-01
1.480000e-01	-1.564484e+00	1.548892e+00	-3.415416e+00	-3.272192e+00	-1.432237e-01
1.490000e-01	-1.576322e+00	1.560009e+00	-3.438737e+00	-3.295691e+00	-1.430465e-01
1.500000e-01	-1.587953e+00	1.570871e+00	-3.461881e+00	-3.318894e+00	-1.429876e-01
1.510000e-01	-1.599377e+00	1.581593e+00	-3.484387e+00	-3.341571e+00	-1.428160e-01
1.520000e-01	-1.610632e+00	1.592100e+00	-3.506722e+00	-3.363993e+00	-1.427294e-01
1.530000e-01	-1.621761e+00	1.602537e+00	-3.528528e+00	-3.386024e+00	-1.425032e-01
1.540000e-01	-1.632779e+00	1.612844e+00	-3.550184e+00	-3.407871e+00	-1.423128e-01
1.550000e-01	-1.643750e+00	1.623178e+00	-3.571487e+00	-3.429493e+00	-1.419940e-01
1.560000e-01	-1.654656e+00	1.633445e+00	-3.592728e+00	-3.451020e+00	-1.417086e-01
1.570000e-01	-1.665578e+00	1.643812e+00	-3.613764e+00	-3.472460e+00	-1.413039e-01
1.580000e-01	-1.676397e+00	1.654069e+00	-3.634701e+00	-3.493747e+00	-1.409539e-01
1.590000e-01	-1.687078e+00	1.664255e+00	-3.655241e+00	-3.514698e+00	-1.405429e-01
1.600000e-01	-1.697516e+00	1.674176e+00	-3.675469e+00	-3.535250e+00	-1.402189e-01
1.610000e-01	-1.707790e+00	1.683982e+00	-3.695260e+00	-3.555420e+00	-1.398397e-01
1.620000e-01	-1.717793e+00	1.693466e+00	-3.714685e+00	-3.575136e+00	-1.395489e-01
1.630000e-01	-1.727629e+00	1.702825e+00	-3.733671e+00	-3.594464e+00	-1.392072e-01
1.640000e-01	-1.737240e+00	1.711905e+00	-3.752389e+00	-3.613435e+00	-1.389541e-01
1.650000e-01	-1.746732e+00	1.720921e+00	-3.770696e+00	-3.632080e+00	-1.386166e-01
1.660000e-01	-1.756025e+00	1.729689e+00	-3.788758e+00	-3.650404e+00	-1.383542e-01
1.670000e-01	-1.765184e+00	1.738387e+00	-3.806414e+00	-3.668391e+00	-1.380236e-01
1.680000e-01	-1.774126e+00	1.746827e+00	-3.823752e+00	-3.686001e+00	-1.377501e-01
1.690000e-01	-1.782948e+00	1.755224e+00	-3.840725e+00	-3.703310e+00	-1.374146e-01
1.700000e-01	-1.791614e+00	1.763428e+00	-3.857498e+00	-3.720363e+00	-1.371351e-01
1.710000e-01	-1.800209e+00	1.771636e+00	-3.874019e+00	-3.737219e+00	-1.368007e-01
1.720000e-01	-1.808686e+00	1.779688e+00	-3.890356e+00	-3.753864e+00	-1.364923e-01
1.730000e-01	-1.817071e+00	1.787717e+00	-3.906429e+00	-3.770285e+00	-1.361432e-01
1.740000e-01	-1.825266e+00	1.795512e+00	-3.922182e+00	-3.786357e+00	-1.358252e-01
1.750000e-01	-1.833350e+00	1.803261e+00	-3.937652e+00	-3.802176e+00	-1.354755e-01
1.760000e-01	-1.841284e+00	1.810810e+00	-3.952916e+00	-3.817742e+00	-1.351734e-01
1.770000e-01	-1.849166e+00	1.818365e+00	-3.967960e+00	-3.833145e+00	-1.348144e-01
1.780000e-01	-1.856900e+00	1.825716e+00	-3.982802e+00	-3.848301e+00	-1.345010e-01
1.790000e-01	-1.864540e+00	1.833037e+00	-3.997409e+00	-3.863244e+00	-1.341643e-01
1.800000e-01	-1.871958e+00	1.840071e+00	-4.011662e+00	-3.877788e+00	-1.338731e-01
1.810000e-01	-1.879258e+00	1.847064e+00	-4.025621e+00	-3.892069e+00	-1.335529e-01
1.820000e-01	-1.886369e+00	1.853809e+00	-4.039312e+00	-3.906026e+00	-1.332869e-01
1.830000e-01	-1.893398e+00	1.860546e+00	-4.052750e+00	-3.919773e+00	-1.329767e-01
1.840000e-01	-1.900251e+00	1.867068e+00	-4.065920e+00	-3.933210e+00	-1.327093e-01
1.850000e-01	-1.907011e+00	1.873567e+00	-4.078854e+00	-3.946438e+00	-1.324157e-01
1.860000e-01	-1.913607e+00	1.879851e+00	-4.091519e+00	-3.959366e+00	-1.321522e-01
1.870000e-01	-1.920099e+00	1.886101e+00	-4.103940e+00	-3.972069e+00	-1.318716e-01
1.880000e-01	-1.926397e+00	1.892096e+00	-4.116039e+00	-3.984417e+00	-1.316220e-01
1.890000e-01	-1.932627e+00	1.898087e+00	-4.127928e+00	-3.996591e+00	-1.313366e-01
1.900000e-01	-1.938729e+00	1.903892e+00	-4.139645e+00	-4.008552e+00	-1.310938e-01
1.910000e-01	-1.944780e+00	1.909724e+00	-4.151176e+00	-4.020368e+00	-1.308085e-01
1.920000e-01	-1.950671e+00	1.915340e+00	-4.162447e+00	-4.031895e+00	-1.305523e-01
1.930000e-01	-1.956516e+00	1.920990e+00	-4.173533e+00	-4.043282e+00	-1.302506e-01
1.940000e-01	-1.962202e+00	1.926424e+00	-4.184367e+00	-4.054385e+00	-1.299821e-01
1.950000e-01	-1.967844e+00	1.931892e+00	-4.195057e+00	-4.065372e+00	-1.296845e-01
1.960000e-01	-1.973306e+00	1.937122e+00	-4.205469e+00	-4.076041e+00	-1.294283e-01
1.970000e-01	-1.978744e+00	1.942400e+00	-4.215774e+00	-4.086632e+00	-1.291425e-01
1.980000e-01	-1.984042e+00	1.947478e+00	-4.225804e+00	-4.096944e+00	-1.288597e-01
1.990000e-01	-1.989311e+00	1.952602e+00	-4.235754e+00	-4.107188e+00	-1.285659e-01
2.000000e-01	-1.994407e+00	1.957482e+00	-4.245357e+00	-4.117085e+00	-1.282715e-01
2.010000e-01	-1.999456e+00	1.962390e+00	-4.254878e+00	-4.126895e+00	-1.279829e-01
2.020000e-01	-2.004315e+00	1.967044e+00	-4.264006e+00	-4.136318e+00	-1.276878e-01
2.030000e-01	-2.009152e+00	1.971750e+00	-4.273110e+00	-4.145707e+00	-1.274032e-01
2.040000e-01	-2.013787e+00	1.976192e+00	-4.281803e+00	-4.154688e+00	-1.271146e-01
2.050000e-01	-2.018430e+00	1.980713e+00	-4.290573e+00	-4.163716e+00	-1.268570e-01
2.060000e-01	-2.022898e+00	1.984998e+00	-4.298950e+00	-4.172373e+00	-1.265769e-01
2.070000e-01	-2.027395e+00	1.989378e+00	-4.307422e+00	-4.181106e+00	-1.263165e-01
2.080000e-01	-2.031680e+00	1.993494e+00	-4.315442e+00	-4.189401e+00	-1.260409e-01
2.090000e-01	-2.035992e+00	1.997694e+00	-4.323595e+00	-4.197790e+00	-1.258052e-01
2.100000e-01	-2.040085e+00	2.001632e+00	-4.331256e+00	-4.205713e+00	-1.255432e-01
2.110000e-01	-2.044174e+00	2.005620e+00	-4.338988e+00	-4.213668e+00	-1.253200e-01
2.120000e-01	-2.048090e+00	2.009386e+00	-4.346318e+00	-4.221249e+00	-1.250688e-01
2.130000e-01	-2.052026e+00	2.013234e+00	-4.353780e+00	-4.228916e+00	-1.248638e-01
2.140000e-01	-2.055748e+00	2.016824e+00	-4.360765e+00	-4.236131e+00	-1.246343e-01
2.150000e-01	-2.059491e+00	2.020491e+00	-4.367870e+00	-4.243426e+00	-1.244441e-01
2.160000e-01	-2.063022e+00	2.023898e+00	-4.374512e+00	-4.250278e+00	-1.242338e-01
2.170000e-01	-2.066592e+00	2.027399e+00	-4.381291e+00	-4.257238e+00	-1.240537e-01
2.180000e-01	-2.070031e+00	2.030721e+00	-4.387703e+00	-4.263883e+00	-1.238204e-01
2.190000e-01	-2.073525e+00	2.034144e+00	-4.394283e+00	-4.270666e+00	-1.236171e-01
2.200000e-01	-2.076788e+00	2.037288e+00	-4.400373e+00	-4.276974e+00	-1.233987e-01
2.210000e-01	-2.080033e+00	2.040463e+00	-4.406539e+00	-4.283303e+00	-1.232360e-01
2.220000e-01	-2.083057e+00	2.043369e+00	-4.412214e+00	-4.289164e+00	-1.230502e-01
2.230000e-01	-2.086153e+00	2.046399e+00	-4.418086e+00	-4.295197e+00	-1.228897e-01
2.240000e-01	-2.089151e+00	2.049284e+00	-4.423652e+00	-4.300977e+00	-1.226746e-01
2.250000e-01	-2.092221e+00	2.052300e+00	-4.429412e+00	-4.306927e+00	-1.224847e-01
2.260000e-01	-2.095113e+00	2.055094e+00	-4.434743e+00	-4.312485e+00	-1.222583e-01
2.270000e-01	-2.097989e+00	2.057918e+00	-4.440138e+00	-4.318058e+00	-1.220802e-01
2.280000e-01	-2.100733e+00	2.060566e+00	-4.445212e+00	-4.323339e+00	-1.218730e-01
2.290000e-01	-2.103513e+00	2.063288e+00	-4.450466e+00	-4.328746e+00	-1.217201e-01
2.300000e-01	-2.106135e+00	2.065806e+00	-4.455334e+00	-4.333802e+00	-1.215323e-01
2.310000e-01	-2.108762e+00	2.068371e+00	-4.460314e+00	-4.338919e+00	-1.213948e-01
2.320000e-01	-2.111207e+00	2.070716e+00	-4.464876e+00	-4.343645e+00	-1.212313e-01
2.330000e-01	-2.113655e+00	2.073110e+00	-4.469564e+00	-4.348437e+00	-1.211271e-01
2.340000e-01	-2.115974e+00	2.075335e+00	-4.473899e+00	-4.352923e+00	-1.209754e-01
2.350000e-01	-2.118371e+00	2.077680e+00	-4.478471e+00	-4.357607e+00	-1.208646e-01
2.360000e-01	-2.120662e+00	2.079880e+00	-4.482717e+00	-4.362021e+00	-1.206963e-01
2.370000e-01	-2.122956e+00	2.082133e+00	-4.487046e+00	-4.366479e+00	-1.205667e-01
2.380000e-01	-2.125093e+00	2.084186e+00	-4.490958e+00	-4.370572e+00	-1.203859e-01
2.390000e-01	-2.127284e+00	2.086331e+00	-4.495081e+00	-4.374824e+00	-1.202564e-01
2.400000e-01	-2.129349e+00	2.088313e+00	-4.498881e+00	-4.378790e+00	-1.200915e-01
2.410000e-01	-2.131463e+00	2.090387e+00	-4.502860e+00	-4.382893e+00	-1.199670e-01
2.420000e-01	-2.133396e+00	2.092237e+00	-4.506442e+00	-4.386617e+00	-1.198251e-01
2.430000e-01	-2.135355e+00	2.094150e+00	-4.510205e+00	-4.390458e+00	-1.197470e-01
2.440000e-01	-2.137207e+00	2.095919e+00	-4.513678e+00	-4.394046e+00	-1.196319e-01
2.450000e-01	-2.139098e+00	2.097767e+00	-4.517346e+00	-4.397771e+00	-1.195756e-01
2.460000e-01	-2.140823e+00	2.099418e+00	-4.520583e+00	-4.401115e+00	-1.194681e-01
2.470000e-01	-2.142598e+00	2.101158e+00	-4.523987e+00	-4.404592e+00	-1.193952e-01
2.480000e-01	-2.144237e+00	2.102737e+00	-4.527040e+00	-4.407757e+00	-1.192828e-01
2.490000e-01	-2.145976e+00	2.104444e+00	-4.530351e+00	-4.411151e+00	-1.191996e-01
2.500000e-01	-2.147628e+00	2.106031e+00	-4.533392e+00	-4.414324e+00	-1.190675e-01
2.510000e-01	-2.149333e+00	2.107698e+00	-4.536602e+00	-4.417634e+00	-1.189683e-01
2.520000e-01	-2.150831e+00	2.109129e+00	-4.539369e+00	-4.420515e+00	-1.188538e-01
2.530000e-01	-2.152421e+00	2.110685e+00	-4.542395e+00	-4.423618e+00	-1.187766e-01
2.540000e-01	-2.153873e+00	2.112074e+00	-4.545073e+00	-4.426410e+00	-1.186632e-01
2.550000e-01	-2.155388e+00	2.113558e+00	-4.547958e+00	-4.429367e+00	-1.185914e-01
2.560000e-01	-2.156787e+00	2.114898e+00	-4.550534e+00	-4.432054e+00	-1.184797e-01
2.570000e-01	-2.158216e+00	2.116302e+00	-4.553268e+00	-4.434850e+00	-1.184185e-01
2.580000e-01	-2.159493e+00	2.117519e+00	-4.555646e+00	-4.437316e+00	-1.183297e-01
2.590000e-01	-2.160838e+00	2.118837e+00	-4.558264e+00	-4.439970e+00	-1.182945e-01
2.600000e-01	-2.162101e+00	2.120051e+00	-4.560588e+00	-4.442395e+00	-1.181928e-01
2.610000e-01	-2.163477e+00	2.121412e+00	-4.563187e+00	-4.445071e+00	-1.181168e-01
2.620000e-01	-2.164696e+00	2.122581e+00	-4.565415e+00	-4.447403e+00	-1.180118e-01
2.630000e-01	-2.165933e+00	2.123800e+00	-4.567791e+00	-4.449828e+00	-1.179623e-01
2.640000e-01	-2.167034e+00	2.124848e+00	-4.569827e+00	-4.451948e+00	-1.178791e-01
2.650000e-01	-2.168207e+00	2.125991e+00	-4.572100e+00	-4.454257e+00	-1.178426e-01
2.660000e-01	-2.169316e+00	2.127047e+00	-4.574084e+00	-4.456358e+00	-1.177265e-01
2.670000e-01	-2.170477e+00	2.128188e+00	-4.576313e+00	-4.458634e+00	-1.176789e-01
2.680000e-01	-2.171488e+00	2.129159e+00	-4.578146e+00	-4.460561e+00	-1.175844e-01
2.690000e-01	-2.172637e+00	2.130297e+00	-4.580346e+00	-4.462810e+00	-1.175362e-01
2.700000e-01	-2.173647e+00	2.131262e+00	-4.582204e+00	-4.464749e+00	-1.174552e-01
2.710000e-01	-2.174702e+00	2.132292e+00	-4.584269e+00	-4.466837e+00	-1.174322e-01
2.720000e-01	-2.175599e+00	2.133146e+00	-4.585916e+00	-4.468557e+00	-1.173596e-01
2.730000e-01	-2.176579e+00	2.134105e+00	-4.587827e+00	-4.470492e+00	-1.173348e-01
2.740000e-01	-2.177449e+00	2.134937e+00	-4.589428e+00	-4.472163e+00	-1.172644e-01
2.750000e-01	-2.178438e+00	2.135909e+00	-4.591340e+00	-4.474108e+00	-1.172325e-01
2.760000e-01	-2.179276e+00	2.136712e+00	-4.592854e+00	-4.475702e+00	-1.171513e-01
2.770000e-01	-2.180203e+00	2.137628e+00	-4.594624e+00	-4.477515e+00	-1.171093e-01
2.780000e-01	-2.181013e+00	2.138410e+00	-4.596066e+00	-4.479046e+00	-1.170199e-01
2.790000e-01	-2.181907e+00	2.139287e+00	-4.597807e+00	-4.480810e+00	-1.169970e-01
2.800000e-01	-2.182639e+00	2.139981e+00	-4.599167e+00	-4.482222e+00	-1.169450e-01
2.810000e-01	-2.183501e+00	2.140829e+00	-4.600827e+00	-4.483914e+00	-1.169126e-01
2.820000e-01	-2.184245e+00	2.141542e+00	-4.602170e+00	-4.485330e+00	-1.168397e-01
2.830000e-01	-2.185050e+00	2.142332e+00	-4.603734e+00	-4.486917e+00	-1.168166e-01
2.840000e-01	-2.185709e+00	2.142961e+00	-4.604930e+00	-4.488173e+00	-1.167561e-01
2.850000e-01	-2.186501e+00	2.143742e+00	-4.606471e+00	-4.489736e+00	-1.167345e-01
2.860000e-01	-2.187173e+00	2.144384e+00	-4.607671e+00	-4.491009e+00	-1.166622e-01
2.870000e-01	-2.187916e+00	2.145120e+00	-4.609119e+00	-4.492476e+00	-1.166431e-01
2.880000e-01	-2.188505e+00	2.145677e+00	-4.610172e+00	-4.493591e+00	-1.165809e-01
2.890000e-01	-2.189243e+00	2.146406e+00	-4.611615e+00	-4.495050e+00	-1.165644e-01
2.900000e-01	-2.189845e+00	2.146983e+00	-4.612668e+00	-4.496179e+00	-1.164890e-01
2.910000e-01	-2.190568e+00	2.147698e+00	-4.614072e+00	-4.497604e+00	-1.164681e-01
2.920000e-01	-2.191097e+00	2.148199e+00	-4.615013e+00	-4.498604e+00	-1.164094e-01
2.930000e-01	-2.191742e+00	2.148840e+00	-4.616289e+00	-4.499886e+00	-1.164030e-01
2.940000e-01	-2.192261e+00	2.149332e+00	-4.617203e+00	-4.500863e+00	-1.163403e-01
2.950000e-01	-2.192907e+00	2.149968e+00	-4.618467e+00	-4.502141e+00	-1.163259e-01
2.960000e-01	-2.193417e+00	2.150454e+00	-4.619331e+00	-4.503082e+00	-1.162489e-01
2.970000e-01	-2.194069e+00	2.151098e+00	-4.620593e+00	-4.504366e+00	-1.162275e-01
2.980000e-01	-2.194499e+00	2.151501e+00	-4.621338e+00	-4.505168e+00	-1.161703e-01
2.990000e-01	-2.195072e+00	2.152074e+00	-4.622457e+00	-4.506300e+00	-1.161569e-01
3.000000e-01	-2.195494e+00	2.152473e+00	-4.623196e+00	-4.507091e+00	-1.161043e-01
3.010000e-01	-2.196101e+00	2.153073e+00	-4.624403e+00	-4.508302e+00	-1.161007e-01
3.020000e-01	-2.196554e+00	2.153510e+00	-4.625167e+00	-4.509137e+00	-1.160297e-01
3.030000e-01	-2.197138e+00	2.154096e+00	-4.626295e+00	-4.510285e+00	-1.160101e-01
3.040000e-01	-2.197511e+00	2.154450e+00	-4.626943e+00	-4.510982e+00	-1.159608e-01
3.050000e-01	-2.198056e+00	2.154997e+00	-4.628014e+00	-4.512063e+00	-1.159511e-01
3.060000e-01	-2.198456e+00	2.155371e+00	-4.628723e+00	-4.512818e+00	-1.159055e-01
3.070000e-01	-2.198989e+00	2.155896e+00	-4.629787e+00	-4.513883e+00	-1.159044e-01
3.080000e-01	-2.199354e+00	2.156242e+00	-4.630381e+00	-4.514544e+00	-1.158367e-01
3.090000e-01	-2.199853e+00	2.156737e+00	-4.631375e+00	-4.515540e+00	-1.158342e-01
3.100000e-01	-2.200182e+00	2.157045e+00	-4.631919e+00	-4.516141e+00	-1.157780e-01
3.110000e-01	-2.200656e+00	2.157523e+00	-4.632866e+00	-4.517089e+00	-1.157769e-01
3.120000e-01	-2.200990e+00	2.157834e+00	-4.633431e+00	-4.517705e+00	-1.157259e-01
3.130000e-01	-2.201433e+00	2.158279e+00	-4.634314e+00	-4.518590e+00	-1.157234e-01
3.140000e-01	-2.201744e+00	2.158579e+00	-4.634814e+00	-4.519151e+00	-1.156631e-01
3.150000e-01	-2.202200e+00	2.159038e+00	-4.635716e+00	-4.520058e+00	-1.156579e-01
3.160000e-01	-2.202458e+00	2.159270e+00	-4.636163e+00	-4.520539e+00	-1.156239e-01
3.170000e-01	-2.202870e+00	2.159681e+00	-4.637026e+00	-4.521383e+00	-1.156425e-01
3.180000e-01	-2.203130e+00	2.159918e+00	-4.637472e+00	-4.521866e+00	-1.156059e-01
3.190000e-01	-2.203564e+00	2.160355e+00	-4.638311e+00	-4.522720e+00	-1.155910e-01
3.200000e-01	-2.203890e+00	2.160672e+00	-4.638798e+00	-4.523289e+00	-1.155089e-01
3.210000e-01	-2.204334e+00	2.161121e+00	-4.639672e+00	-4.524170e+00	-1.155021e-01
3.220000e-01	-2.204578e+00	2.161348e+00	-4.640071e+00	-4.524614e+00	-1.154579e-01
3.230000e-01	-2.204953e+00	2.161731e+00	-4.640816e+00	-4.525361e+00	-1.154550e-01
3.240000e-01	-2.205151e+00	2.161908e+00	-4.641143e+00	-4.525723e+00	-1.154200e-01
3.250000e-01	-2.205521e+00	2.162278e+00	-4.641890e+00	-4.526466e+00	-1.154236e-01
3.260000e-01	-2.205772e+00	2.162513e+00	-4.642269e+00	-4.526906e+00	-1.153627e-01
3.270000e-01	-2.206122e+00	2.162865e+00	-4.643000e+00	-4.527622e+00	-1.153786e-01
3.280000e-01	-2.206249e+00	2.162971e+00	-4.643236e+00	-4.527867e+00	-1.153691e-01
3.290000e-01	-2.206555e+00	2.163282e+00	-4.643879e+00	-4.528494e+00	-1.153849e-01
3.300000e-01	-2.206773e+00	2.163483e+00	-4.644216e+00	-4.528881e+00	-1.153351e-01
3.310000e-01	-2.207165e+00	2.163886e+00	-4.644964e+00	-4.529647e+00	-1.153170e-01
3.320000e-01	-2.207405e+00	2.164116e+00	-4.645309e+00	-4.530059e+00	-1.152493e-01
3.330000e-01	-2.207763e+00	2.164481e+00	-4.646020e+00	-4.530773e+00	-1.152469e-01
3.340000e-01	-2.207902e+00	2.164599e+00	-4.646223e+00	-4.531014e+00	-1.152088e-01
3.350000e-01	-2.208176e+00	2.164878e+00	-4.646804e+00	-4.531578e+00	-1.152264e-01
3.360000e-01	-2.208323e+00	2.165002e+00	-4.647044e+00	-4.531845e+00	-1.151991e-01
3.370000e-01	-2.208652e+00	2.165336e+00	-4.647695e+00	-4.532500e+00	-1.151952e-01
3.380000e-01	-2.208823e+00	2.165494e+00	-4.647929e+00	-4.532787e+00	-1.151417e-01
3.390000e-01	-2.209131e+00	2.165813e+00	-4.648559e+00	-4.533410e+00	-1.151487e-01
3.400000e-01	-2.209234e+00	2.165899e+00	-4.648716e+00	-4.533592e+00	-1.151240e-01
3.410000e-01	-2.209514e+00	2.166185e+00	-4.649288e+00	-4.534158e+00	-1.151299e-01
3.420000e-01	-2.209611e+00	2.166261e+00	-4.649453e+00	-4.534337e+00	-1.151158e-01
3.430000e-01	-2.209868e+00	2.166525e+00	-4.649986e+00	-4.534861e+00	-1.151245e-01
3.440000e-01	-2.209985e+00	2.166627e+00	-4.650130e+00	-4.535050e+00	-1.150796e-01
3.450000e-01	-2.210303e+00	2.166952e+00	-4.650744e+00	-4.535675e+00	-1.150684e-01
3.460000e-01	-2.210424e+00	2.167055e+00	-4.650894e+00	-4.535871e+00	-1.150228e-01
3.470000e-01	-2.210709e+00	2.167352e+00	-4.651438e+00	-4.536428e+00	-1.150099e-01
3.480000e-01	-2.210826e+00	2.167449e+00	-4.651599e+00	-4.536625e+00	-1.149735e-01
3.490000e-01	-2.211046e+00	2.167677e+00	-4.652051e+00	-4.537072e+00	-1.149793e-01
3.500000e-01	-2.211137e+00	2.167759e+00	-4.652138e+00	-4.537206e+00	-1.149321e-01
3.510000e-01	-2.211368e+00	2.168000e+00	-4.652643e+00	-4.537689e+00	-1.149536e-01
3.520000e-01	-2.211469e+00	2.168084e+00	-4.652795e+00	-4.537867e+00	-1.149289e-01
3.530000e-01	-2.211683e+00	2.168306e+00	-4.653255e+00	-4.538310e+00	-1.149447e-01
3.540000e-01	-2.211756e+00	2.168360e+00	-4.653372e+00	-4.538442e+00	-1.149298e-01
3.550000e-01	-2.212004e+00	2.168614e+00	-4.653885e+00	-4.538946e+00	-1.149390e-01
3.560000e-01	-2.212098e+00	2.168696e+00	-4.654003e+00	-4.539100e+00	-1.149034e-01
3.570000e-01	-2.212368e+00	2.168970e+00	-4.654542e+00	-4.539639e+00	-1.149032e-01
3.580000e-01	-2.212436e+00	2.169024e+00	-4.654602e+00	-4.539737e+00	-1.148651e-01
3.590000e-01	-2.212619e+00	2.169219e+00	-4.654998e+00	-4.540118e+00	-1.148797e-01
3.600000e-01	-2.212670e+00	2.169255e+00	-4.655063e+00	-4.540201e+00	-1.148619e-01
3.610000e-01	-2.212842e+00	2.169431e+00	-4.655446e+00	-4.540565e+00	-1.148815e-01
3.620000e-01	-2.212905e+00	2.169483e+00	-4.655493e+00	-4.540651e+00	-1.148416e-01
3.630000e-01	-2.213142e+00	2.169726e+00	-4.655981e+00	-4.541133e+00	-1.148486e-01
3.640000e-01	-2.213215e+00	2.169786e+00	-4.656059e+00	-4.541244e+00	-1.148151e-01
3.650000e-01	-2.213391e+00	2.169974e+00	-4.656444e+00	-4.541613e+00	-1.148308e-01
3.660000e-01	-2.213470e+00	2.170042e+00	-4.656539e+00	-4.541739e+00	-1.147999e-01
3.670000e-01	-2.213635e+00	2.170212e+00	-4.656916e+00	-4.542093e+00	-1.148225e-01
3.680000e-01	-2.213678e+00	2.170242e+00	-4.656939e+00	-4.542148e+00	-1.147916e-01
3.690000e-01	-2.213868e+00	2.170435e+00	-4.657364e+00	-4.542551e+00	-1.148139e-01
3.700000e-01	-2.213869e+00	2.170422e+00	-4.657336e+00	-4.542537e+00	-1.147987e-01
3.710000e-01	-2.214049e+00	2.170610e+00	-4.657698e+00	-4.542898e+00	-1.148002e-01
3.720000e-01	-2.214107e+00	2.170654e+00	-4.657762e+00	-4.542988e+00	-1.147742e-01
3.730000e-01	-2.214290e+00	2.170847e+00	-4.658126e+00	-4.543353e+00	-1.147730e-01
3.740000e-01	-2.214339e+00	2.170890e+00	-4.658139e+00	-4.543408e+00	-1.147312e-01
3.750000e-01	-2.214520e+00	2.171077e+00	-4.658525e+00	-4.543782e+00	-1.147430e-01
3.760000e-01	-2.214517e+00	2.171062e+00	-4.658511e+00	-4.543773e+00	-1.147379e-01
3.770000e-01	-2.214651e+00	2.171206e+00	-4.658821e+00	-4.544061e+00	-1.147595e-01
3.780000e-01	-2.214684e+00	2.171231e+00	-4.658830e+00	-4.544098e+00	-1.147314e-01
3.790000e-01	-2.214884e+00	2.171438e+00	-4.659235e+00	-4.544501e+00	-1.147339e-01
3.800000e-01	-2.214931e+00	2.171477e+00	-4.659259e+00	-4.544561e+00	-1.146986e-01
3.810000e-01	-2.215100e+00	2.171647e+00	-4.659612e+00	-4.544906e+00	-1.147064e-01
3.820000e-01	-2.215104e+00	2.171638e+00	-4.659579e+00	-4.544894e+00	-1.146855e-01
3.830000e-01	-2.215242e+00	2.171783e+00	-4.659876e+00	-4.545180e+00	-1.146965e-01
3.840000e-01	-2.215204e+00	2.171732e+00	-4.659810e+00	-4.545109e+00	-1.147008e-01
3.850000e-01	-2.215311e+00	2.171842e+00	-4.660054e+00	-4.545338e+00	-1.147161e-01
3.860000e-01	-2.215378e+00	2.171905e+00	-4.660094e+00	-4.545425e+00	-1.146690e-01
3.870000e-01	-2.215576e+00	2.172108e+00	-4.660502e+00	-4.545827e+00	-1.146751e-01
3.880000e-01	-2.215599e+00	2.172119e+00	-4.660495e+00	-4.545846e+00	-1.146488e-01
3.890000e-01	-2.215689e+00	2.172214e+00	-4.660732e+00	-4.546055e+00	-1.146772e-01
3.900000e-01	-2.215684e+00	2.172197e+00	-4.660700e+00	-4.546034e+00	-1.146656e-01
3.910000e-01	-2.215824e+00	2.172344e+00	-4.661010e+00	-4.546329e+00	-1.146811e-01
3.920000e-01	-2.215841e+00	2.172353e+00	-4.660985e+00	-4.546333e+00	-1.146520e-01
3.930000e-01	-2.216016e+00	2.172531e+00	-4.661334e+00	-4.546683e+00	-1.146512e-01
3.940000e-01	-2.216013e+00	2.172521e+00	-4.661266e+00	-4.546646e+00	-1.146197e-01
3.950000e-01	-2.216102e+00	2.172616e+00	-4.661483e+00	-4.546844e+00	-1.146388e-01
3.960000e-01	-2.216094e+00	2.172592e+00	-4.661449e+00	-4.546819e+00	-1.146305e-01
3.970000e-01	-2.216239e+00	2.172737e+00	-4.661767e+00	-4.547122e+00	-1.146446e-01
3.980000e-01	-2.216251e+00	2.172745e+00	-4.661713e+00	-4.547107e+00	-1.146056e-01
3.990000e-01	-2.216381e+00	2.172887e+00	-4.661986e+00	-4.547374e+00	-1.146117e-01
4.000000e-01	-2.216355e+00	2.172855e+00	-4.661912e+00	-4.547311e+00	-1.146004e-01
4.010000e-01	-2.216464e+00	2.172974e+00	-4.662182e+00	-4.547555e+00	-1.146267e-01
4.020000e-01	-2.216457e+00	2.172954e+00	-4.662131e+00	-4.547522e+00	-1.146089e-01
4.030000e-01	-2.216563e+00	2.173068e+00	-4.662359e+00	-4.547743e+00	-1.146161e-01
4.040000e-01	-2.216595e+00	2.173093e+00	-4.662330e+00	-4.547760e+00	-1.145701e-01
4.050000e-01	-2.216754e+00	2.173258e+00	-4.662663e+00	-4.548086e+00	-1.145772e-01
4.060000e-01	-2.216710e+00	2.173198e+00	-4.662555e+00	-4.547987e+00	-1.145678e-01
4.070000e-01	-2.216768e+00	2.173260e+00	-4.662739e+00	-4.548138e+00	-1.146014e-01
4.080000e-01	-2.216738e+00	2.173214e+00	-4.662659e+00	-4.548068e+00	-1.145912e-01
4.090000e-01	-2.216857e+00	2.173345e+00	-4.662901e+00	-4.548308e+00	-1.145932e-01
4.100000e-01	-2.216865e+00	2.173349e+00	-4.662836e+00	-4.548283e+00	-1.145532e-01
4.110000e-01	-2.217004e+00	2.173504e+00	-4.663133e+00	-4.548570e+00	-1.145623e-01
4.120000e-01	-2.216982e+00	2.173471e+00	-4.663055e+00	-4.548510e+00	-1.145456e-01
4.130000e-01	-2.217051e+00	2.173544e+00	-4.663242e+00	-4.548672e+00	-1.145701e-01
4.140000e-01	-2.217047e+00	2.173523e+00	-4.663209e+00	-4.548651e+00	-1.145573e-01
4.150000e-01	-2.217152e+00	2.173641e+00	-4.663446e+00	-4.548875e+00	-1.145706e-01
4.160000e-01	-2.217159e+00	2.173645e+00	-4.663384e+00	-4.548851e+00	-1.145335e-01
4.170000e-01	-2.217278e+00	2.173775e+00	-4.663650e+00	-4.549103e+00	-1.145470e-01
4.180000e-01	-2.217254e+00	2.173739e+00	-4.663549e+00	-4.549029e+00	-1.145207e-01
4.190000e-01	-2.217289e+00	2.173777e+00	-4.663677e+00	-4.549127e+00	-1.145496e-01
4.200000e-01	-2.217256e+00	2.173726e+00	-4.663590e+00	-4.549051e+00	-1.145391e-01
4.210000e-01	-2.217363e+00	2.173844e+00	-4.663830e+00	-4.549278e+00	-1.145519e-01
4.220000e-01	-2.217410e+00	2.173892e+00	-4.663817e+00	-4.549319e+00	-1.144981e-01
4.230000e-01	-2.217534e+00	2.174029e+00	-4.664071e+00	-4.549570e+00	-1.145011e-01
4.240000e-01	-2.217487e+00	2.173965e+00	-4.663962e+00	-4.549468e+00	-1.144935e-01
4.250000e-01	-2.217527e+00	2.174010e+00	-4.664116e+00	-4.549585e+00	-1.145309e-01
4.260000e-01	-2.217483e+00	2.173951e+00	-4.664021e+00	-4.549493e+00	-1.145272e-01
4.270000e-01	-2.217585e+00	2.174066e+00	-4.664250e+00	-4.549710e+00	-1.145396e-01
4.280000e-01	-2.217595e+00	2.174072e+00	-4.664191e+00	-4.549691e+00	-1.145002e-01
4.290000e-01	-2.217694e+00	2.174178e+00	-4.664421e+00	-4.549904e+00	-1.145166e-01
4.300000e-01	-2.217667e+00	2.174140e+00	-4.664301e+00	-4.549817e+00	-1.144838e-01
4.310000e-01	-2.217731e+00	2.174218e+00	-4.664452e+00	-4.549956e+00	-1.144953e-01
4.320000e-01	-2.217705e+00	2.174176e+00	-4.664395e+00	-4.549903e+00	-1.144921e-01
4.330000e-01	-2.217773e+00	2.174251e+00	-4.664578e+00	-4.550062e+00	-1.145160e-01
4.340000e-01	-2.217749e+00	2.174218e+00	-4.664460e+00	-4.549979e+00	-1.144806e-01
4.350000e-01	-2.217866e+00	2.174345e+00	-4.664709e+00	-4.550221e+00	-1.144884e-01
4.360000e-01	-2.217856e+00	2.174324e+00	-4.664655e+00	-4.550183e+00	-1.144719e-01
4.370000e-01	-2.217911e+00	2.174392e+00	-4.664819e+00	-4.550321e+00	-1.144986e-01
4.380000e-01	-2.217885e+00	2.174351e+00	-4.664740e+00	-4.550255e+00	-1.144850e-01
4.390000e-01	-2.217949e+00	2.174428e+00	-4.664899e+00	-4.550398e+00	-1.145006e-01
4.400000e-01	-2.217917e+00	2.174384e+00	-4.664787e+00	-4.550310e+00	-1.144766e-01
4.410000e-01	-2.218007e+00	2.174484e+00	-4.665002e+00	-4.550508e+00	-1.144939e-01
4.420000e-01	-2.217988e+00	2.174455e+00	-4.664900e+00	-4.550438e+00	-1.144620e-01
4.430000e-01	-2.218031e+00	2.174513e+00	-4.665023e+00	-4.550543e+00	-1.144803e-01
4.440000e-01	-2.218012e+00	2.174478e+00	-4.664959e+00	-4.550492e+00	-1.144673e-01
4.450000e-01	-2.218098e+00	2.174571e+00	-4.665164e+00	-4.550680e+00	-1.144842e-01
4.460000e-01	-2.218086e+00	2.174550e+00	-4.665065e+00	-4.550618e+00	-1.144463e-01
4.470000e-01	-2.218166e+00	2.174642e+00	-4.665261e+00	-4.550796e+00	-1.144648e-01
4.480000e-01	-2.218123e+00	2.174584e+00	-4.665143e+00	-4.550694e+00	-1.144488e-01
4.490000e-01	-2.218169e+00	2.174642e+00	-4.665302e+00	-4.550820e+00	-1.144824e-01
4.500000e-01	-2.218152e+00	2.174610e+00	-4.665231e+00	-4.550768e+00	-1.144637e-01
4.510000e-01	-2.218223e+00	2.174694e+00	-4.665415e+00	-4.550930e+00	-1.144848e-01
4.520000e-01	-2.218193e+00	2.174656e+00	-4.665298e+00	-4.550842e+00	-1.144554e-01
4.530000e-01	-2.218254e+00	2.174724e+00	-4.665470e+00	-4.550990e+00	-1.144806e-01
4.540000e-01	-2.218172e+00	2.174627e+00	-4.665270e+00	-4.550807e+00	-1.144626e-01
4.550000e-01	-2.218225e+00	2.174696e+00	-4.665403e+00	-4.550926e+00	-1.144767e-01
4.560000e-01	-2.218226e+00	2.174685e+00	-4.665371e+00	-4.550912e+00	-1.144591e-01
4.570000e-01	-2.218329e+00	2.174800e+00	-4.665598e+00	-4.551128e+00	-1.144706e-01
4.580000e-01	-2.218343e+00	2.174808e+00	-4.665521e+00	-4.551103e+00	-1.144178e-01
4.590000e-01	-2.218406e+00	2.174881e+00	-4.665695e+00	-4.551254e+00	-1.144416e-01
4.600000e-01	-2.218322e+00	2.174779e+00	-4.665523e+00	-4.551084e+00	-1.144396e-01
4.610000e-01	-2.218349e+00	2.174813e+00	-4.665658e+00	-4.551178e+00	-1.144799e-01
4.620000e-01	-2.218299e+00	2.174749e+00	-4.665543e+00	-4.551070e+00	-1.144730e-01
4.630000e-01	-2.218390e+00	2.174853e+00	-4.665744e+00	-4.551262e+00	-1.144818e-01
4.640000e-01	-2.218370e+00	2.174824e+00	-4.665633e+00	-4.551186e+00	-1.144465e-01
4.650000e-01	-2.218469e+00	2.174933e+00	-4.665854e+00	-4.551395e+00	-1.144583e-01
4.660000e-01	-2.218405e+00	2.174858e+00	-4.665677e+00	-4.551243e+00	-1.144339e-01
4.670000e-01	-2.218463e+00	2.174932e+00	-4.665818e+00	-4.551372e+00	-1.144458e-01
4.680000e-01	-2.218415e+00	2.174870e+00	-4.665712e+00	-4.551271e+00	-1.144410e-01
4.690000e-01	-2.218477e+00	2.174942e+00	-4.665890e+00	-4.551423e+00	-1.144678e-01
4.700000e-01	-2.218460e+00	2.174917e+00	-4.665766e+00	-4.551343e+00	-1.144232e-01
4.710000e-01	-2.218547e+00	2.175016e+00	-4.665970e+00	-4.551533e+00	-1.144379e-01
4.720000e-01	-2.218474e+00	2.174925e+00	-4.665814e+00	-4.551381e+00	-1.144335e-01
4.730000e-01	-2.218509e+00	2.174970e+00	-4.665959e+00	-4.551488e+00	-1.144708e-01
4.740000e-01	-2.218440e+00	2.174888e+00	-4.665815e+00	-4.551348e+00	-1.144674e-01
4.750000e-01	-2.218500e+00	2.174961e+00	-4.665960e+00	-4.551480e+00	-1.144796e-01
4.760000e-01	-2.218523e+00	2.174980e+00	-4.665894e+00	-4.551469e+00	-1.144243e-01
4.770000e-01	-2.218660e+00	2.175129e+00	-4.666172e+00	-4.551746e+00	-1.144259e-01
4.780000e-01	-2.218586e+00	2.175040e+00	-4.665999e+00	-4.551586e+00	-1.144134e-01
4.790000e-01	-2.218585e+00	2.175052e+00	-4.666059e+00	-4.551615e+00	-1.144442e-01
4.800000e-01	-2.218519e+00	2.174969e+00	-4.665920e+00	-4.551480e+00	-1.144407e-01
4.810000e-01	-2.218587e+00	2.175042e+00	-4.666102e+00	-4.551638e+00	-1.144639e-01
4.820000e-01	-2.218564e+00	2.175013e+00	-4.665977e+00	-4.551552e+00	-1.144244e-01
4.830000e-01	-2.218639e+00	2.175104e+00	-4.666168e+00	-4.551723e+00	-1.144446e-01
4.840000e-01	-2.218595e+00	2.175050e+00	-4.666037e+00	-4.551613e+00	-1.144238e-01
4.850000e-01	-2.218652e+00	2.175118e+00	-4.666196e+00	-4.551750e+00	-1.144460e-01
4.860000e-01	-2.218578e+00	2.175025e+00	-4.666049e+00	-4.551603e+00	-1.144460e-01
4.870000e-01	-2.218621e+00	2.175080e+00	-4.666189e+00	-4.551715e+00	-1.144732e-01
4.880000e-01	-2.218588e+00	2.175041e+00	-4.666053e+00	-4.551615e+00	-1.144379e-01
4.890000e-01	-2.218694e+00	2.175160e+00	-4.666274e+00	-4.551831e+00	-1.144431e-01
4.900000e-01	-2.218663e+00	2.175116e+00	-4.666143e+00	-4.551735e+00	-1.144080e-01
4.910000e-01	-2.218689e+00	2.175152e+00	-4.666241e+00	-4.551809e+00	-1.144321e-01
4.920000e-01	-2.218638e+00	2.175081e+00	-4.666139e+00	-4.551707e+00	-1.144316e-01
4.930000e-01	-2.218694e+00	2.175144e+00	-4.666315e+00	-4.551852e+00	-1.144633e-01
4.940000e-01	-2.218621e+00	2.175064e+00	-4.666116e+00	-4.551679e+00	-1.144365e-01
4.950000e-01	-2.218722e+00	2.175183e+00	-4.666325e+00	-4.551885e+00	-1.144403e-01
4.960000e-01	-2.218702e+00	2.175155e+00	-4.666220e+00	-4.551812e+00	-1.144081e-01
4.970000e-01	-2.218759e+00	2.175221e+00	-4.666382e+00	-4.551950e+00	-1.144319e-01
4.980000e-01	-2.218691e+00	2.175136e+00	-4.666241e+00	-4.551811e+00	-1.144296e-01
4.990000e-01	-2.218700e+00	2.175155e+00	-4.666341e+00	-4.551870e+00	-1.144708e-01
5.000000e-01	-2.218697e+00	2.175147e+00	-4.666244e+00	-4.551819e+00	-1.144250e-01
5.010000e-01	-2.218782e+00	2.175240e+00	-4.666449e+00	-4.552006e+00	-1.144423e-01
5.020000e-01	-2.218702e+00	2.175144e+00	-4.666251e+00	-4.551828e+00	-1.144229e-01
5.030000e-01	-2.218707e+00	2.175160e+00	-4.666326e+00	-4.551871e+00	-1.144558e-01
5.040000e-01	-2.218704e+00	2.175143e+00	-4.666278e+00	-4.551844e+00	-1.144347e-01
5.050000e-01	-2.218798e+00	2.175252e+00	-4.666472e+00	-4.552035e+00	-1.144379e-01
5.060000e-01	-2.218770e+00	2.175222e+00	-4.666320e+00	-4.551930e+00	-1.143902e-01
5.070000e-01	-2.218853e+00	2.175318e+00	-4.666520e+00	-4.552113e+00	-1.144072e-01
5.080000e-01	-2.218778e+00	2.175222e+00	-4.666371e+00	-4.551963e+00	-1.144081e-01
5.090000e-01	-2.218783e+00	2.175232e+00	-4.666474e+00	-4.552020e+00	-1.144542e-01
5.100000e-01	-2.218692e+00	2.175127e+00	-4.666296e+00	-4.551840e+00	-1.144561e-01
5.110000e-01	-2.218764e+00	2.175216e+00	-4.666463e+00	-4.551996e+00	-1.144674e-01
5.120000e-01	-2.218757e+00	2.175206e+00	-4.666358e+00	-4.551936e+00	-1.144225e-01
5.130000e-01	-2.218841e+00	2.175299e+00	-4.666557e+00	-4.552120e+00	-1.144375e-01
5.140000e-01	-2.218761e+00	2.175204e+00	-4.666364e+00	-4.551943e+00	-1.144208e-01
5.150000e-01	-2.218788e+00	2.175245e+00	-4.666460e+00	-4.552018e+00	-1.144417e-01
5.160000e-01	-2.218761e+00	2.175203e+00	-4.666376e+00	-4.551949e+00	-1.144274e-01
5.170000e-01	-2.218870e+00	2.175325e+00	-4.666602e+00	-4.552171e+00	-1.144308e-01
5.180000e-01	-2.218848e+00	2.175296e+00	-4.666473e+00	-4.552084e+00	-1.143891e-01
5.190000e-01	-2.218909e+00	2.175368e+00	-4.666642e+00	-4.552230e+00	-1.144116e-01
5.200000e-01	-2.218833e+00	2.175275e+00	-4.666468e+00	-4.552067e+00	-1.144012e-01
5.210000e-01	-2.218830e+00	2.175282e+00	-4.666547e+00	-4.552103e+00	-1.144441e-01
5.220000e-01	-2.218741e+00	2.175181e+00	-4.666378e+00	-4.551930e+00	-1.144475e-01
5.230000e-01	-2.218784e+00	2.175238e+00	-4.666512e+00	-4.552040e+00	-1.144719e-01
5.240000e-01	-2.218801e+00	2.175248e+00	-4.666448e+00	-4.552025e+00	-1.144229e-01
5.250000e-01	-2.218891e+00	2.175346e+00	-4.666651e+00	-4.552216e+00	-1.144347e-01
5.260000e-01	-2.218825e+00	2.175269e+00	-4.666468e+00	-4.552059e+00	-1.144084e-01
5.270000e-01	-2.218873e+00	2.175334e+00	-4.666590e+00	-4.552168e+00	-1.144214e-01
5.280000e-01	-2.218827e+00	2.175269e+00	-4.666485e+00	-4.552070e+00	-1.144150e-01
5.290000e-01	-2.218891e+00	2.175340e+00	-4.666660e+00	-4.552221e+00	-1.144393e-01
5.300000e-01	-2.218855e+00	2.175296e+00	-4.666511e+00	-4.552111e+00	-1.144006e-01
5.310000e-01	-2.218915e+00	2.175371e+00	-4.666672e+00	-4.552252e+00	-1.144207e-01
5.320000e-01	-2.218845e+00	2.175286e+00	-4.666508e+00	-4.552099e+00	-1.144091e-01
5.330000e-01	-2.218859e+00	2.175312e+00	-4.666606e+00	-4.552162e+00	-1.144438e-01
5.340000e-01	-2.218801e+00	2.175238e+00	-4.666477e+00	-4.552039e+00	-1.144378e-01
5.350000e-01	-2.218885e+00	2.175340e+00	-4.666671e+00	-4.552220e+00	-1.144502e-01
5.360000e-01	-2.218874e+00	2.175318e+00	-4.666570e+00	-4.552159e+00	-1.144109e-01
5.370000e-01	-2.218915e+00	2.175363e+00	-4.666712e+00	-4.552271e+00	-1.144410e-01
5.380000e-01	-2.218840e+00	2.175271e+00	-4.666526e+00	-4.552103e+00	-1.144235e-01
5.390000e-01	-2.218871e+00	2.175320e+00	-4.666624e+00	-4.552183e+00	-1.144408e-01
5.400000e-01	-2.218816e+00	2.175252e+00	-4.666495e+00	-4.552063e+00	-1.144312e-01
5.410000e-01	-2.218887e+00	2.175339e+00	-4.666659e+00	-4.552217e+00	-1.144426e-01
5.420000e-01	-2.218858e+00	2.175305e+00	-4.666519e+00	-4.552117e+00	-1.144012e-01
5.430000e-01	-2.218935e+00	2.175394e+00	-4.666713e+00	-4.552291e+00	-1.144214e-01
5.440000e-01	-2.218872e+00	2.175313e+00	-4.666572e+00	-4.552158e+00	-1.144136e-01
5.450000e-01	-2.218940e+00	2.175389e+00	-4.666744e+00	-4.552312e+00	-1.144321e-01
5.460000e-01	-2.218891e+00	2.175324e+00	-4.666628e+00	-4.552205e+00	-1.144233e-01
5.470000e-01	-2.218920e+00	2.175368e+00	-4.666734e+00	-4.552287e+00	-1.144474e-01
5.480000e-01	-2.218888e+00	2.175333e+00	-4.666592e+00	-4.552184e+00	-1.144079e-01
5.490000e-01	-2.218961e+00	2.175417e+00	-4.666776e+00	-4.552349e+00	-1.144269e-01
5.500000e-01	-2.218882e+00	2.175323e+00	-4.666588e+00	-4.552176e+00	-1.144119e-01
5.510000e-01	-2.218885e+00	2.175337e+00	-4.666652e+00	-4.552211e+00	-1.144412e-01
5.520000e-01	-2.218847e+00	2.175282e+00	-4.666560e+00	-4.552127e+00	-1.144333e-01
5.530000e-01	-2.218918e+00	2.175360e+00	-4.666738e+00	-4.552287e+00	-1.144508e-01
5.540000e-01	-2.218850e+00	2.175285e+00	-4.666546e+00	-4.552123e+00	-1.144227e-01
5.550000e-01	-2.218944e+00	2.175394e+00	-4.666741e+00	-4.552314e+00	-1.144265e-01
5.560000e-01	-2.218908e+00	2.175350e+00	-4.666630e+00	-4.552223e+00	-1.144069e-01
5.570000e-01	-2.218969e+00	2.175426e+00	-4.666791e+00	-4.552365e+00	-1.144263e-01
5.580000e-01	-2.218923e+00	2.175366e+00	-4.666670e+00	-4.552258e+00	-1.144118e-01
5.590000e-01	-2.218969e+00	2.175424e+00	-4.666794e+00	-4.552366e+00	-1.144283e-01
5.600000e-01	-2.218916e+00	2.175360e+00	-4.666648e+00	-4.552240e+00	-1.144082e-01
5.610000e-01	-2.218989e+00	2.175440e+00	-4.666832e+00	-4.552405e+00	-1.144272e-01
5.620000e-01	-2.218913e+00	2.175354e+00	-4.666640e+00	-4.552233e+00	-1.144068e-01
5.630000e-01	-2.218916e+00	2.175368e+00	-4.666695e+00	-4.552264e+00	-1.144309e-01
5.640000e-01	-2.218878e+00	2.175315e+00	-4.666605e+00	-4.552181e+00	-1.144243e-01
5.650000e-01	-2.218959e+00	2.175403e+00	-4.666784e+00	-4.552351e+00	-1.144334e-01
5.660000e-01	-2.218930e+00	2.175372e+00	-4.666647e+00	-4.552253e+00	-1.143937e-01
5.670000e-01	-2.218982e+00	2.175436e+00	-4.666803e+00	-4.552384e+00	-1.144193e-01
5.680000e-01	-2.218911e+00	2.175352e+00	-4.666662e+00	-4.552242e+00	-1.144195e-01
5.690000e-01	-2.218929e+00	2.175378e+00	-4.666757e+00	-4.552308e+00	-1.144491e-01
5.700000e-01	-2.218887e+00	2.175325e+00	-4.666640e+00	-4.552207e+00	-1.144325e-01
5.710000e-01	-2.218956e+00	2.175408e+00	-4.666786e+00	-4.552349e+00	-1.144369e-01
5.720000e-01	-2.218909e+00	2.175356e+00	-4.666639e+00	-4.552229e+00	-1.144108e-01
5.730000e-01	-2.218982e+00	2.175433e+00	-4.666819e+00	-4.552391e+00	-1.144273e-01
5.740000e-01	-2.218922e+00	2.175359e+00	-4.666663e+00	-4.552253e+00	-1.144095e-01
5.750000e-01	-2.218971e+00	2.175425e+00	-4.666782e+00	-4.552362e+00	-1.144200e-01
5.760000e-01	-2.218959e+00	2.175408e+00	-4.666714e+00	-4.552317e+00	-1.143976e-01
5.770000e-01	-2.219005e+00	2.175464e+00	-4.666838e+00	-4.552424e+00	-1.144134e-01
5.780000e-01	-2.218939e+00	2.175388e+00	-4.666666e+00	-4.552272e+00	-1.143937e-01
5.790000e-01	-2.218945e+00	2.175395e+00	-4.666762e+00	-4.552325e+00	-1.144362e-01
5.800000e-01	-2.218874e+00	2.175309e+00	-4.666607e+00	-4.552177e+00	-1.144299e-01
5.810000e-01	-2.218936e+00	2.175380e+00	-4.666772e+00	-4.552322e+00	-1.144495e-01
5.820000e-01	-2.218913e+00	2.175348e+00	-4.666678e+00	-4.552252e+00	-1.144267e-01
5.830000e-01	-2.218981e+00	2.175431e+00	-4.666826e+00	-4.552394e+00	-1.144316e-01
5.840000e-01	-2.218952e+00	2.175398e+00	-4.666705e+00	-4.552304e+00	-1.144010e-01
5.850000e-01	-2.219039e+00	2.175490e+00	-4.666908e+00	-4.552492e+00	-1.144153e-01
5.860000e-01	-2.218959e+00	2.175398e+00	-4.666717e+00	-4.552317e+00	-1.144000e-01
5.870000e-01	-2.218962e+00	2.175412e+00	-4.666774e+00	-4.552349e+00	-1.144256e-01
5.880000e-01	-2.218892e+00	2.175328e+00	-4.666634e+00	-4.552209e+00	-1.144252e-01
5.890000e-01	-2.218964e+00	2.175406e+00	-4.666807e+00	-4.552368e+00	-1.144396e-01
5.900000e-01	-2.218930e+00	2.175367e+00	-4.666663e+00	-4.552261e+00	-1.144019e-01
5.910000e-01	-2.219002e+00	2.175449e+00	-4.666838e+00	-4.552421e+00	-1.144168e-01
5.920000e-01	-2.218972e+00	2.175409e+00	-4.666739e+00	-4.552341e+00	-1.143981e-01
5.930000e-01	-2.219002e+00	2.175448e+00	-4.666870e+00	-4.552437e+00	-1.144330e-01
5.940000e-01	-2.218934e+00	2.175368e+00	-4.666710e+00	-4.552290e+00	-1.144207e-01
5.950000e-01	-2.218966e+00	2.175410e+00	-4.666807e+00	-4.552369e+00	-1.144375e-01
5.960000e-01	-2.218916e+00	2.175351e+00	-4.666661e+00	-4.552246e+00	-1.144151e-01
5.970000e-01	-2.218974e+00	2.175413e+00	-4.666842e+00	-4.552396e+00	-1.144468e-01
5.980000e-01	-2.218871e+00	2.175299e+00	-4.666621e+00	-4.552182e+00	-1.144388e-01
5.990000e-01	-2.218882e+00	2.175326e+00	-4.666672e+00	-4.552218e+00	-1.144539e-01
6.000000e-01	-2.218876e+00	2.175312e+00	-4.666605e+00	-4.552179e+00	-1.144261e-01
6.010000e-01	-2.218995e+00	2.175445e+00	-4.666825e+00	-4.552407e+00	-1.144178e-01
6.020000e-01	-2.219008e+00	2.175456e+00	-4.666749e+00	-4.552382e+00	-1.143665e-01
6.030000e-01	-2.219070e+00	2.175526e+00	-4.666927e+00	-4.552533e+00	-1.143938e-01
6.040000e-01	-2.218963e+00	2.175406e+00	-4.666731e+00	-4.552329e+00	-1.144021e-01
6.050000e-01	-2.218982e+00	2.175433e+00	-4.666828e+00	-4.552396e+00	-1.144320e-01
6.060000e-01	-2.218892e+00	2.175329e+00	-4.666640e+00	-4.552212e+00	-1.144277e-01
6.070000e-01	-2.218946e+00	2.175392e+00	-4.666787e+00	-4.552339e+00	-1.144474e-01
6.080000e-01	-2.218895e+00	2.175330e+00	-4.666650e+00	-4.552220e+00	-1.144298e-01
6.090000e-01	-2.218966e+00	2.175407e+00	-4.666825e+00	-4.552378e+00	-1.144469e-01
6.100000e-01	-2.218937e+00	2.175376e+00	-4.666691e+00	-4.552283e+00	-1.144080e-01
6.110000e-01	-2.219018e+00	2.175475e+00	-4.666851e+00	-4.552443e+00	-1.144075e-01
6.120000e-01	-2.218977e+00	2.175422e+00	-4.666732e+00	-4.552343e+00	-1.143892e-01
6.130000e-01	-2.219007e+00	2.175454e+00	-4.666860e+00	-4.552437e+00	-1.144230e-01
6.140000e-01	-2.218896e+00	2.175330e+00	-4.666634e+00	-4.552213e+00	-1.144212e-01
6.150000e-01	-2.218968e+00	2.175410e+00	-4.666816e+00	-4.552376e+00	-1.144406e-01
6.160000e-01	-2.218913e+00	2.175346e+00	-4.666673e+00	-4.552249e+00	-1.144235e-01
6.170000e-01	-2.218998e+00	2.175447e+00	-4.666849e+00	-4.552423e+00	-1.144264e-01
6.180000e-01	-2.218962e+00	2.175402e+00	-4.666734e+00	-4.552329e+00	-1.144050e-01
6.190000e-01	-2.219011e+00	2.175464e+00	-4.666870e+00	-4.552446e+00	-1.144244e-01
6.200000e-01	-2.218969e+00	2.175416e+00	-4.666732e+00	-4.552335e+00	-1.143976e-01
6.210000e-01	-2.219042e+00	2.175495e+00	-4.666924e+00	-4.552504e+00	-1.144198e-01
6.220000e-01	-2.218932e+00	2.175367e+00	-4.666689e+00	-4.552276e+00	-1.144126e-01
6.230000e-01	-2.218928e+00	2.175373e+00	-4.666737e+00	-4.552296e+00	-1.144402e-01
6.240000e-01	-2.218904e+00	2.175333e+00	-4.666670e+00	-4.552239e+00	-1.144304e-01
6.250000e-01	-2.218991e+00	2.175431e+00	-4.666859e+00	-4.552420e+00	-1.144389e-01
6.260000e-01	-2.218978e+00	2.175416e+00	-4.666738e+00	-4.552348e+00	-1.143906e-01
6.270000e-01	-2.219057e+00	2.175510e+00	-4.666905e+00	-4.552510e+00	-1.143953e-01
6.280000e-01	-2.218980e+00	2.175422e+00	-4.666733e+00	-4.552347e+00	-1.143866e-01
6.290000e-01	-2.219000e+00	2.175452e+00	-4.666840e+00	-4.552420e+00	-1.144195e-01
6.300000e-01	-2.218919e+00	2.175354e+00	-4.666694e+00	-4.552266e+00	-1.144283e-01
6.310000e-01	-2.218956e+00	2.175402e+00	-4.666812e+00	-4.552362e+00	-1.144501e-01
6.320000e-01	-2.218940e+00	2.175378e+00	-4.666697e+00	-4.552288e+00	-1.144086e-01
6.330000e-01	-2.219016e+00	2.175463e+00	-4.666883e+00	-4.552457e+00	-1.144258e-01
6.340000e-01	-2.218932e+00	2.175365e+00	-4.666695e+00	-4.552279e+00	-1.144157e-01
6.350000e-01	-2.218946e+00	2.175395e+00	-4.666767e+00	-4.552330e+00	-1.144372e-01
6.360000e-01	-2.218916e+00	2.175353e+00	-4.666673e+00	-4.552253e+00	-1.144206e-01
6.370000e-01	-2.219019e+00	2.175471e+00	-4.666872e+00	-4.552454e+00	-1.144174e-01
6.380000e-01	-2.218979e+00	2.175425e+00	-4.666715e+00	-4.552337e+00	-1.143779e-01
6.390000e-01	-2.219032e+00	2.175486e+00	-4.666869e+00	-4.552466e+00	-1.144029e-01
6.400000e-01	-2.218953e+00	2.175391e+00	-4.666712e+00	-4.552309e+00	-1.144027e-01
6.410000e-01	-2.218980e+00	2.175425e+00	-4.666834e+00	-4.552397e+00	-1.144375e-01
6.420000e-01	-2.218927e+00	2.175356e+00	-4.666702e+00	-4.552278e+00	-1.144239e-01
6.430000e-01	-2.218995e+00	2.175440e+00	-4.666873e+00	-4.552432e+00	-1.144415e-01
6.440000e-01	-2.218972e+00	2.175410e+00	-4.666757e+00	-4.552350e+00	-1.144067e-01
6.450000e-01	-2.219041e+00	2.175490e+00	-4.666926e+00	-4.552504e+00	-1.144220e-01
6.460000e-01	-2.218945e+00	2.175382e+00	-4.666697e+00	-4.552293e+00	-1.144039e-01
6.470000e-01	-2.218995e+00	2.175450e+00	-4.666818e+00	-4.552404e+00	-1.144138e-01
6.480000e-01	-2.218938e+00	2.175373e+00	-4.666701e+00	-4.552288e+00	-1.144128e-01
6.490000e-01	-2.218994e+00	2.175437e+00	-4.666851e+00	-4.552419e+00	-1.144318e-01
6.500000e-01	-2.218935e+00	2.175371e+00	-4.666674e+00	-4.552271e+00	-1.144024e-01
6.510000e-01	-2.219017e+00	2.175469e+00	-4.666870e+00	-4.552452e+00	-1.144177e-01
6.520000e-01	-2.218968e+00	2.175408e+00	-4.666736e+00	-4.552337e+00	-1.143997e-01
6.530000e-01	-2.219024e+00	2.175477e+00	-4.666880e+00	-4.552464e+00	-1.144159e-01
6.540000e-01	-2.218947e+00	2.175388e+00	-4.666719e+00	-4.552306e+00	-1.144123e-01
6.550000e-01	-2.219022e+00	2.175475e+00	-4.666889e+00	-4.552466e+00	-1.144230e-01
6.560000e-01	-2.218974e+00	2.175415e+00	-4.666749e+00	-4.552349e+00	-1.144005e-01
6.570000e-01	-2.219016e+00	2.175462e+00	-4.666889e+00	-4.552460e+00	-1.144286e-01
6.580000e-01	-2.218906e+00	2.175336e+00	-4.666665e+00	-4.552238e+00	-1.144265e-01
6.590000e-01	-2.218937e+00	2.175382e+00	-4.666767e+00	-4.552321e+00	-1.144464e-01
6.600000e-01	-2.218912e+00	2.175342e+00	-4.666675e+00	-4.552250e+00	-1.144257e-01
6.610000e-01	-2.219007e+00	2.175454e+00	-4.666869e+00	-4.552441e+00	-1.144273e-01
6.620000e-01	-2.218992e+00	2.175438e+00	-4.666747e+00	-4.552365e+00	-1.143819e-01
6.630000e-01	-2.219095e+00	2.175555e+00	-4.666966e+00	-4.552578e+00	-1.143879e-01
6.640000e-01	-2.219014e+00	2.175458e+00	-4.666791e+00	-4.552409e+00	-1.143816e-01
6.650000e-01	-2.219011e+00	2.175465e+00	-4.666872e+00	-4.552447e+00	-1.144248e-01
6.660000e-01	-2.218899e+00	2.175335e+00	-4.666671e+00	-4.552235e+00	-1.144363e-01
6.670000e-01	-2.218950e+00	2.175399e+00	-4.666791e+00	-4.552345e+00	-1.144459e-01
6.680000e-01	-2.218916e+00	2.175352e+00	-4.666667e+00	-4.552250e+00	-1.144171e-01
6.690000e-01	-2.219001e+00	2.175447e+00	-4.666863e+00	-4.552432e+00	-1.144309e-01
6.700000e-01	-2.218923e+00	2.175361e+00	-4.666666e+00	-4.552256e+00	-1.144104e-01
6.710000e-01	-2.218992e+00	2.175450e+00	-4.666818e+00	-4.552401e+00	-1.144169e-01
6.720000e-01	-2.218982e+00	2.175422e+00	-4.666770e+00	-4.552367e+00	-1.144030e-01
6.730000e-01	-2.219021e+00	2.175468e+00	-4.666883e+00	-4.552462e+00	-1.144209e-01
6.740000e-01	-2.218950e+00	2.175387e+00	-4.666695e+00	-4.552297e+00	-1.143976e-01
6.750000e-01	-2.218984e+00	2.175435e+00	-4.666823e+00	-4.552396e+00	-1.144275e-01
6.760000e-01	-2.218932e+00	2.175370e+00	-4.666690e+00	-4.552277e+00	-1.144127e-01
6.770000e-01	-2.218994e+00	2.175445e+00	-4.666852e+00	-4.552420e+00	-1.144322e-01
6.780000e-01	-2.218928e+00	2.175363e+00	-4.666714e+00	-4.552285e+00	-1.144289e-01
6.790000e-01	-2.219016e+00	2.175466e+00	-4.666898e+00	-4.552465e+00	-1.144333e-01
6.800000e-01	-2.218991e+00	2.175435e+00	-4.666776e+00	-4.552379e+00	-1.143972e-01
6.810000e-01	-2.219081e+00	2.175536e+00	-4.666966e+00	-4.552564e+00	-1.144017e-01
6.820000e-01	-2.218979e+00	2.175422e+00	-4.666738e+00	-4.552347e+00	-1.143903e-01
6.830000e-01	-2.218983e+00	2.175439e+00	-4.666814e+00	-4.552389e+00	-1.144242e-01
6.840000e-01	-2.218940e+00	2.175377e+00	-4.666707e+00	-4.552294e+00	-1.144140e-01
6.850000e-01	-2.218998e+00	2.175443e+00	-4.666857e+00	-4.552427e+00	-1.144304e-01
6.860000e-01	-2.218948e+00	2.175384e+00	-4.666699e+00	-4.552297e+00	-1.144015e-01
6.870000e-01	-2.218991e+00	2.175441e+00	-4.666832e+00	-4.552407e+00	-1.144251e-01
6.880000e-01	-2.218935e+00	2.175373e+00	-4.666696e+00	-4.552283e+00	-1.144128e-01
6.890000e-01	-2.219011e+00	2.175465e+00	-4.666880e+00	-4.552451e+00	-1.144291e-01
6.900000e-01	-2.218986e+00	2.175429e+00	-4.666782e+00	-4.552377e+00	-1.144046e-01
6.910000e-01	-2.219051e+00	2.175507e+00	-4.666921e+00	-4.552512e+00	-1.144098e-01
6.920000e-01	-2.219007e+00	2.175451e+00	-4.666787e+00	-4.552401e+00	-1.143861e-01
6.930000e-01	-2.219013e+00	2.175459e+00	-4.666893e+00	-4.552459e+00	-1.144333e-01
6.940000e-01	-2.218917e+00	2.175346e+00	-4.666685e+00	-4.552259e+00	-1.144254e-01
6.950000e-01	-2.218954e+00	2.175402e+00	-4.666790e+00	-4.552349e+00	-1.144406e-01
6.960000e-01	-2.218949e+00	2.175387e+00	-4.666716e+00	-4.552307e+00	-1.144086e-01
6.970000e-01	-2.219015e+00	2.175466e+00	-4.666865e+00	-4.552448e+00	-1.144171e-01
6.980000e-01	-2.218947e+00	2.175390e+00	-4.666685e+00	-4.552290e+00	-1.143950e-01
6.990000e-01	-2.219008e+00	2.175461e+00	-4.666865e+00	-4.552441e+00	-1.144243e-01
7.000000e-01	-2.218960e+00	2.175396e+00	-4.666741e+00	-4.552330e+00	-1.144109e-01
7.010000e-01	-2.218996e+00	2.175445e+00	-4.666860e+00	-4.552426e+00	-1.144334e-01
7.020000e-01	-2.218947e+00	2.175384e+00	-4.666717e+00	-4.552305e+00	-1.144120e-01
7.030000e-01	-2.219008e+00	2.175461e+00	-4.666866e+00	-4.552441e+00	-1.144257e-01
7.040000e-01	-2.218979e+00	2.175422e+00	-4.666757e+00	-4.552358e+00	-1.143992e-01
7.050000e-01	-2.219029e+00	2.175478e+00	-4.666915e+00	-4.552487e+00	-1.144287e-01
7.060000e-01	-2.218951e+00	2.175386e+00	-4.666725e+00	-4.552313e+00	-1.144121e-01
7.070000e-01	-2.218998e+00	2.175451e+00	-4.666838e+00	-4.552417e+00	-1.144208e-01
7.080000e-01	-2.218964e+00	2.175402e+00	-4.666731e+00	-4.552329e+00	-1.144016e-01
7.090000e-01	-2.219024e+00	2.175476e+00	-4.666887e+00	-4.552468e+00	-1.144190e-01
7.100000e-01	-2.218954e+00	2.175401e+00	-4.666699e+00	-4.552304e+00	-1.143958e-01
7.110000e-01	-2.219015e+00	2.175473e+00	-4.666866e+00	-4.552448e+00	-1.144179e-01
7.120000e-01	-2.218959e+00	2.175401e+00	-4.666726e+00	-4.552322e+00	-1.144039e-01
7.130000e-01	-2.219019e+00	2.175473e+00	-4.666891e+00	-4.552465e+00	-1.144259e-01
7.140000e-01	-2.218941e+00	2.175379e+00	-4.666722e+00	-4.552302e+00	-1.144200e-01
7.150000e-01	-2.219011e+00	2.175464e+00	-4.666881e+00	-4.552451e+00	-1.144293e-01
7.160000e-01	-2.219008e+00	2.175454e+00	-4.666789e+00	-4.552402e+00	-1.143867e-01
7.170000e-01	-2.219049e+00	2.175503e+00	-4.666931e+00	-4.552515e+00	-1.144166e-01
7.180000e-01	-2.218963e+00	2.175402e+00	-4.666734e+00	-4.552330e+00	-1.144039e-01
7.190000e-01	-2.218979e+00	2.175433e+00	-4.666814e+00	-4.552386e+00	-1.144283e-01
7.200000e-01	-2.218919e+00	2.175355e+00	-4.666682e+00	-4.552261e+00	-1.144216e-01
7.210000e-01	-2.218971e+00	2.175418e+00	-4.666819e+00	-4.552381e+00	-1.144380e-01
7.220000e-01	-2.218948e+00	2.175390e+00	-4.666688e+00	-4.552292e+00	-1.143962e-01
7.230000e-01	-2.219036e+00	2.175492e+00	-4.666900e+00	-4.552486e+00	-1.144143e-01
7.240000e-01	-2.218965e+00	2.175406e+00	-4.666748e+00	-4.552339e+00	-1.144096e-01
7.250000e-01	-2.219001e+00	2.175458e+00	-4.666856e+00	-4.552429e+00	-1.144274e-01
7.260000e-01	-2.218911e+00	2.175353e+00	-4.666662e+00	-4.552243e+00	-1.144196e-01
7.270000e-01	-2.218982e+00	2.175438e+00	-4.666824e+00	-4.552394e+00	-1.144295e-01
7.280000e-01	-2.218957e+00	2.175403e+00	-4.666716e+00	-4.552315e+00	-1.144014e-01
7.290000e-01	-2.219071e+00	2.175526e+00	-4.666954e+00	-4.552548e+00	-1.144065e-01
7.300000e-01	-2.218997e+00	2.175440e+00	-4.666773e+00	-4.552383e+00	-1.143892e-01
7.310000e-01	-2.219034e+00	2.175491e+00	-4.666876e+00	-4.552472e+00	-1.144039e-01
7.320000e-01	-2.218956e+00	2.175394e+00	-4.666715e+00	-4.552313e+00	-1.144018e-01
7.330000e-01	-2.219002e+00	2.175448e+00	-4.666869e+00	-4.552436e+00	-1.144328e-01
7.340000e-01	-2.218922e+00	2.175359e+00	-4.666668e+00	-4.552256e+00	-1.144125e-01
7.350000e-01	-2.219004e+00	2.175458e+00	-4.666856e+00	-4.552432e+00	-1.144239e-01
7.360000e-01	-2.218954e+00	2.175398e+00	-4.666708e+00	-4.552308e+00	-1.144004e-01
7.370000e-01	-2.219004e+00	2.175464e+00	-4.666852e+00	-4.552430e+00	-1.144221e-01
7.380000e-01	-2.218936e+00	2.175378e+00	-4.666716e+00	-4.552294e+00	-1.144213e-01
7.390000e-01	-2.218973e+00	2.175425e+00	-4.666829e+00	-4.552387e+00	-1.144419e-01
7.400000e-01	-2.218931e+00	2.175377e+00	-4.666680e+00	-4.552271e+00	-1.144085e-01
7.410000e-01	-2.219003e+00	2.175459e+00	-4.666856e+00	-4.552431e+00	-1.144256e-01
7.420000e-01	-2.218924e+00	2.175366e+00	-4.666667e+00	-4.552257e+00	-1.144095e-01
7.430000e-01	-2.218975e+00	2.175432e+00	-4.666794e+00	-4.552372e+00	-1.144216e-01
7.440000e-01	-2.218964e+00	2.175405e+00	-4.666740e+00	-4.552334e+00	-1.144065e-01
7.450000e-01	-2.219039e+00	2.175492e+00	-4.666908e+00	-4.552493e+00	-1.144147e-01
7.460000e-01	-2.218961e+00	2.175405e+00	-4.666706e+00	-4.552314e+00	-1.143916e-01
7.470000e-01	-2.219011e+00	2.175467e+00	-4.666850e+00	-4.552436e+00	-1.144143e-01
7.480000e-01	-2.218943e+00	2.175387e+00	-4.666704e+00	-4.552296e+00	-1.144088e-01
7.490000e-01	-2.218992e+00	2.175448e+00	-4.666839e+00	-4.552412e+00	-1.144273e-01
7.500000e-01	-2.218937e+00	2.175378e+00	-4.666712e+00	-4.552293e+00	-1.144189e-01
7.510000e-01	-2.218992e+00	2.175444e+00	-4.666851e+00	-4.552418e+00	-1.144333e-01
7.520000e-01	-2.218937e+00	2.175381e+00	-4.666695e+00	-4.552285e+00	-1.144109e-01
7.530000e-01	-2.219003e+00	2.175457e+00	-4.666868e+00	-4.552437e+00	-1.144307e-01
7.540000e-01	-2.218933e+00	2.175374e+00	-4.666704e+00	-4.552285e+00	-1.144189e-01
7.550000e-01	-2.218993e+00	2.175448e+00	-4.666837e+00	-4.552412e+00	-1.144251e-01
7.560000e-01	-2.218923e+00	2.175361e+00	-4.666677e+00	-4.552261e+00	-1.144158e-01
7.570000e-01	-2.219009e+00	2.175456e+00	-4.666858e+00	-4.552438e+00	-1.144196e-01
7.580000e-01	-2.218959e+00	2.175398e+00	-4.666707e+00	-4.552312e+00	-1.143945e-01
7.590000e-01	-2.219053e+00	2.175506e+00	-4.666913e+00	-4.552509e+00	-1.144035e-01
7.600000e-01	-2.218997e+00	2.175441e+00	-4.666777e+00	-4.552385e+00	-1.143915e-01
7.610000e-01	-2.219016e+00	2.175473e+00	-4.666873e+00	-4.552453e+00	-1.144203e-01
7.620000e-01	-2.218944e+00	2.175387e+00	-4.666724e+00	-4.552307e+00	-1.144179e-01
7.630000e-01	-2.218988e+00	2.175437e+00	-4.666855e+00	-4.552415e+00	-1.144393e-01
7.640000e-01	-2.218957e+00	2.175400e+00	-4.666736e+00	-4.552325e+00	-1.144105e-01
7.650000e-01	-2.219041e+00	2.175494e+00	-4.666915e+00	-4.552499e+00	-1.144161e-01
7.660000e-01	-2.218954e+00	2.175398e+00	-4.666705e+00	-4.552307e+00	-1.143979e-01
7.670000e-01	-2.219012e+00	2.175466e+00	-4.666844e+00	-4.552434e+00	-1.144107e-01
7.680000e-01	-2.218915e+00	2.175350e+00	-4.666686e+00	-4.552258e+00	-1.144282e-01
7.690000e-01	-2.218991e+00	2.175434e+00	-4.666857e+00	-4.552419e+00	-1.144373e-01
7.700000e-01	-2.218943e+00	2.175384e+00	-4.666689e+00	-4.552288e+00	-1.144013e-01
7.710000e-01	-2.219033e+00	2.175484e+00	-4.666883e+00	-4.552474e+00	-1.144086e-01
7.720000e-01	-2.218992e+00	2.175436e+00	-4.666772e+00	-4.552379e+00	-1.143938e-01
7.730000e-01	-2.219041e+00	2.175494e+00	-4.666913e+00	-4.552497e+00	-1.144159e-01
7.740000e-01	-2.218951e+00	2.175390e+00	-4.666729e+00	-4.552315e+00	-1.144137e-01
7.750000e-01	-2.219010e+00	2.175458e+00	-4.666879e+00	-4.552450e+00	-1.144295e-01
7.760000e-01	-2.218931e+00	2.175375e+00	-4.666693e+00	-4.552277e+00	-1.144157e-01
7.770000e-01	-2.219016e+00	2.175470e+00	-4.666874e+00	-4.552453e+00	-1.144216e-01
7.780000e-01	-2.218956e+00	2.175402e+00	-4.666712e+00	-4.552312e+00	-1.143998e-01
7.790000e-01	-2.218994e+00	2.175447e+00	-4.666833e+00	-4.552411e+00	-1.144224e-01
7.800000e-01	-2.218924e+00	2.175364e+00	-4.666688e+00	-4.552269e+00	-1.144198e-01
7.810000e-01	-2.219011e+00	2.175459e+00	-4.666870e+00	-4.552445e+00	-1.144243e-01
7.820000e-01	-2.218966e+00	2.175411e+00	-4.666720e+00	-4.552326e+00	-1.143946e-01
7.830000e-01	-2.219031e+00	2.175484e+00	-4.666878e+00	-4.552470e+00	-1.144076e-01
7.840000e-01	-2.218930e+00	2.175371e+00	-4.666677e+00	-4.552268e+00	-1.144085e-01
7.850000e-01	-2.218960e+00	2.175410e+00	-4.666801e+00	-4.552360e+00	-1.144410e-01
7.860000e-01	-2.218889e+00	2.175331e+00	-4.666652e+00	-4.552215e+00	-1.144364e-01
7.870000e-01	-2.218977e+00	2.175427e+00	-4.666823e+00	-4.552389e+00	-1.144347e-01
7.880000e-01	-2.218964e+00	2.175409e+00	-4.666720e+00	-4.552325e+00	-1.143958e-01
7.890000e-01	-2.219065e+00	2.175515e+00	-4.666940e+00	-4.552535e+00	-1.144056e-01
7.900000e-01	-2.218973e+00	2.175411e+00	-4.666747e+00	-4.552346e+00	-1.144008e-01
7.910000e-01	-2.219001e+00	2.175453e+00	-4.666839e+00	-4.552420e+00	-1.144185e-01
7.920000e-01	-2.218950e+00	2.175392e+00	-4.666720e+00	-4.552310e+00	-1.144095e-01
7.930000e-01	-2.218983e+00	2.175432e+00	-4.666829e+00	-4.552398e+00	-1.144314e-01
7.940000e-01	-2.218918e+00	2.175359e+00	-4.666650e+00	-4.552244e+00	-1.144068e-01
7.950000e-01	-2.218977e+00	2.175423e+00	-4.666816e+00	-4.552385e+00	-1.144311e-01
7.960000e-01	-2.218905e+00	2.175342e+00	-4.666649e+00	-4.552230e+00	-1.144191e-01
7.970000e-01	-2.218964e+00	2.175415e+00	-4.666796e+00	-4.552362e+00	-1.144339e-01
7.980000e-01	-2.218944e+00	2.175388e+00	-4.666703e+00	-4.552295e+00	-1.144081e-01
7.990000e-01	-2.219050e+00	2.175504e+00	-4.666923e+00	-4.552512e+00	-1.144110e-01
8.000000e-01	-2.219016e+00	2.175460e+00	-4.666804e+00	-4.552418e+00	-1.143854e-01
8.010000e-01	-2.219044e+00	2.175492e+00	-4.666923e+00	-4.552506e+00	-1.144174e-01
8.020000e-01	-2.218918e+00	2.175354e+00	-4.666674e+00	-4.552255e+00	-1.144191e-01
8.030000e-01	-2.218973e+00	2.175422e+00	-4.666808e+00	-4.552377e+00	-1.144309e-01
8.040000e-01	-2.218940e+00	2.175376e+00	-4.666707e+00	-4.552294e+00	-1.144130e-01
8.050000e-01	-2.218999e+00	2.175441e+00	-4.666854e+00	-4.552426e+00	-1.144285e-01
8.060000e-01	-2.218940e+00	2.175378e+00	-4.666679e+00	-4.552279e+00	-1.144000e-01
8.070000e-01	-2.219036e+00	2.175488e+00	-4.666886e+00	-4.552479e+00	-1.144067e-01
8.080000e-01	-2.218962e+00	2.175403e+00	-4.666723e+00	-4.552324e+00	-1.143991e-01
8.090000e-01	-2.219038e+00	2.175490e+00	-4.666907e+00	-4.552491e+00	-1.144160e-01
8.100000e-01	-2.218954e+00	2.175392e+00	-4.666738e+00	-4.552323e+00	-1.144156e-01
8.110000e-01	-2.218983e+00	2.175429e+00	-4.666839e+00	-4.552403e+00	-1.144361e-01
8.120000e-01	-2.218953e+00	2.175388e+00	-4.666723e+00	-4.552314e+00	-1.144085e-01
8.130000e-01	-2.219016e+00	2.175458e+00	-4.666893e+00	-4.552463e+00	-1.144305e-01
8.140000e-01	-2.218935e+00	2.175367e+00	-4.666700e+00	-4.552285e+00	-1.144150e-01
8.150000e-01	-2.218973e+00	2.175423e+00	-4.666799e+00	-4.552372e+00	-1.144269e-01
8.160000e-01	-2.218930e+00	2.175367e+00	-4.666698e+00	-4.552279e+00	-1.144191e-01
8.170000e-01	-2.219008e+00	2.175455e+00	-4.666869e+00	-4.552443e+00	-1.144263e-01
8.180000e-01	-2.218971e+00	2.175413e+00	-4.666724e+00	-4.552333e+00	-1.143913e-01
8.190000e-01	-2.219043e+00	2.175498e+00	-4.666888e+00	-4.552487e+00	-1.144013e-01
8.200000e-01	-2.218965e+00	2.175406e+00	-4.666729e+00	-4.552329e+00	-1.144001e-01
8.210000e-01	-2.218981e+00	2.175429e+00	-4.666832e+00	-4.552398e+00	-1.144347e-01
8.220000e-01	-2.218912e+00	2.175343e+00	-4.666689e+00	-4.552256e+00	-1.144322e-01
8.230000e-01	-2.218959e+00	2.175402e+00	-4.666820e+00	-4.552369e+00	-1.144507e-01
8.240000e-01	-2.218965e+00	2.175404e+00	-4.666748e+00	-4.552339e+00	-1.144090e-01
8.250000e-01	-2.219067e+00	2.175519e+00	-4.666960e+00	-4.552547e+00	-1.144128e-01
8.260000e-01	-2.219008e+00	2.175452e+00	-4.666794e+00	-4.552405e+00	-1.143883e-01
8.270000e-01	-2.219002e+00	2.175457e+00	-4.666841e+00	-4.552423e+00	-1.144188e-01
8.280000e-01	-2.218913e+00	2.175348e+00	-4.666670e+00	-4.552248e+00	-1.144213e-01
8.290000e-01	-2.218958e+00	2.175401e+00	-4.666804e+00	-4.552360e+00	-1.144435e-01
8.300000e-01	-2.218921e+00	2.175359e+00	-4.666656e+00	-4.552248e+00	-1.144071e-01
8.310000e-01	-2.219012e+00	2.175468e+00	-4.666845e+00	-4.552435e+00	-1.144104e-01
8.320000e-01	-2.218969e+00	2.175412e+00	-4.666726e+00	-4.552332e+00	-1.143938e-01
8.330000e-01	-2.219016e+00	2.175472e+00	-4.666873e+00	-4.552453e+00	-1.144203e-01
8.340000e-01	-2.218957e+00	2.175398e+00	-4.666742e+00	-4.552328e+00	-1.144137e-01
8.350000e-01	-2.219001e+00	2.175454e+00	-4.666870e+00	-4.552436e+00	-1.144341e-01
8.360000e-01	-2.218949e+00	2.175393e+00	-4.666711e+00	-4.552305e+00	-1.144061e-01
8.370000e-01	-2.219013e+00	2.175465e+00	-4.666879e+00	-4.552453e+00	-1.144261e-01
8.380000e-01	-2.218942e+00	2.175377e+00	-4.666701e+00	-4.552292e+00	-1.144092e-01
8.390000e-01	-2.218961e+00	2.175409e+00	-4.666786e+00	-4.552354e+00	-1.144323e-01
8.400000e-01	-2.218940e+00	2.175374e+00	-4.666711e+00	-4.552295e+00	-1.144154e-01
8.410000e-01	-2.219055e+00	2.175506e+00	-4.666919e+00	-4.552514e+00	-1.144047e-01
8.420000e-01	-2.219033e+00	2.175481e+00	-4.666782e+00	-4.552424e+00	-1.143582e-01
8.430000e-01	-2.219068e+00	2.175529e+00	-4.666906e+00	-4.552521e+00	-1.143849e-01
8.440000e-01	-2.218953e+00	2.175392e+00	-4.666715e+00	-4.552311e+00	-1.144045e-01
8.450000e-01	-2.218966e+00	2.175413e+00	-4.666833e+00	-4.552383e+00	-1.144498e-01
8.460000e-01	-2.218887e+00	2.175316e+00	-4.666672e+00	-4.552223e+00	-1.144489e-01
8.470000e-01	-2.218979e+00	2.175424e+00	-4.666847e+00	-4.552402e+00	-1.144448e-01
8.480000e-01	-2.218964e+00	2.175400e+00	-4.666743e+00	-4.552336e+00	-1.144071e-01
8.490000e-01	-2.219039e+00	2.175490e+00	-4.666919e+00	-4.552499e+00	-1.144202e-01
8.500000e-01	-2.218983e+00	2.175428e+00	-4.666746e+00	-4.552356e+00	-1.143901e-01
8.510000e-01	-2.218993e+00	2.175453e+00	-4.666817e+00	-4.552402e+00	-1.144150e-01
8.520000e-01	-2.218959e+00	2.175400e+00	-4.666718e+00	-4.552318e+00	-1.143997e-01
8.530000e-01	-2.218999e+00	2.175442e+00	-4.666854e+00	-4.552426e+00	-1.144279e-01
8.540000e-01	-2.218950e+00	2.175384e+00	-4.666695e+00	-4.552297e+00	-1.143975e-01
8.550000e-01	-2.219007e+00	2.175455e+00	-4.666858e+00	-4.552436e+00	-1.144222e-01
8.560000e-01	-2.218942e+00	2.175379e+00	-4.666715e+00	-4.552299e+00	-1.144156e-01
8.570000e-01	-2.219011e+00	2.175463e+00	-4.666879e+00	-4.552450e+00	-1.144287e-01
8.580000e-01	-2.218985e+00	2.175426e+00	-4.666778e+00	-4.552374e+00	-1.144039e-01
8.590000e-01	-2.219040e+00	2.175494e+00	-4.666917e+00	-4.552498e+00	-1.144184e-01
8.600000e-01	-2.218981e+00	2.175421e+00	-4.666756e+00	-4.552359e+00	-1.143971e-01
8.610000e-01	-2.219034e+00	2.175482e+00	-4.666914e+00	-4.552491e+00	-1.144236e-01
8.620000e-01	-2.218940e+00	2.175378e+00	-4.666698e+00	-4.552289e+00	-1.144087e-01
8.630000e-01	-2.218964e+00	2.175416e+00	-4.666782e+00	-4.552355e+00	-1.144269e-01
8.640000e-01	-2.218903e+00	2.175339e+00	-4.666652e+00	-4.552229e+00	-1.144232e-01
8.650000e-01	-2.218969e+00	2.175414e+00	-4.666827e+00	-4.552382e+00	-1.144448e-01
8.660000e-01	-2.218950e+00	2.175390e+00	-4.666702e+00	-4.552301e+00	-1.144009e-01
8.670000e-01	-2.219033e+00	2.175486e+00	-4.666889e+00	-4.552478e+00	-1.144116e-01
8.680000e-01	-2.218989e+00	2.175428e+00	-4.666760e+00	-4.552369e+00	-1.143904e-01
8.690000e-01	-2.219020e+00	2.175470e+00	-4.666890e+00	-4.552465e+00	-1.144255e-01
8.700000e-01	-2.218943e+00	2.175379e+00	-4.666727e+00	-4.552307e+00	-1.144203e-01
8.710000e-01	-2.219016e+00	2.175466e+00	-4.666892e+00	-4.552462e+00	-1.144304e-01
8.720000e-01	-2.218968e+00	2.175413e+00	-4.666743e+00	-4.552339e+00	-1.144037e-01
8.730000e-01	-2.218988e+00	2.175438e+00	-4.666850e+00	-4.552413e+00	-1.144373e-01
8.740000e-01	-2.218892e+00	2.175326e+00	-4.666641e+00	-4.552213e+00	-1.144289e-01
8.750000e-01	-2.218945e+00	2.175395e+00	-4.666773e+00	-4.552332e+00	-1.144411e-01
8.760000e-01	-2.218923e+00	2.175359e+00	-4.666687e+00	-4.552266e+00	-1.144208e-01
8.770000e-01	-2.219007e+00	2.175456e+00	-4.666858e+00	-4.552436e+00	-1.144220e-01
8.780000e-01	-2.218972e+00	2.175415e+00	-4.666719e+00	-4.552332e+00	-1.143875e-01
8.790000e-01	-2.219034e+00	2.175488e+00	-4.666878e+00	-4.552473e+00	-1.144053e-01
8.800000e-01	-2.218947e+00	2.175389e+00	-4.666697e+00	-4.552296e+00	-1.144017e-01
8.810000e-01	-2.218979e+00	2.175433e+00	-4.666825e+00	-4.552392e+00	-1.144333e-01
8.820000e-01	-2.218913e+00	2.175353e+00	-4.666680e+00	-4.552254e+00	-1.144267e-01
8.830000e-01	-2.218961e+00	2.175412e+00	-4.666814e+00	-4.552368e+00	-1.144459e-01
8.840000e-01	-2.218933e+00	2.175376e+00	-4.666695e+00	-4.552281e+00	-1.144144e-01
8.850000e-01	-2.219021e+00	2.175476e+00	-4.666889e+00	-4.552465e+00	-1.144235e-01
8.860000e-01	-2.218952e+00	2.175395e+00	-4.666701e+00	-4.552302e+00	-1.143988e-01
8.870000e-01	-2.218990e+00	2.175449e+00	-4.666811e+00	-4.552396e+00	-1.144155e-01
8.880000e-01	-2.218939e+00	2.175378e+00	-4.666700e+00	-4.552289e+00	-1.144107e-01
8.890000e-01	-2.219014e+00	2.175458e+00	-4.666879e+00	-4.552453e+00	-1.144260e-01
8.900000e-01	-2.218981e+00	2.175418e+00	-4.666740e+00	-4.552351e+00	-1.143886e-01
8.910000e-01	-2.219030e+00	2.175482e+00	-4.666885e+00	-4.552472e+00	-1.144123e-01
8.920000e-01	-2.218954e+00	2.175394e+00	-4.666722e+00	-4.552316e+00	-1.144068e-01
8.930000e-01	-2.218959e+00	2.175409e+00	-4.666809e+00	-4.552364e+00	-1.144452e-01
8.940000e-01	-2.218878e+00	2.175312e+00	-4.666639e+00	-4.552198e+00	-1.144409e-01
8.950000e-01	-2.218935e+00	2.175387e+00	-4.666771e+00	-4.552321e+00	-1.144498e-01
8.960000e-01	-2.218928e+00	2.175376e+00	-4.666667e+00	-4.552262e+00	-1.144058e-01
8.970000e-01	-2.219070e+00	2.175529e+00	-4.666938e+00	-4.552539e+00	-1.143993e-01
8.980000e-01	-2.219009e+00	2.175455e+00	-4.666783e+00	-4.552400e+00	-1.143823e-01
8.990000e-01	-2.219028e+00	2.175481e+00	-4.666884e+00	-4.552470e+00	-1.144143e-01
9.000000e-01	-2.218933e+00	2.175366e+00	-4.666709e+00	-4.552287e+00	-1.144214e-01
9.010000e-01	-2.218969e+00	2.175410e+00	-4.666823e+00	-4.552381e+00	-1.144424e-01
9.020000e-01	-2.218928e+00	2.175364e+00	-4.666675e+00	-4.552265e+00	-1.144100e-01
9.030000e-01	-2.219048e+00	2.175503e+00	-4.666909e+00	-4.552502e+00	-1.144068e-01
9.040000e-01	-2.218971e+00	2.175415e+00	-4.666732e+00	-4.552337e+00	-1.143954e-01
9.050000e-01	-2.219016e+00	2.175473e+00	-4.666873e+00	-4.552453e+00	-1.144202e-01
9.060000e-01	-2.218935e+00	2.175380e+00	-4.666706e+00	-4.552288e+00	-1.144185e-01
9.070000e-01	-2.219001e+00	2.175460e+00	-4.666858e+00	-4.552430e+00	-1.144279e-01
9.080000e-01	-2.218975e+00	2.175427e+00	-4.666735e+00	-4.552342e+00	-1.143931e-01
9.090000e-01	-2.219039e+00	2.175497e+00	-4.666911e+00	-4.552495e+00	-1.144163e-01
9.100000e-01	-2.218913e+00	2.175351e+00	-4.666662e+00	-4.552244e+00	-1.144183e-01
9.110000e-01	-2.218942e+00	2.175392e+00	-4.666769e+00	-4.552327e+00	-1.144422e-01
9.120000e-01	-2.218903e+00	2.175339e+00	-4.666653e+00	-4.552229e+00	-1.144235e-01
9.130000e-01	-2.219031e+00	2.175484e+00	-4.666891e+00	-4.552477e+00	-1.144148e-01
9.140000e-01	-2.219005e+00	2.175455e+00	-4.666760e+00	-4.552385e+00	-1.143752e-01
9.150000e-01	-2.219061e+00	2.175527e+00	-4.666906e+00	-4.552515e+00	-1.143918e-01
9.160000e-01	-2.218971e+00	2.175419e+00	-4.666723e+00	-4.552333e+00	-1.143907e-01
9.170000e-01	-2.218979e+00	2.175436e+00	-4.666818e+00	-4.552388e+00	-1.144298e-01
9.180000e-01	-2.218892e+00	2.175335e+00	-4.666645e+00	-4.552214e+00	-1.144306e-01
9.190000e-01	-2.218973e+00	2.175428e+00	-4.666826e+00	-4.552386e+00	-1.144401e-01
9.200000e-01	-2.218995e+00	2.175441e+00	-4.666770e+00	-4.552380e+00	-1.143903e-01
9.210000e-01	-2.219091e+00	2.175548e+00	-4.666979e+00	-4.552581e+00	-1.143989e-01
9.220000e-01	-2.218974e+00	2.175417e+00	-4.666731e+00	-4.552340e+00	-1.143918e-01
9.230000e-01	-2.218984e+00	2.175441e+00	-4.666817e+00	-4.552393e+00	-1.144249e-01
9.240000e-01	-2.218877e+00	2.175316e+00	-4.666630e+00	-4.552193e+00	-1.144376e-01
9.250000e-01	-2.218940e+00	2.175389e+00	-4.666768e+00	-4.552324e+00	-1.144446e-01
9.260000e-01	-2.218911e+00	2.175353e+00	-4.666626e+00	-4.552224e+00	-1.144025e-01
9.270000e-01	-2.219024e+00	2.175482e+00	-4.666861e+00	-4.552455e+00	-1.144069e-01
9.280000e-01	-2.218957e+00	2.175403e+00	-4.666721e+00	-4.552318e+00	-1.144031e-01
9.290000e-01	-2.219005e+00	2.175463e+00	-4.666856e+00	-4.552433e+00	-1.144229e-01
9.300000e-01	-2.218920e+00	2.175362e+00	-4.666674e+00	-4.552257e+00	-1.144176e-01
9.310000e-01	-2.219032e+00	2.175489e+00	-4.666892e+00	-4.552478e+00	-1.144142e-01
9.320000e-01	-2.218986e+00	2.175432e+00	-4.666754e+00	-4.552363e+00	-1.143909e-01
9.330000e-01	-2.219046e+00	2.175499e+00	-4.666931e+00	-4.552512e+00	-1.144189e-01
9.340000e-01	-2.218921e+00	2.175358e+00	-4.666691e+00	-4.552267e+00	-1.144241e-01
9.350000e-01	-2.218930e+00	2.175380e+00	-4.666756e+00	-4.552308e+00	-1.144480e-01
9.360000e-01	-2.218892e+00	2.175328e+00	-4.666640e+00	-4.552213e+00	-1.144278e-01
9.370000e-01	-2.218966e+00	2.175409e+00	-4.666820e+00	-4.552376e+00	-1.144439e-01
9.380000e-01	-2.218906e+00	2.175343e+00	-4.666648e+00	-4.552230e+00	-1.144186e-01
9.390000e-01	-2.219010e+00	2.175467e+00	-4.666852e+00	-4.552436e+00	-1.144164e-01
9.400000e-01	-2.218951e+00	2.175399e+00	-4.666698e+00	-4.552300e+00	-1.143986e-01
9.410000e-01	-2.219040e+00	2.175502e+00	-4.666894e+00	-4.552487e+00	-1.144073e-01
9.420000e-01	-2.218965e+00	2.175414e+00	-4.666726e+00	-4.552328e+00	-1.143977e-01
9.430000e-01	-2.219019e+00	2.175478e+00	-4.666876e+00	-4.552457e+00	-1.144185e-01
9.440000e-01	-2.218960e+00	2.175404e+00	-4.666741e+00	-4.552331e+00	-1.144099e-01
9.450000e-01	-2.219011e+00	2.175455e+00	-4.666899e+00	-4.552461e+00	-1.144382e-01
9.460000e-01	-2.218895e+00	2.175325e+00	-4.666655e+00	-4.552223e+00	-1.144323e-01
9.470000e-01	-2.218953e+00	2.175403e+00	-4.666781e+00	-4.552344e+00	-1.144368e-01
9.480000e-01	-2.218930e+00	2.175368e+00	-4.666699e+00	-4.552279e+00	-1.144196e-01
9.490000e-01	-2.219048e+00	2.175499e+00	-4.666931e+00	-4.552514e+00	-1.144168e-01
9.500000e-01	-2.218983e+00	2.175431e+00	-4.666725e+00	-4.552346e+00	-1.143794e-01
9.510000e-01	-2.219055e+00	2.175516e+00	-4.666900e+00	-4.552505e+00	-1.143955e-01
9.520000e-01	-2.218954e+00	2.175402e+00	-4.666710e+00	-4.552309e+00	-1.144011e-01
9.530000e-01	-2.218970e+00	2.175424e+00	-4.666814e+00	-4.552377e+00	-1.144365e-01
9.540000e-01	-2.218867e+00	2.175305e+00	-4.666620e+00	-4.552177e+00	-1.144429e-01
9.550000e-01	-2.218957e+00	2.175406e+00	-4.666811e+00	-4.552363e+00	-1.144485e-01
9.560000e-01	-2.218963e+00	2.175407e+00	-4.666738e+00	-4.552332e+00	-1.144059e-01
9.570000e-01	-2.219094e+00	2.175549e+00	-4.666986e+00	-4.552587e+00	-1.143985e-01
9.580000e-01	-2.218976e+00	2.175420e+00	-4.666747e+00	-4.552350e+00	-1.143974e-01
9.590000e-01	-2.219017e+00	2.175471e+00	-4.666865e+00	-4.552449e+00	-1.144156e-01
9.600000e-01	-2.218934e+00	2.175375e+00	-4.666698e+00	-4.552283e+00	-1.144151e-01
9.610000e-01	-2.218989e+00	2.175437e+00	-4.666842e+00	-4.552410e+00	-1.144316e-01
9.620000e-01	-2.218933e+00	2.175380e+00	-4.666670e+00	-4.552268e+00	-1.144027e-01
9.630000e-01	-2.219023e+00	2.175480e+00	-4.666872e+00	-4.552459e+00	-1.144132e-01
9.640000e-01	-2.218921e+00	2.175363e+00	-4.666684e+00	-4.552263e+00	-1.144211e-01
9.650000e-01	-2.218967e+00	2.175415e+00	-4.666825e+00	-4.552379e+00	-1.144456e-01
9.660000e-01	-2.218918e+00	2.175359e+00	-4.666682e+00	-4.552259e+00	-1.144233e-01
9.670000e-01	-2.219012e+00	2.175470e+00	-4.666858e+00	-4.552442e+00	-1.144168e-01
9.680000e-01	-2.218997e+00	2.175452e+00	-4.666761e+00	-4.552377e+00	-1.143836e-01
9.690000e-01	-2.219064e+00	2.175519e+00	-4.666952e+00	-4.552540e+00	-1.144118e-01
9.700000e-01	-2.218923e+00	2.175362e+00	-4.666684e+00	-4.552265e+00	-1.144193e-01
9.710000e-01	-2.218937e+00	2.175385e+00	-4.666746e+00	-4.552310e+00	-1.144364e-01
9.720000e-01	-2.218891e+00	2.175333e+00	-4.666634e+00	-4.552208e+00	-1.144258e-01
9.730000e-01	-2.219001e+00	2.175452e+00	-4.666846e+00	-4.552423e+00	-1.144223e-01
9.740000e-01	-2.218965e+00	2.175413e+00	-4.666707e+00	-4.552319e+00	-1.143887e-01
9.750000e-01	-2.219034e+00	2.175491e+00	-4.666881e+00	-4.552475e+00	-1.144068e-01
9.760000e-01	-2.218929e+00	2.175375e+00	-4.666688e+00	-4.552273e+00	-1.144153e-01
9.770000e-01	-2.218952e+00	2.175405e+00	-4.666792e+00	-4.552348e+00	-1.144442e-01
9.780000e-01	-2.218884e+00	2.175328e+00	-4.666636e+00	-4.552202e+00	-1.144346e-01
9.790000e-01	-2.218982e+00	2.175437e+00	-4.666834e+00	-4.552399e+00	-1.144349e-01
9.800000e-01	-2.218973e+00	2.175421e+00	-4.666740e+00	-4.552343e+00	-1.143971e-01
9.810000e-01	-2.219063e+00	2.175512e+00	-4.666948e+00	-4.552537e+00	-1.144106e-01
9.820000e-01	-2.218966e+00	2.175405e+00	-4.666733e+00	-4.552332e+00	-1.144006e-01
9.830000e-01	-2.218992e+00	2.175443e+00	-4.666822e+00	-4.552402e+00	-1.144191e-01
9.840000e-01	-2.218936e+00	2.175376e+00	-4.666699e+00	-4.552286e+00	-1.144135e-01
9.850000e-01	-2.219007e+00	2.175451e+00	-4.666862e+00	-4.552438e+00	-1.144240e-01
9.860000e-01	-2.218927e+00	2.175367e+00	-4.666668e+00	-4.552261e+00	-1.144068e-01
9.870000e-01	-2.219000e+00	2.175449e+00	-4.666849e+00	-4.552424e+00	-1.144246e-01
9.880000e-01	-2.218904e+00	2.175343e+00	-4.666663e+00	-4.552236e+00	-1.144275e-01
9.890000e-01	-2.218957e+00	2.175409e+00	-4.666799e+00	-4.552357e+00	-1.144421e-01
9.900000e-01	-2.218896e+00	2.175340e+00	-4.666642e+00	-4.552217e+00	-1.144249e-01
9.910000e-01	-2.219006e+00	2.175462e+00	-4.666851e+00	-4.552432e+00	-1.144192e-01
9.920000e-01	-2.219001e+00	2.175447e+00	-4.666770e+00	-4.552386e+00	-1.143843e-01
9.930000e-01	-2.219082e+00	2.175532e+00	-4.666981e+00	-4.552573e+00	-1.144082e-01
9.940000e-01	-2.218971e+00	2.175413e+00	-4.666739e+00	-4.552341e+00	-1.143982e-01
9.950000e-01	-2.218981e+00	2.175436e+00	-4.666789e+00	-4.552376e+00	-1.144139e-01
9.960000e-01	-2.218915e+00	2.175355e+00	-4.666653e+00	-4.552241e+00	-1.144113e-01
9.970000e-01	-2.218977e+00	2.175419e+00	-4.666817e+00	-4.552385e+00	-1.144314e-01
9.980000e-01	-2.218912e+00	2.175345e+00	-4.666657e+00	-4.552241e+00	-1.144162e-01
9.990000e-01	-2.219007e+00	2.175451e+00	-4.666856e+00	-4.552434e+00	-1.144212e-01
1.000000e+00	-2.218892e+00	2.175326e+00	-4.666644e+00	-4.552214e+00	-1.144294e-01
