# Force coefficients
# liftDir    : (0.000000e+00 1.000000e+00 0.000000e+00)
# dragDir    : (1.000000e+00 0.000000e+00 0.000000e+00)
# pitchAxis  : (0.000000e+00 0.000000e+00 1.000000e+00)
# magUInf    : 5.148000e+01
# lRef       : 4.530000e-01
# Aref       : 4.348800e-01
# CofR       : (0.000000e+00 0.000000e+00 0.000000e+00)
# Time       	Cm           	Cd           	Cl           	Cl(f)        	Cl(r)        	Cm	Cd	Cl	Cl(f)	Cl(r)
1.000000e-03	-1.772675e-03	1.966579e-03	-3.029803e-03	-3.287577e-03	2.577739e-04
2.000000e-03	-1.159180e-02	1.323884e-02	-2.107279e-02	-2.212820e-02	1.055411e-03
3.000000e-03	-1.991312e-02	2.272260e-02	-3.797404e-02	-3.890014e-02	9.260999e-04
4.000000e-03	-2.201784e-02	2.505784e-02	-4.390551e-02	-4.397059e-02	6.508258e-05
5.000000e-03	-2.239309e-02	2.518622e-02	-4.725850e-02	-4.602235e-02	-1.236157e-03
6.000000e-03	-2.320255e-02	2.550929e-02	-5.172131e-02	-4.906320e-02	-2.658109e-03
7.000000e-03	-2.490816e-02	2.665436e-02	-5.793156e-02	-5.387394e-02	-4.057616e-03
8.000000e-03	-2.860791e-02	2.995261e-02	-6.769396e-02	-6.245489e-02	-5.239073e-03
9.000000e-03	-3.378732e-02	3.491502e-02	-8.012026e-02	-7.384745e-02	-6.272808e-03
1.000000e-02	-3.936667e-02	4.041104e-02	-9.320917e-02	-8.597126e-02	-7.237917e-03
1.100000e-02	-4.433372e-02	4.527275e-02	-1.051752e-01	-9.692133e-02	-8.253878e-03
1.200000e-02	-4.914607e-02	5.002799e-02	-1.168974e-01	-1.075948e-01	-9.302618e-03
1.300000e-02	-5.360767e-02	5.441948e-02	-1.280930e-01	-1.176542e-01	-1.043884e-02
1.400000e-02	-5.807186e-02	5.880588e-02	-1.394257e-01	-1.277847e-01	-1.164098e-02
1.500000e-02	-6.323564e-02	6.396260e-02	-1.522405e-01	-1.393559e-01	-1.288460e-02
1.600000e-02	-6.973405e-02	7.056575e-02	-1.678332e-01	-1.536506e-01	-1.418253e-02
1.700000e-02	-7.747559e-02	7.845808e-02	-1.862033e-01	-1.705772e-01	-1.562606e-02
1.800000e-02	-8.634142e-02	8.743528e-02	-2.073985e-01	-1.900407e-01	-1.735782e-02
1.900000e-02	-9.553971e-02	9.662468e-02	-2.299414e-01	-2.105104e-01	-1.943101e-02
2.000000e-02	-1.046064e-01	1.055386e-01	-2.528115e-01	-2.310122e-01	-2.179932e-02
2.100000e-02	-1.131058e-01	1.137454e-01	-2.749655e-01	-2.505885e-01	-2.437701e-02
2.200000e-02	-1.211877e-01	1.213997e-01	-2.965276e-01	-2.694515e-01	-2.707614e-02
2.300000e-02	-1.291872e-01	1.289015e-01	-3.179434e-01	-2.881589e-01	-2.978444e-02
2.400000e-02	-1.376063e-01	1.368082e-01	-3.400761e-01	-3.076444e-01	-3.243178e-02
2.500000e-02	-1.467604e-01	1.454970e-01	-3.635432e-01	-3.285319e-01	-3.501122e-02
2.600000e-02	-1.573075e-01	1.556136e-01	-3.900820e-01	-3.523485e-01	-3.773344e-02
2.700000e-02	-1.692445e-01	1.671890e-01	-4.197418e-01	-3.791154e-01	-4.062636e-02
2.800000e-02	-1.821698e-01	1.797899e-01	-4.517268e-01	-4.080332e-01	-4.369359e-02
2.900000e-02	-1.957486e-01	1.930984e-01	-4.853310e-01	-4.384141e-01	-4.691694e-02
3.000000e-02	-2.094729e-01	2.065413e-01	-5.195700e-01	-4.692579e-01	-5.031210e-02
3.100000e-02	-2.231131e-01	2.199075e-01	-5.538923e-01	-5.000593e-01	-5.383302e-02
3.200000e-02	-2.366506e-01	2.331607e-01	-5.880191e-01	-5.306601e-01	-5.735899e-02
3.300000e-02	-2.504948e-01	2.467221e-01	-6.227484e-01	-5.618690e-01	-6.087946e-02
3.400000e-02	-2.650235e-01	2.609900e-01	-6.586712e-01	-5.943592e-01	-6.431208e-02
3.500000e-02	-2.802453e-01	2.759969e-01	-6.959416e-01	-6.282160e-01	-6.772552e-02
3.600000e-02	-2.962104e-01	2.917988e-01	-7.346807e-01	-6.635507e-01	-7.112993e-02
3.700000e-02	-3.124851e-01	3.079676e-01	-7.740305e-01	-6.995004e-01	-7.453015e-02
3.800000e-02	-3.293148e-01	3.247639e-01	-8.143062e-01	-7.364680e-01	-7.783828e-02
3.900000e-02	-3.469223e-01	3.423688e-01	-8.560985e-01	-7.749715e-01	-8.112700e-02
4.000000e-02	-3.652112e-01	3.606749e-01	-8.991893e-01	-8.148059e-01	-8.438339e-02
4.100000e-02	-3.836854e-01	3.791694e-01	-9.426329e-01	-8.550019e-01	-8.763105e-02
4.200000e-02	-4.024879e-01	3.979870e-01	-9.866582e-01	-8.958170e-01	-9.084123e-02
4.300000e-02	-4.214616e-01	4.169925e-01	-1.030652e+00	-9.367878e-01	-9.386454e-02
4.400000e-02	-4.405795e-01	4.361700e-01	-1.074501e+00	-9.778302e-01	-9.667110e-02
4.500000e-02	-4.598000e-01	4.555037e-01	-1.117872e+00	-1.018736e+00	-9.913612e-02
4.600000e-02	-4.791533e-01	4.750467e-01	-1.160824e+00	-1.059565e+00	-1.012588e-01
4.700000e-02	-4.980156e-01	4.942157e-01	-1.201822e+00	-1.098927e+00	-1.028956e-01
4.800000e-02	-5.166882e-01	5.132855e-01	-1.241595e+00	-1.137486e+00	-1.041091e-01
4.900000e-02	-5.351033e-01	5.322200e-01	-1.279997e+00	-1.175102e+00	-1.048954e-01
5.000000e-02	-5.531715e-01	5.508939e-01	-1.317066e+00	-1.211705e+00	-1.053617e-01
5.100000e-02	-5.705209e-01	5.689095e-01	-1.352228e+00	-1.246635e+00	-1.055933e-01
5.200000e-02	-5.870389e-01	5.861605e-01	-1.385328e+00	-1.279703e+00	-1.056250e-01
5.300000e-02	-6.026039e-01	6.025211e-01	-1.416000e+00	-1.310604e+00	-1.053959e-01
5.400000e-02	-6.171153e-01	6.179152e-01	-1.443900e+00	-1.339065e+00	-1.048348e-01
5.500000e-02	-6.302105e-01	6.320025e-01	-1.468160e+00	-1.364290e+00	-1.038694e-01
5.600000e-02	-6.421525e-01	6.450550e-01	-1.489203e+00	-1.386754e+00	-1.024490e-01
5.700000e-02	-6.527686e-01	6.569035e-01	-1.506681e+00	-1.406109e+00	-1.005721e-01
5.800000e-02	-6.623132e-01	6.677945e-01	-1.521141e+00	-1.422883e+00	-9.825712e-02
5.900000e-02	-6.709660e-01	6.778778e-01	-1.533125e+00	-1.437528e+00	-9.559644e-02
6.000000e-02	-6.791621e-01	6.875432e-01	-1.543636e+00	-1.450980e+00	-9.265581e-02
6.100000e-02	-6.869120e-01	6.967373e-01	-1.553019e+00	-1.463421e+00	-8.959743e-02
6.200000e-02	-6.946756e-01	7.058757e-01	-1.562357e+00	-1.475854e+00	-8.650310e-02
6.300000e-02	-7.022511e-01	7.147398e-01	-1.571456e+00	-1.487979e+00	-8.347683e-02
6.400000e-02	-7.099335e-01	7.236251e-01	-1.580845e+00	-1.500356e+00	-8.048908e-02
6.500000e-02	-7.174521e-01	7.322476e-01	-1.590209e+00	-1.512557e+00	-7.765250e-02
6.600000e-02	-7.246992e-01	7.404620e-01	-1.599593e+00	-1.524496e+00	-7.509752e-02
6.700000e-02	-7.317831e-01	7.483527e-01	-1.609438e+00	-1.536502e+00	-7.293600e-02
6.800000e-02	-7.385442e-01	7.557822e-01	-1.619438e+00	-1.548263e+00	-7.117479e-02
6.900000e-02	-7.448835e-01	7.626436e-01	-1.629416e+00	-1.559591e+00	-6.982436e-02
7.000000e-02	-7.508890e-01	7.690372e-01	-1.639393e+00	-1.570586e+00	-6.880761e-02
7.100000e-02	-7.567074e-01	7.751188e-01	-1.649611e+00	-1.581513e+00	-6.809797e-02
7.200000e-02	-7.626764e-01	7.812378e-01	-1.660712e+00	-1.593032e+00	-6.767937e-02
7.300000e-02	-7.692769e-01	7.878245e-01	-1.673748e+00	-1.606151e+00	-6.759705e-02
7.400000e-02	-7.766403e-01	7.950117e-01	-1.689222e+00	-1.621251e+00	-6.797053e-02
7.500000e-02	-7.848892e-01	8.028676e-01	-1.707380e+00	-1.638579e+00	-6.880072e-02
7.600000e-02	-7.937163e-01	8.111894e-01	-1.727722e+00	-1.657577e+00	-7.014454e-02
7.700000e-02	-8.035626e-01	8.202963e-01	-1.750967e+00	-1.679046e+00	-7.192107e-02
7.800000e-02	-8.143129e-01	8.303079e-01	-1.776558e+00	-1.702592e+00	-7.396597e-02
7.900000e-02	-8.249226e-01	8.400204e-01	-1.802643e+00	-1.726244e+00	-7.639869e-02
8.000000e-02	-8.349644e-01	8.492157e-01	-1.828165e+00	-1.749047e+00	-7.911811e-02
8.100000e-02	-8.448793e-01	8.582750e-01	-1.853695e+00	-1.771727e+00	-8.196822e-02
8.200000e-02	-8.545770e-01	8.672222e-01	-1.879349e+00	-1.794251e+00	-8.509742e-02
8.300000e-02	-8.632623e-01	8.751242e-01	-1.904013e+00	-1.815269e+00	-8.874412e-02
8.400000e-02	-8.704551e-01	8.815770e-01	-1.926880e+00	-1.833895e+00	-9.298489e-02
8.500000e-02	-8.760379e-01	8.862233e-01	-1.948194e+00	-1.850135e+00	-9.805904e-02
8.600000e-02	-8.795122e-01	8.886866e-01	-1.966732e+00	-1.862878e+00	-1.038538e-01
8.700000e-02	-8.812985e-01	8.892555e-01	-1.983056e+00	-1.872826e+00	-1.102294e-01
8.800000e-02	-8.815574e-01	8.883276e-01	-1.996725e+00	-1.879920e+00	-1.168050e-01
8.900000e-02	-8.815761e-01	8.870520e-01	-2.009808e+00	-1.886480e+00	-1.233280e-01
9.000000e-02	-8.826280e-01	8.869512e-01	-2.023985e+00	-1.894621e+00	-1.293646e-01
9.100000e-02	-8.856133e-01	8.888473e-01	-2.040877e+00	-1.906052e+00	-1.348253e-01
9.200000e-02	-8.905813e-01	8.928665e-01	-2.060751e+00	-1.920957e+00	-1.397942e-01
9.300000e-02	-8.972675e-01	8.984591e-01	-2.083624e+00	-1.939079e+00	-1.445443e-01
9.400000e-02	-9.052792e-01	9.052346e-01	-2.108915e+00	-1.959737e+00	-1.491781e-01
9.500000e-02	-9.142167e-01	9.127559e-01	-2.135980e+00	-1.982207e+00	-1.537735e-01
9.600000e-02	-9.237150e-01	9.208141e-01	-2.163797e+00	-2.005614e+00	-1.581836e-01
9.700000e-02	-9.338653e-01	9.295415e-01	-2.192394e+00	-2.030062e+00	-1.623319e-01
9.800000e-02	-9.449098e-01	9.393571e-01	-2.222128e+00	-2.055974e+00	-1.661542e-01
9.900000e-02	-9.566627e-01	9.500848e-01	-2.252793e+00	-2.083059e+00	-1.697338e-01
1.000000e-01	-9.689367e-01	9.615094e-01	-2.284342e+00	-2.111108e+00	-1.732343e-01
1.010000e-01	-9.814124e-01	9.732212e-01	-2.316359e+00	-2.139592e+00	-1.767672e-01
1.020000e-01	-9.941723e-01	9.853165e-01	-2.348870e+00	-2.168607e+00	-1.802625e-01
1.030000e-01	-1.006672e+00	9.971301e-01	-2.381017e+00	-2.197180e+00	-1.838368e-01
1.040000e-01	-1.018913e+00	1.008639e+00	-2.412912e+00	-2.225368e+00	-1.875432e-01
1.050000e-01	-1.030648e+00	1.019557e+00	-2.444059e+00	-2.252677e+00	-1.913817e-01
1.060000e-01	-1.041336e+00	1.029313e+00	-2.473666e+00	-2.278169e+00	-1.954967e-01
1.070000e-01	-1.050536e+00	1.037448e+00	-2.500974e+00	-2.301023e+00	-1.999510e-01
1.080000e-01	-1.058371e+00	1.044103e+00	-2.526283e+00	-2.321512e+00	-2.047711e-01
1.090000e-01	-1.065251e+00	1.049684e+00	-2.550152e+00	-2.340327e+00	-2.098250e-01
1.100000e-01	-1.071671e+00	1.054726e+00	-2.573334e+00	-2.358338e+00	-2.149965e-01
1.110000e-01	-1.078059e+00	1.059668e+00	-2.596332e+00	-2.376225e+00	-2.201065e-01
1.120000e-01	-1.084792e+00	1.064928e+00	-2.619756e+00	-2.394670e+00	-2.250861e-01
1.130000e-01	-1.091949e+00	1.070569e+00	-2.643628e+00	-2.413763e+00	-2.298653e-01
1.140000e-01	-1.099730e+00	1.076825e+00	-2.668350e+00	-2.433905e+00	-2.344449e-01
1.150000e-01	-1.108075e+00	1.083607e+00	-2.693793e+00	-2.454972e+00	-2.388215e-01
1.160000e-01	-1.117128e+00	1.091084e+00	-2.720167e+00	-2.477212e+00	-2.429552e-01
1.170000e-01	-1.126854e+00	1.099191e+00	-2.747353e+00	-2.500531e+00	-2.468225e-01
1.180000e-01	-1.137390e+00	1.108071e+00	-2.775692e+00	-2.525236e+00	-2.504561e-01
1.190000e-01	-1.148480e+00	1.117454e+00	-2.804746e+00	-2.550853e+00	-2.538928e-01
1.200000e-01	-1.160218e+00	1.127421e+00	-2.834827e+00	-2.577631e+00	-2.571955e-01
1.210000e-01	-1.172674e+00	1.138089e+00	-2.865889e+00	-2.605618e+00	-2.602704e-01
1.220000e-01	-1.186214e+00	1.149879e+00	-2.898502e+00	-2.635465e+00	-2.630371e-01
1.230000e-01	-1.200861e+00	1.162885e+00	-2.932496e+00	-2.667109e+00	-2.653867e-01
1.240000e-01	-1.215241e+00	1.175602e+00	-2.966077e+00	-2.698280e+00	-2.677976e-01
1.250000e-01	-1.228846e+00	1.187509e+00	-2.998364e+00	-2.728028e+00	-2.703360e-01
1.260000e-01	-1.241633e+00	1.198550e+00	-3.029441e+00	-2.756354e+00	-2.730870e-01
1.270000e-01	-1.253899e+00	1.209107e+00	-3.059502e+00	-2.783650e+00	-2.758522e-01
1.280000e-01	-1.266756e+00	1.220409e+00	-3.090216e+00	-2.811863e+00	-2.783523e-01
1.290000e-01	-1.280115e+00	1.232421e+00	-3.121190e+00	-2.840710e+00	-2.804799e-01
1.300000e-01	-1.294160e+00	1.245346e+00	-3.152729e+00	-2.870524e+00	-2.822050e-01
1.310000e-01	-1.308744e+00	1.259023e+00	-3.184546e+00	-2.901017e+00	-2.835295e-01
1.320000e-01	-1.324010e+00	1.273503e+00	-3.217181e+00	-2.932600e+00	-2.845804e-01
1.330000e-01	-1.339728e+00	1.288515e+00	-3.250251e+00	-2.964854e+00	-2.853970e-01
1.340000e-01	-1.355635e+00	1.303686e+00	-3.283721e+00	-2.997495e+00	-2.862257e-01
1.350000e-01	-1.371161e+00	1.318407e+00	-3.316628e+00	-3.029475e+00	-2.871529e-01
1.360000e-01	-1.385994e+00	1.332297e+00	-3.348676e+00	-3.060332e+00	-2.883444e-01
1.370000e-01	-1.400104e+00	1.345362e+00	-3.379651e+00	-3.089930e+00	-2.897209e-01
1.380000e-01	-1.413177e+00	1.357235e+00	-3.409242e+00	-3.117798e+00	-2.914444e-01
1.390000e-01	-1.425561e+00	1.368371e+00	-3.437684e+00	-3.144403e+00	-2.932806e-01
1.400000e-01	-1.437315e+00	1.378797e+00	-3.465186e+00	-3.169908e+00	-2.952781e-01
1.410000e-01	-1.448778e+00	1.388909e+00	-3.492002e+00	-3.194779e+00	-2.972228e-01
1.420000e-01	-1.460263e+00	1.399026e+00	-3.518717e+00	-3.219621e+00	-2.990955e-01
1.430000e-01	-1.471797e+00	1.409230e+00	-3.545196e+00	-3.244395e+00	-3.008011e-01
1.440000e-01	-1.483557e+00	1.419675e+00	-3.571850e+00	-3.269481e+00	-3.023683e-01
1.450000e-01	-1.495400e+00	1.430245e+00	-3.598319e+00	-3.294559e+00	-3.037600e-01
1.460000e-01	-1.507335e+00	1.440908e+00	-3.624814e+00	-3.319742e+00	-3.050720e-01
1.470000e-01	-1.519277e+00	1.451625e+00	-3.651066e+00	-3.344809e+00	-3.062561e-01
1.480000e-01	-1.531347e+00	1.462501e+00	-3.677451e+00	-3.370073e+00	-3.073785e-01
1.490000e-01	-1.543424e+00	1.473428e+00	-3.703661e+00	-3.395255e+00	-3.084064e-01
1.500000e-01	-1.555392e+00	1.484228e+00	-3.729708e+00	-3.420246e+00	-3.094619e-01
1.510000e-01	-1.566963e+00	1.494606e+00	-3.755055e+00	-3.444490e+00	-3.105644e-01
1.520000e-01	-1.578041e+00	1.504420e+00	-3.779758e+00	-3.467920e+00	-3.118379e-01
1.530000e-01	-1.588640e+00	1.513728e+00	-3.803662e+00	-3.490471e+00	-3.131913e-01
1.540000e-01	-1.598987e+00	1.522761e+00	-3.827176e+00	-3.512574e+00	-3.146014e-01
1.550000e-01	-1.609146e+00	1.531651e+00	-3.850137e+00	-3.534215e+00	-3.159224e-01
1.560000e-01	-1.619311e+00	1.540583e+00	-3.872966e+00	-3.555794e+00	-3.171720e-01
1.570000e-01	-1.629451e+00	1.549572e+00	-3.895431e+00	-3.577167e+00	-3.182648e-01
1.580000e-01	-1.639562e+00	1.558547e+00	-3.917695e+00	-3.598409e+00	-3.192853e-01
1.590000e-01	-1.649783e+00	1.567714e+00	-3.939795e+00	-3.619680e+00	-3.201150e-01
1.600000e-01	-1.659995e+00	1.576864e+00	-3.961814e+00	-3.640902e+00	-3.209125e-01
1.610000e-01	-1.670135e+00	1.585959e+00	-3.983548e+00	-3.661909e+00	-3.216390e-01
1.620000e-01	-1.680089e+00	1.594798e+00	-4.005011e+00	-3.682595e+00	-3.224161e-01
1.630000e-01	-1.689878e+00	1.603443e+00	-4.026085e+00	-3.702921e+00	-3.231645e-01
1.640000e-01	-1.699554e+00	1.611917e+00	-4.046992e+00	-3.723050e+00	-3.239419e-01
1.650000e-01	-1.709226e+00	1.620393e+00	-4.067721e+00	-3.743086e+00	-3.246344e-01
1.660000e-01	-1.718892e+00	1.628854e+00	-4.088376e+00	-3.763081e+00	-3.252959e-01
1.670000e-01	-1.728581e+00	1.637362e+00	-4.108885e+00	-3.783023e+00	-3.258614e-01
1.680000e-01	-1.738176e+00	1.645764e+00	-4.129217e+00	-3.802784e+00	-3.264325e-01
1.690000e-01	-1.747808e+00	1.654235e+00	-4.149446e+00	-3.822531e+00	-3.269147e-01
1.700000e-01	-1.757333e+00	1.662581e+00	-4.169462e+00	-3.842064e+00	-3.273985e-01
1.710000e-01	-1.766769e+00	1.670871e+00	-4.189175e+00	-3.861356e+00	-3.278190e-01
1.720000e-01	-1.775907e+00	1.678846e+00	-4.208429e+00	-3.880122e+00	-3.283074e-01
1.730000e-01	-1.784873e+00	1.686684e+00	-4.227289e+00	-3.898518e+00	-3.287715e-01
1.740000e-01	-1.793589e+00	1.694268e+00	-4.245742e+00	-3.916461e+00	-3.292817e-01
1.750000e-01	-1.802218e+00	1.701821e+00	-4.263894e+00	-3.934165e+00	-3.297286e-01
1.760000e-01	-1.810664e+00	1.709197e+00	-4.281714e+00	-3.951521e+00	-3.301933e-01
1.770000e-01	-1.819110e+00	1.716643e+00	-4.299342e+00	-3.968781e+00	-3.305608e-01
1.780000e-01	-1.827458e+00	1.724010e+00	-4.316722e+00	-3.985819e+00	-3.309037e-01
1.790000e-01	-1.835782e+00	1.731412e+00	-4.333897e+00	-4.002731e+00	-3.311668e-01
1.800000e-01	-1.843928e+00	1.738637e+00	-4.350757e+00	-4.019306e+00	-3.314508e-01
1.810000e-01	-1.851971e+00	1.745807e+00	-4.367318e+00	-4.035630e+00	-3.316876e-01
1.820000e-01	-1.859790e+00	1.752741e+00	-4.383518e+00	-4.051549e+00	-3.319689e-01
1.830000e-01	-1.867552e+00	1.759656e+00	-4.399513e+00	-4.067308e+00	-3.322048e-01
1.840000e-01	-1.875110e+00	1.766355e+00	-4.415160e+00	-4.082690e+00	-3.324697e-01
1.850000e-01	-1.882641e+00	1.773066e+00	-4.430642e+00	-4.097962e+00	-3.326795e-01
1.860000e-01	-1.889922e+00	1.779513e+00	-4.445714e+00	-4.112779e+00	-3.329344e-01
1.870000e-01	-1.897160e+00	1.785957e+00	-4.460596e+00	-4.127457e+00	-3.331384e-01
1.880000e-01	-1.904171e+00	1.792166e+00	-4.475110e+00	-4.141726e+00	-3.333835e-01
1.890000e-01	-1.911157e+00	1.798387e+00	-4.489446e+00	-4.155880e+00	-3.335660e-01
1.900000e-01	-1.917957e+00	1.804418e+00	-4.503474e+00	-4.169694e+00	-3.337807e-01
1.910000e-01	-1.924758e+00	1.810491e+00	-4.517375e+00	-4.183445e+00	-3.339291e-01
1.920000e-01	-1.931359e+00	1.816361e+00	-4.530934e+00	-4.196826e+00	-3.341084e-01
1.930000e-01	-1.937970e+00	1.822276e+00	-4.544378e+00	-4.210159e+00	-3.342185e-01
1.940000e-01	-1.944371e+00	1.827976e+00	-4.557481e+00	-4.223112e+00	-3.343692e-01
1.950000e-01	-1.950793e+00	1.833728e+00	-4.570507e+00	-4.236047e+00	-3.344607e-01
1.960000e-01	-1.957023e+00	1.839279e+00	-4.583227e+00	-4.248637e+00	-3.345905e-01
1.970000e-01	-1.963290e+00	1.844897e+00	-4.595919e+00	-4.261250e+00	-3.346692e-01
1.980000e-01	-1.969355e+00	1.850310e+00	-4.608280e+00	-4.273495e+00	-3.347846e-01
1.990000e-01	-1.975397e+00	1.855744e+00	-4.620481e+00	-4.285638e+00	-3.348431e-01
2.000000e-01	-1.981210e+00	1.860942e+00	-4.632315e+00	-4.297368e+00	-3.349472e-01
2.010000e-01	-1.987010e+00	1.866160e+00	-4.644038e+00	-4.309029e+00	-3.350089e-01
2.020000e-01	-1.992605e+00	1.871165e+00	-4.655427e+00	-4.320319e+00	-3.351085e-01
2.030000e-01	-1.998175e+00	1.876182e+00	-4.666653e+00	-4.331501e+00	-3.351512e-01
2.040000e-01	-2.003572e+00	1.881012e+00	-4.677600e+00	-4.342372e+00	-3.352278e-01
2.050000e-01	-2.008943e+00	1.885845e+00	-4.688441e+00	-4.353163e+00	-3.352781e-01
2.060000e-01	-2.014118e+00	1.890470e+00	-4.698972e+00	-4.363603e+00	-3.353683e-01
2.070000e-01	-2.019250e+00	1.895086e+00	-4.709338e+00	-4.373919e+00	-3.354192e-01
2.080000e-01	-2.024225e+00	1.899529e+00	-4.719472e+00	-4.383961e+00	-3.355107e-01
2.090000e-01	-2.029178e+00	1.903984e+00	-4.729463e+00	-4.393910e+00	-3.355531e-01
2.100000e-01	-2.033973e+00	1.908272e+00	-4.739191e+00	-4.403568e+00	-3.356222e-01
2.110000e-01	-2.038782e+00	1.912612e+00	-4.748832e+00	-4.413198e+00	-3.356339e-01
2.120000e-01	-2.043458e+00	1.916802e+00	-4.758276e+00	-4.422596e+00	-3.356804e-01
2.130000e-01	-2.048099e+00	1.920995e+00	-4.767574e+00	-4.431886e+00	-3.356885e-01
2.140000e-01	-2.052580e+00	1.925016e+00	-4.776632e+00	-4.440896e+00	-3.357360e-01
2.150000e-01	-2.057046e+00	1.929057e+00	-4.785575e+00	-4.449834e+00	-3.357409e-01
2.160000e-01	-2.061367e+00	1.932937e+00	-4.794289e+00	-4.458511e+00	-3.357774e-01
2.170000e-01	-2.065673e+00	1.936837e+00	-4.802898e+00	-4.467122e+00	-3.357755e-01
2.180000e-01	-2.069855e+00	1.940597e+00	-4.811310e+00	-4.475509e+00	-3.358002e-01
2.190000e-01	-2.074017e+00	1.944374e+00	-4.819590e+00	-4.483812e+00	-3.357787e-01
2.200000e-01	-2.078040e+00	1.947998e+00	-4.827671e+00	-4.491876e+00	-3.357951e-01
2.210000e-01	-2.082069e+00	1.951661e+00	-4.835664e+00	-4.499901e+00	-3.357631e-01
2.220000e-01	-2.085951e+00	1.955160e+00	-4.843459e+00	-4.507681e+00	-3.357784e-01
2.230000e-01	-2.089799e+00	1.958652e+00	-4.851111e+00	-4.515354e+00	-3.357570e-01
2.240000e-01	-2.093517e+00	1.962001e+00	-4.858563e+00	-4.522799e+00	-3.357646e-01
2.250000e-01	-2.097240e+00	1.965386e+00	-4.865956e+00	-4.530217e+00	-3.357383e-01
2.260000e-01	-2.100836e+00	1.968630e+00	-4.873168e+00	-4.537420e+00	-3.357477e-01
2.270000e-01	-2.104412e+00	1.971879e+00	-4.880265e+00	-4.544545e+00	-3.357204e-01
2.280000e-01	-2.107835e+00	1.974958e+00	-4.887137e+00	-4.551404e+00	-3.357330e-01
2.290000e-01	-2.111268e+00	1.978079e+00	-4.893972e+00	-4.558254e+00	-3.357180e-01
2.300000e-01	-2.114576e+00	1.981063e+00	-4.900598e+00	-4.564875e+00	-3.357229e-01
2.310000e-01	-2.117896e+00	1.984090e+00	-4.907163e+00	-4.571477e+00	-3.356856e-01
2.320000e-01	-2.121093e+00	1.986978e+00	-4.913578e+00	-4.577882e+00	-3.356961e-01
2.330000e-01	-2.124278e+00	1.989883e+00	-4.919863e+00	-4.584209e+00	-3.356541e-01
2.340000e-01	-2.127308e+00	1.992615e+00	-4.925945e+00	-4.590281e+00	-3.356642e-01
2.350000e-01	-2.130359e+00	1.995396e+00	-4.932003e+00	-4.596360e+00	-3.356426e-01
2.360000e-01	-2.133270e+00	1.998017e+00	-4.937826e+00	-4.602183e+00	-3.356433e-01
2.370000e-01	-2.136204e+00	2.000693e+00	-4.943624e+00	-4.608016e+00	-3.356081e-01
2.380000e-01	-2.139004e+00	2.003220e+00	-4.949233e+00	-4.613620e+00	-3.356125e-01
2.390000e-01	-2.141797e+00	2.005767e+00	-4.954761e+00	-4.619177e+00	-3.355838e-01
2.400000e-01	-2.144468e+00	2.008174e+00	-4.960113e+00	-4.624525e+00	-3.355887e-01
2.410000e-01	-2.147134e+00	2.010605e+00	-4.965411e+00	-4.629840e+00	-3.355714e-01
2.420000e-01	-2.149710e+00	2.012934e+00	-4.970574e+00	-4.634997e+00	-3.355764e-01
2.430000e-01	-2.152266e+00	2.015271e+00	-4.975643e+00	-4.640087e+00	-3.355552e-01
2.440000e-01	-2.154728e+00	2.017498e+00	-4.980575e+00	-4.645016e+00	-3.355590e-01
2.450000e-01	-2.157211e+00	2.019768e+00	-4.985472e+00	-4.649947e+00	-3.355252e-01
2.460000e-01	-2.159589e+00	2.021920e+00	-4.990239e+00	-4.654709e+00	-3.355304e-01
2.470000e-01	-2.161974e+00	2.024100e+00	-4.994944e+00	-4.659446e+00	-3.354980e-01
2.480000e-01	-2.164238e+00	2.026149e+00	-4.999464e+00	-4.663970e+00	-3.354943e-01
2.490000e-01	-2.166510e+00	2.028229e+00	-5.003943e+00	-4.668482e+00	-3.354610e-01
2.500000e-01	-2.168673e+00	2.030184e+00	-5.008276e+00	-4.672810e+00	-3.354652e-01
2.510000e-01	-2.170853e+00	2.032182e+00	-5.012573e+00	-4.677140e+00	-3.354332e-01
2.520000e-01	-2.172939e+00	2.034072e+00	-5.016755e+00	-4.681316e+00	-3.354388e-01
2.530000e-01	-2.175035e+00	2.035993e+00	-5.020873e+00	-4.685472e+00	-3.354009e-01
2.540000e-01	-2.177024e+00	2.037795e+00	-5.024836e+00	-4.689441e+00	-3.353943e-01
2.550000e-01	-2.179001e+00	2.039605e+00	-5.028752e+00	-4.693377e+00	-3.353754e-01
2.560000e-01	-2.180869e+00	2.041292e+00	-5.032513e+00	-4.697126e+00	-3.353873e-01
2.570000e-01	-2.182771e+00	2.043032e+00	-5.036255e+00	-4.700899e+00	-3.353565e-01
2.580000e-01	-2.184589e+00	2.044678e+00	-5.039893e+00	-4.704535e+00	-3.353579e-01
2.590000e-01	-2.186430e+00	2.046370e+00	-5.043511e+00	-4.708186e+00	-3.353254e-01
2.600000e-01	-2.188170e+00	2.047947e+00	-5.046988e+00	-4.711664e+00	-3.353238e-01
2.610000e-01	-2.189928e+00	2.049559e+00	-5.050451e+00	-4.715153e+00	-3.352979e-01
2.620000e-01	-2.191567e+00	2.051041e+00	-5.053752e+00	-4.718443e+00	-3.353096e-01
2.630000e-01	-2.193219e+00	2.052562e+00	-5.056993e+00	-4.721715e+00	-3.352779e-01
2.640000e-01	-2.194776e+00	2.053971e+00	-5.060141e+00	-4.724847e+00	-3.352940e-01
2.650000e-01	-2.196389e+00	2.055458e+00	-5.063281e+00	-4.728030e+00	-3.352510e-01
2.660000e-01	-2.197939e+00	2.056868e+00	-5.066378e+00	-4.731129e+00	-3.352496e-01
2.670000e-01	-2.199490e+00	2.058304e+00	-5.069389e+00	-4.734185e+00	-3.352042e-01
2.680000e-01	-2.200928e+00	2.059608e+00	-5.072266e+00	-4.737061e+00	-3.352054e-01
2.690000e-01	-2.202354e+00	2.060922e+00	-5.075051e+00	-4.739880e+00	-3.351712e-01
2.700000e-01	-2.203714e+00	2.062154e+00	-5.077801e+00	-4.742614e+00	-3.351866e-01
2.710000e-01	-2.205104e+00	2.063437e+00	-5.080534e+00	-4.745370e+00	-3.351634e-01
2.720000e-01	-2.206430e+00	2.064641e+00	-5.083210e+00	-4.748034e+00	-3.351754e-01
2.730000e-01	-2.207773e+00	2.065883e+00	-5.085829e+00	-4.750688e+00	-3.351416e-01
2.740000e-01	-2.209025e+00	2.067018e+00	-5.088322e+00	-4.753186e+00	-3.351360e-01
2.750000e-01	-2.210289e+00	2.068185e+00	-5.090799e+00	-4.755688e+00	-3.351110e-01
2.760000e-01	-2.211471e+00	2.069254e+00	-5.093186e+00	-4.758064e+00	-3.351219e-01
2.770000e-01	-2.212695e+00	2.070389e+00	-5.095555e+00	-4.760472e+00	-3.350828e-01
2.780000e-01	-2.213844e+00	2.071433e+00	-5.097878e+00	-4.762783e+00	-3.350948e-01
2.790000e-01	-2.215019e+00	2.072525e+00	-5.100164e+00	-4.765101e+00	-3.350635e-01
2.800000e-01	-2.216099e+00	2.073503e+00	-5.102336e+00	-4.767267e+00	-3.350688e-01
2.810000e-01	-2.217201e+00	2.074526e+00	-5.104471e+00	-4.769437e+00	-3.350341e-01
2.820000e-01	-2.218250e+00	2.075478e+00	-5.106576e+00	-4.771538e+00	-3.350382e-01
2.830000e-01	-2.219326e+00	2.076480e+00	-5.108669e+00	-4.773661e+00	-3.350083e-01
2.840000e-01	-2.220313e+00	2.077371e+00	-5.110667e+00	-4.775646e+00	-3.350202e-01
2.850000e-01	-2.221345e+00	2.078328e+00	-5.112669e+00	-4.777679e+00	-3.349901e-01
2.860000e-01	-2.222306e+00	2.079198e+00	-5.114601e+00	-4.779606e+00	-3.349949e-01
2.870000e-01	-2.223273e+00	2.080099e+00	-5.116486e+00	-4.781516e+00	-3.349695e-01
2.880000e-01	-2.224162e+00	2.080904e+00	-5.118267e+00	-4.783296e+00	-3.349714e-01
2.890000e-01	-2.225087e+00	2.081766e+00	-5.120046e+00	-4.785110e+00	-3.349355e-01
2.900000e-01	-2.225971e+00	2.082568e+00	-5.121827e+00	-4.786885e+00	-3.349422e-01
2.910000e-01	-2.226889e+00	2.083426e+00	-5.123579e+00	-4.788679e+00	-3.349002e-01
2.920000e-01	-2.227699e+00	2.084155e+00	-5.125220e+00	-4.790309e+00	-3.349109e-01
2.930000e-01	-2.228538e+00	2.084933e+00	-5.126861e+00	-4.791969e+00	-3.348919e-01
2.940000e-01	-2.229321e+00	2.085641e+00	-5.128465e+00	-4.793553e+00	-3.349119e-01
2.950000e-01	-2.230138e+00	2.086405e+00	-5.130032e+00	-4.795154e+00	-3.348785e-01
2.960000e-01	-2.230884e+00	2.087081e+00	-5.131549e+00	-4.796658e+00	-3.348907e-01
2.970000e-01	-2.231694e+00	2.087841e+00	-5.133071e+00	-4.798229e+00	-3.348419e-01
2.980000e-01	-2.232405e+00	2.088488e+00	-5.134506e+00	-4.799658e+00	-3.348482e-01
2.990000e-01	-2.233166e+00	2.089207e+00	-5.135948e+00	-4.801141e+00	-3.348078e-01
3.000000e-01	-2.233868e+00	2.089849e+00	-5.137364e+00	-4.802549e+00	-3.348144e-01
3.010000e-01	-2.234589e+00	2.090528e+00	-5.138721e+00	-4.803950e+00	-3.347714e-01
3.020000e-01	-2.235237e+00	2.091112e+00	-5.140056e+00	-4.805265e+00	-3.347913e-01
3.030000e-01	-2.235910e+00	2.091737e+00	-5.141355e+00	-4.806588e+00	-3.347674e-01
3.040000e-01	-2.236491e+00	2.092257e+00	-5.142566e+00	-4.807774e+00	-3.347915e-01
3.050000e-01	-2.237137e+00	2.092862e+00	-5.143783e+00	-4.809028e+00	-3.347545e-01
3.060000e-01	-2.237736e+00	2.093408e+00	-5.145018e+00	-4.810246e+00	-3.347726e-01
3.070000e-01	-2.238390e+00	2.094031e+00	-5.146222e+00	-4.811501e+00	-3.347209e-01
3.080000e-01	-2.238946e+00	2.094538e+00	-5.147337e+00	-4.812614e+00	-3.347231e-01
3.090000e-01	-2.239532e+00	2.095089e+00	-5.148443e+00	-4.813754e+00	-3.346893e-01
3.100000e-01	-2.240064e+00	2.095575e+00	-5.149528e+00	-4.814829e+00	-3.346998e-01
3.110000e-01	-2.240665e+00	2.096143e+00	-5.150652e+00	-4.815991e+00	-3.346611e-01
3.120000e-01	-2.241190e+00	2.096618e+00	-5.151747e+00	-4.817064e+00	-3.346833e-01
3.130000e-01	-2.241747e+00	2.097141e+00	-5.152780e+00	-4.818137e+00	-3.346432e-01
3.140000e-01	-2.242218e+00	2.097567e+00	-5.153733e+00	-4.819085e+00	-3.346483e-01
3.150000e-01	-2.242733e+00	2.098050e+00	-5.154708e+00	-4.820087e+00	-3.346214e-01
3.160000e-01	-2.243190e+00	2.098467e+00	-5.155646e+00	-4.821013e+00	-3.346334e-01
3.170000e-01	-2.243691e+00	2.098940e+00	-5.156583e+00	-4.821982e+00	-3.346005e-01
3.180000e-01	-2.244129e+00	2.099336e+00	-5.157521e+00	-4.822889e+00	-3.346320e-01
3.190000e-01	-2.244599e+00	2.099777e+00	-5.158397e+00	-4.823797e+00	-3.345999e-01
3.200000e-01	-2.244991e+00	2.100129e+00	-5.159224e+00	-4.824603e+00	-3.346214e-01
3.210000e-01	-2.245460e+00	2.100570e+00	-5.160113e+00	-4.825517e+00	-3.345959e-01
3.220000e-01	-2.245853e+00	2.100929e+00	-5.160912e+00	-4.826309e+00	-3.346028e-01
3.230000e-01	-2.246326e+00	2.101380e+00	-5.161765e+00	-4.827208e+00	-3.345567e-01
3.240000e-01	-2.246721e+00	2.101740e+00	-5.162579e+00	-4.828010e+00	-3.345690e-01
3.250000e-01	-2.247132e+00	2.102125e+00	-5.163336e+00	-4.828800e+00	-3.345362e-01
3.260000e-01	-2.247485e+00	2.102444e+00	-5.164077e+00	-4.829523e+00	-3.345537e-01
3.270000e-01	-2.247892e+00	2.102826e+00	-5.164853e+00	-4.830318e+00	-3.345349e-01
3.280000e-01	-2.248201e+00	2.103105e+00	-5.165500e+00	-4.830951e+00	-3.345485e-01
3.290000e-01	-2.248562e+00	2.103441e+00	-5.166177e+00	-4.831651e+00	-3.345261e-01
3.300000e-01	-2.248881e+00	2.103729e+00	-5.166875e+00	-4.832318e+00	-3.345567e-01
3.310000e-01	-2.249244e+00	2.104073e+00	-5.167517e+00	-4.833003e+00	-3.345146e-01
3.320000e-01	-2.249554e+00	2.104355e+00	-5.168154e+00	-4.833631e+00	-3.345234e-01
3.330000e-01	-2.249926e+00	2.104708e+00	-5.168835e+00	-4.834343e+00	-3.344918e-01
3.340000e-01	-2.250236e+00	2.104999e+00	-5.169478e+00	-4.834975e+00	-3.345029e-01
3.350000e-01	-2.250553e+00	2.105297e+00	-5.170069e+00	-4.835587e+00	-3.344816e-01
3.360000e-01	-2.250800e+00	2.105516e+00	-5.170633e+00	-4.836116e+00	-3.345168e-01
3.370000e-01	-2.251109e+00	2.105803e+00	-5.171194e+00	-4.836706e+00	-3.344879e-01
3.380000e-01	-2.251404e+00	2.106074e+00	-5.171793e+00	-4.837300e+00	-3.344926e-01
3.390000e-01	-2.251740e+00	2.106392e+00	-5.172379e+00	-4.837929e+00	-3.344496e-01
3.400000e-01	-2.251986e+00	2.106619e+00	-5.172898e+00	-4.838435e+00	-3.344623e-01
3.410000e-01	-2.252270e+00	2.106889e+00	-5.173411e+00	-4.838976e+00	-3.344358e-01
3.420000e-01	-2.252524e+00	2.107124e+00	-5.173952e+00	-4.839500e+00	-3.344521e-01
3.430000e-01	-2.252818e+00	2.107404e+00	-5.174475e+00	-4.840055e+00	-3.344196e-01
3.440000e-01	-2.253046e+00	2.107612e+00	-5.174969e+00	-4.840530e+00	-3.344386e-01
3.450000e-01	-2.253302e+00	2.107848e+00	-5.175457e+00	-4.841030e+00	-3.344266e-01
3.460000e-01	-2.253508e+00	2.108033e+00	-5.175929e+00	-4.841473e+00	-3.344563e-01
3.470000e-01	-2.253771e+00	2.108282e+00	-5.176394e+00	-4.841968e+00	-3.344261e-01
3.480000e-01	-2.253950e+00	2.108440e+00	-5.176807e+00	-4.842354e+00	-3.344535e-01
3.490000e-01	-2.254170e+00	2.108645e+00	-5.177195e+00	-4.842767e+00	-3.344276e-01
3.500000e-01	-2.254374e+00	2.108835e+00	-5.177617e+00	-4.843182e+00	-3.344350e-01
3.510000e-01	-2.254632e+00	2.109083e+00	-5.178080e+00	-4.843672e+00	-3.344078e-01
3.520000e-01	-2.254830e+00	2.109265e+00	-5.178501e+00	-4.844081e+00	-3.344207e-01
3.530000e-01	-2.255083e+00	2.109505e+00	-5.178924e+00	-4.844545e+00	-3.343787e-01
3.540000e-01	-2.255264e+00	2.109669e+00	-5.179339e+00	-4.844934e+00	-3.344048e-01
3.550000e-01	-2.255475e+00	2.109868e+00	-5.179722e+00	-4.845336e+00	-3.343858e-01
3.560000e-01	-2.255625e+00	2.110005e+00	-5.180049e+00	-4.845649e+00	-3.343993e-01
3.570000e-01	-2.255841e+00	2.110208e+00	-5.180440e+00	-4.846061e+00	-3.343787e-01
3.580000e-01	-2.255984e+00	2.110332e+00	-5.180773e+00	-4.846371e+00	-3.344025e-01
3.590000e-01	-2.256179e+00	2.110517e+00	-5.181108e+00	-4.846733e+00	-3.343748e-01
3.600000e-01	-2.256327e+00	2.110650e+00	-5.181455e+00	-4.847055e+00	-3.344002e-01
3.610000e-01	-2.256508e+00	2.110820e+00	-5.181762e+00	-4.847389e+00	-3.343734e-01
3.620000e-01	-2.256667e+00	2.110970e+00	-5.182099e+00	-4.847716e+00	-3.343828e-01
3.630000e-01	-2.256862e+00	2.111155e+00	-5.182457e+00	-4.848091e+00	-3.343659e-01
3.640000e-01	-2.256962e+00	2.111243e+00	-5.182695e+00	-4.848310e+00	-3.343855e-01
3.650000e-01	-2.257120e+00	2.111389e+00	-5.182965e+00	-4.848603e+00	-3.343627e-01
3.660000e-01	-2.257259e+00	2.111517e+00	-5.183274e+00	-4.848897e+00	-3.343778e-01
3.670000e-01	-2.257451e+00	2.111702e+00	-5.183575e+00	-4.849238e+00	-3.343368e-01
3.680000e-01	-2.257551e+00	2.111792e+00	-5.183813e+00	-4.849457e+00	-3.343551e-01
3.690000e-01	-2.257716e+00	2.111947e+00	-5.184118e+00	-4.849775e+00	-3.343431e-01
3.700000e-01	-2.257832e+00	2.112055e+00	-5.184376e+00	-4.850020e+00	-3.343557e-01
3.710000e-01	-2.258017e+00	2.112233e+00	-5.184679e+00	-4.850356e+00	-3.343223e-01
3.720000e-01	-2.258132e+00	2.112336e+00	-5.184957e+00	-4.850611e+00	-3.343466e-01
3.730000e-01	-2.258260e+00	2.112459e+00	-5.185167e+00	-4.850844e+00	-3.343230e-01
3.740000e-01	-2.258347e+00	2.112538e+00	-5.185386e+00	-4.851040e+00	-3.343461e-01
3.750000e-01	-2.258487e+00	2.112672e+00	-5.185624e+00	-4.851300e+00	-3.343247e-01
3.760000e-01	-2.258564e+00	2.112737e+00	-5.185816e+00	-4.851472e+00	-3.343435e-01
3.770000e-01	-2.258711e+00	2.112877e+00	-5.186036e+00	-4.851729e+00	-3.343068e-01
3.780000e-01	-2.258829e+00	2.112989e+00	-5.186310e+00	-4.851984e+00	-3.343254e-01
3.790000e-01	-2.259002e+00	2.113159e+00	-5.186578e+00	-4.852291e+00	-3.342870e-01
3.800000e-01	-2.259077e+00	2.113223e+00	-5.186780e+00	-4.852467e+00	-3.343136e-01
3.810000e-01	-2.259207e+00	2.113346e+00	-5.186995e+00	-4.852705e+00	-3.342904e-01
3.820000e-01	-2.259259e+00	2.113388e+00	-5.187140e+00	-4.852829e+00	-3.343109e-01
3.830000e-01	-2.259355e+00	2.113479e+00	-5.187305e+00	-4.853007e+00	-3.342972e-01
3.840000e-01	-2.259422e+00	2.113538e+00	-5.187490e+00	-4.853167e+00	-3.343228e-01
3.850000e-01	-2.259546e+00	2.113660e+00	-5.187694e+00	-4.853393e+00	-3.343006e-01
3.860000e-01	-2.259636e+00	2.113745e+00	-5.187881e+00	-4.853576e+00	-3.343043e-01
3.870000e-01	-2.259782e+00	2.113885e+00	-5.188116e+00	-4.853840e+00	-3.342762e-01
3.880000e-01	-2.259836e+00	2.113933e+00	-5.188249e+00	-4.853960e+00	-3.342888e-01
3.890000e-01	-2.259951e+00	2.114049e+00	-5.188429e+00	-4.854165e+00	-3.342638e-01
3.900000e-01	-2.260014e+00	2.114105e+00	-5.188616e+00	-4.854322e+00	-3.342934e-01
3.910000e-01	-2.260104e+00	2.114185e+00	-5.188733e+00	-4.854470e+00	-3.342628e-01
3.920000e-01	-2.260133e+00	2.114204e+00	-5.188830e+00	-4.854548e+00	-3.342814e-01
3.930000e-01	-2.260227e+00	2.114293e+00	-5.189008e+00	-4.854731e+00	-3.342774e-01
3.940000e-01	-2.260280e+00	2.114343e+00	-5.189155e+00	-4.854857e+00	-3.342978e-01
3.950000e-01	-2.260413e+00	2.114477e+00	-5.189350e+00	-4.855088e+00	-3.342618e-01
3.960000e-01	-2.260488e+00	2.114545e+00	-5.189528e+00	-4.855252e+00	-3.342759e-01
3.970000e-01	-2.260600e+00	2.114658e+00	-5.189687e+00	-4.855443e+00	-3.342440e-01
3.980000e-01	-2.260659e+00	2.114719e+00	-5.189819e+00	-4.855568e+00	-3.342503e-01
3.990000e-01	-2.260759e+00	2.114818e+00	-5.189979e+00	-4.855749e+00	-3.342305e-01
4.000000e-01	-2.260753e+00	2.114800e+00	-5.190033e+00	-4.855770e+00	-3.342630e-01
4.010000e-01	-2.260813e+00	2.114847e+00	-5.190136e+00	-4.855881e+00	-3.342556e-01
4.020000e-01	-2.260840e+00	2.114859e+00	-5.190260e+00	-4.855970e+00	-3.342895e-01
4.030000e-01	-2.260941e+00	2.114962e+00	-5.190391e+00	-4.856136e+00	-3.342546e-01
4.040000e-01	-2.260981e+00	2.115003e+00	-5.190491e+00	-4.856226e+00	-3.342641e-01
4.050000e-01	-2.261067e+00	2.115093e+00	-5.190629e+00	-4.856382e+00	-3.342474e-01
4.060000e-01	-2.261113e+00	2.115135e+00	-5.190736e+00	-4.856481e+00	-3.342553e-01
4.070000e-01	-2.261222e+00	2.115249e+00	-5.190865e+00	-4.856655e+00	-3.342106e-01
4.080000e-01	-2.261251e+00	2.115270e+00	-5.190977e+00	-4.856739e+00	-3.342376e-01
4.090000e-01	-2.261313e+00	2.115326e+00	-5.191074e+00	-4.856850e+00	-3.342238e-01
4.100000e-01	-2.261345e+00	2.115349e+00	-5.191185e+00	-4.856938e+00	-3.342473e-01
4.110000e-01	-2.261454e+00	2.115452e+00	-5.191350e+00	-4.857128e+00	-3.342214e-01
4.120000e-01	-2.261458e+00	2.115448e+00	-5.191416e+00	-4.857166e+00	-3.342496e-01
4.130000e-01	-2.261518e+00	2.115514e+00	-5.191487e+00	-4.857262e+00	-3.342250e-01
4.140000e-01	-2.261529e+00	2.115518e+00	-5.191574e+00	-4.857316e+00	-3.342584e-01
4.150000e-01	-2.261596e+00	2.115585e+00	-5.191668e+00	-4.857430e+00	-3.342377e-01
4.160000e-01	-2.261621e+00	2.115602e+00	-5.191738e+00	-4.857490e+00	-3.342485e-01
4.170000e-01	-2.261714e+00	2.115696e+00	-5.191889e+00	-4.857659e+00	-3.342304e-01
4.180000e-01	-2.261736e+00	2.115715e+00	-5.191950e+00	-4.857711e+00	-3.342390e-01
4.190000e-01	-2.261832e+00	2.115816e+00	-5.192069e+00	-4.857866e+00	-3.342027e-01
4.200000e-01	-2.261843e+00	2.115822e+00	-5.192146e+00	-4.857916e+00	-3.342298e-01
4.210000e-01	-2.261903e+00	2.115878e+00	-5.192237e+00	-4.858022e+00	-3.342152e-01
4.220000e-01	-2.261904e+00	2.115868e+00	-5.192274e+00	-4.858041e+00	-3.342324e-01
4.230000e-01	-2.261967e+00	2.115930e+00	-5.192367e+00	-4.858151e+00	-3.342161e-01
4.240000e-01	-2.261969e+00	2.115928e+00	-5.192409e+00	-4.858173e+00	-3.342358e-01
4.250000e-01	-2.262025e+00	2.115986e+00	-5.192486e+00	-4.858268e+00	-3.342184e-01
4.260000e-01	-2.262064e+00	2.116019e+00	-5.192609e+00	-4.858368e+00	-3.342404e-01
4.270000e-01	-2.262131e+00	2.116087e+00	-5.192688e+00	-4.858475e+00	-3.342126e-01
4.280000e-01	-2.262130e+00	2.116085e+00	-5.192710e+00	-4.858485e+00	-3.342248e-01
4.290000e-01	-2.262194e+00	2.116151e+00	-5.192807e+00	-4.858597e+00	-3.342098e-01
4.300000e-01	-2.262175e+00	2.116126e+00	-5.192830e+00	-4.858590e+00	-3.342398e-01
4.310000e-01	-2.262245e+00	2.116197e+00	-5.192913e+00	-4.858701e+00	-3.342120e-01
4.320000e-01	-2.262271e+00	2.116216e+00	-5.192995e+00	-4.858769e+00	-3.342262e-01
4.330000e-01	-2.262331e+00	2.116281e+00	-5.193055e+00	-4.858859e+00	-3.341963e-01
4.340000e-01	-2.262321e+00	2.116266e+00	-5.193076e+00	-4.858859e+00	-3.342170e-01
4.350000e-01	-2.262392e+00	2.116338e+00	-5.193177e+00	-4.858980e+00	-3.341967e-01
4.360000e-01	-2.262422e+00	2.116364e+00	-5.193243e+00	-4.859044e+00	-3.341997e-01
4.370000e-01	-2.262482e+00	2.116424e+00	-5.193320e+00	-4.859142e+00	-3.341780e-01
4.380000e-01	-2.262463e+00	2.116397e+00	-5.193360e+00	-4.859143e+00	-3.342172e-01
4.390000e-01	-2.262494e+00	2.116429e+00	-5.193400e+00	-4.859194e+00	-3.342063e-01
4.400000e-01	-2.262492e+00	2.116426e+00	-5.193426e+00	-4.859205e+00	-3.342215e-01
4.410000e-01	-2.262539e+00	2.116470e+00	-5.193489e+00	-4.859284e+00	-3.342050e-01
4.420000e-01	-2.262523e+00	2.116446e+00	-5.193497e+00	-4.859271e+00	-3.342257e-01
4.430000e-01	-2.262597e+00	2.116529e+00	-5.193578e+00	-4.859386e+00	-3.341921e-01
4.440000e-01	-2.262613e+00	2.116544e+00	-5.193640e+00	-4.859433e+00	-3.342070e-01
4.450000e-01	-2.262687e+00	2.116626e+00	-5.193726e+00	-4.859550e+00	-3.341761e-01
4.460000e-01	-2.262686e+00	2.116619e+00	-5.193750e+00	-4.859562e+00	-3.341888e-01
4.470000e-01	-2.262720e+00	2.116648e+00	-5.193800e+00	-4.859620e+00	-3.341800e-01
4.480000e-01	-2.262667e+00	2.116585e+00	-5.193770e+00	-4.859552e+00	-3.342175e-01
4.490000e-01	-2.262692e+00	2.116610e+00	-5.193799e+00	-4.859592e+00	-3.342072e-01
4.500000e-01	-2.262696e+00	2.116608e+00	-5.193848e+00	-4.859620e+00	-3.342279e-01
4.510000e-01	-2.262779e+00	2.116695e+00	-5.193932e+00	-4.859745e+00	-3.341871e-01
4.520000e-01	-2.262795e+00	2.116711e+00	-5.193972e+00	-4.859781e+00	-3.341911e-01
4.530000e-01	-2.262844e+00	2.116770e+00	-5.194040e+00	-4.859864e+00	-3.341762e-01
4.540000e-01	-2.262813e+00	2.116736e+00	-5.194015e+00	-4.859821e+00	-3.341942e-01
4.550000e-01	-2.262844e+00	2.116771e+00	-5.194036e+00	-4.859862e+00	-3.341741e-01
4.560000e-01	-2.262848e+00	2.116765e+00	-5.194096e+00	-4.859897e+00	-3.341998e-01
4.570000e-01	-2.262908e+00	2.116823e+00	-5.194176e+00	-4.859996e+00	-3.341803e-01
4.580000e-01	-2.262898e+00	2.116808e+00	-5.194177e+00	-4.859987e+00	-3.341905e-01
4.590000e-01	-2.262933e+00	2.116845e+00	-5.194227e+00	-4.860046e+00	-3.341807e-01
4.600000e-01	-2.262901e+00	2.116809e+00	-5.194208e+00	-4.860004e+00	-3.342033e-01
4.610000e-01	-2.262943e+00	2.116856e+00	-5.194253e+00	-4.860070e+00	-3.341832e-01
4.620000e-01	-2.262940e+00	2.116845e+00	-5.194291e+00	-4.860086e+00	-3.342056e-01
4.630000e-01	-2.262991e+00	2.116902e+00	-5.194344e+00	-4.860163e+00	-3.341807e-01
4.640000e-01	-2.262975e+00	2.116883e+00	-5.194343e+00	-4.860147e+00	-3.341958e-01
4.650000e-01	-2.263049e+00	2.116959e+00	-5.194463e+00	-4.860281e+00	-3.341819e-01
4.660000e-01	-2.263045e+00	2.116950e+00	-5.194463e+00	-4.860277e+00	-3.341867e-01
4.670000e-01	-2.263087e+00	2.116995e+00	-5.194480e+00	-4.860327e+00	-3.341533e-01
4.680000e-01	-2.263061e+00	2.116963e+00	-5.194495e+00	-4.860308e+00	-3.341868e-01
4.690000e-01	-2.263095e+00	2.117001e+00	-5.194556e+00	-4.860372e+00	-3.341833e-01
4.700000e-01	-2.263060e+00	2.116962e+00	-5.194515e+00	-4.860318e+00	-3.341972e-01
4.710000e-01	-2.263106e+00	2.117008e+00	-5.194567e+00	-4.860389e+00	-3.341776e-01
4.720000e-01	-2.263072e+00	2.116966e+00	-5.194540e+00	-4.860342e+00	-3.341976e-01
4.730000e-01	-2.263117e+00	2.117014e+00	-5.194603e+00	-4.860419e+00	-3.341843e-01
4.740000e-01	-2.263113e+00	2.117006e+00	-5.194649e+00	-4.860438e+00	-3.342112e-01
4.750000e-01	-2.263184e+00	2.117089e+00	-5.194707e+00	-4.860538e+00	-3.341696e-01
4.760000e-01	-2.263172e+00	2.117072e+00	-5.194694e+00	-4.860519e+00	-3.341749e-01
4.770000e-01	-2.263229e+00	2.117129e+00	-5.194782e+00	-4.860620e+00	-3.341623e-01
4.780000e-01	-2.263198e+00	2.117092e+00	-5.194758e+00	-4.860577e+00	-3.341807e-01
4.790000e-01	-2.263222e+00	2.117120e+00	-5.194775e+00	-4.860610e+00	-3.341650e-01
4.800000e-01	-2.263194e+00	2.117085e+00	-5.194784e+00	-4.860586e+00	-3.341974e-01
4.810000e-01	-2.263216e+00	2.117109e+00	-5.194788e+00	-4.860610e+00	-3.341781e-01
4.820000e-01	-2.263187e+00	2.117071e+00	-5.194769e+00	-4.860571e+00	-3.341977e-01
4.830000e-01	-2.263238e+00	2.117128e+00	-5.194855e+00	-4.860666e+00	-3.341891e-01
4.840000e-01	-2.263220e+00	2.117111e+00	-5.194834e+00	-4.860637e+00	-3.341967e-01
4.850000e-01	-2.263289e+00	2.117190e+00	-5.194902e+00	-4.860740e+00	-3.341623e-01
4.860000e-01	-2.263302e+00	2.117195e+00	-5.194949e+00	-4.860777e+00	-3.341721e-01
4.870000e-01	-2.263337e+00	2.117231e+00	-5.194982e+00	-4.860828e+00	-3.341540e-01
4.880000e-01	-2.263295e+00	2.117183e+00	-5.194947e+00	-4.860769e+00	-3.341781e-01
4.890000e-01	-2.263321e+00	2.117210e+00	-5.194985e+00	-4.860813e+00	-3.341716e-01
4.900000e-01	-2.263280e+00	2.117164e+00	-5.194968e+00	-4.860764e+00	-3.342035e-01
4.910000e-01	-2.263349e+00	2.117241e+00	-5.195037e+00	-4.860868e+00	-3.341691e-01
4.920000e-01	-2.263337e+00	2.117222e+00	-5.195047e+00	-4.860860e+00	-3.341866e-01
4.930000e-01	-2.263372e+00	2.117263e+00	-5.195059e+00	-4.860901e+00	-3.341572e-01
4.940000e-01	-2.263340e+00	2.117226e+00	-5.195032e+00	-4.860856e+00	-3.341755e-01
4.950000e-01	-2.263359e+00	2.117248e+00	-5.195059e+00	-4.860888e+00	-3.341707e-01
4.960000e-01	-2.263320e+00	2.117204e+00	-5.195038e+00	-4.860839e+00	-3.341986e-01
4.970000e-01	-2.263359e+00	2.117246e+00	-5.195076e+00	-4.860897e+00	-3.341791e-01
4.980000e-01	-2.263339e+00	2.117218e+00	-5.195095e+00	-4.860887e+00	-3.342081e-01
4.990000e-01	-2.263406e+00	2.117293e+00	-5.195156e+00	-4.860984e+00	-3.341721e-01
5.000000e-01	-2.263402e+00	2.117286e+00	-5.195155e+00	-4.860980e+00	-3.341757e-01
5.010000e-01	-2.263469e+00	2.117360e+00	-5.195222e+00	-4.861080e+00	-3.341419e-01
5.020000e-01	-2.263441e+00	2.117325e+00	-5.195198e+00	-4.861040e+00	-3.341584e-01
5.030000e-01	-2.263450e+00	2.117343e+00	-5.195189e+00	-4.861045e+00	-3.341444e-01
5.040000e-01	-2.263406e+00	2.117292e+00	-5.195181e+00	-4.860996e+00	-3.341852e-01
5.050000e-01	-2.263427e+00	2.117314e+00	-5.195202e+00	-4.861027e+00	-3.341742e-01
5.060000e-01	-2.263382e+00	2.117254e+00	-5.195173e+00	-4.860968e+00	-3.342051e-01
5.070000e-01	-2.263427e+00	2.117303e+00	-5.195217e+00	-4.861035e+00	-3.341815e-01
5.080000e-01	-2.263410e+00	2.117290e+00	-5.195194e+00	-4.861007e+00	-3.341866e-01
5.090000e-01	-2.263476e+00	2.117369e+00	-5.195251e+00	-4.861102e+00	-3.341496e-01
5.100000e-01	-2.263446e+00	2.117333e+00	-5.195246e+00	-4.861069e+00	-3.341769e-01
5.110000e-01	-2.263494e+00	2.117386e+00	-5.195298e+00	-4.861144e+00	-3.341548e-01
5.120000e-01	-2.263442e+00	2.117322e+00	-5.195252e+00	-4.861068e+00	-3.341840e-01
5.130000e-01	-2.263488e+00	2.117370e+00	-5.195315e+00	-4.861146e+00	-3.341692e-01
5.140000e-01	-2.263450e+00	2.117327e+00	-5.195277e+00	-4.861088e+00	-3.341888e-01
5.150000e-01	-2.263473e+00	2.117358e+00	-5.195283e+00	-4.861115e+00	-3.341684e-01
5.160000e-01	-2.263488e+00	2.117370e+00	-5.195328e+00	-4.861152e+00	-3.341762e-01
5.170000e-01	-2.263544e+00	2.117434e+00	-5.195370e+00	-4.861229e+00	-3.341412e-01
5.180000e-01	-2.263512e+00	2.117399e+00	-5.195330e+00	-4.861177e+00	-3.341525e-01
5.190000e-01	-2.263527e+00	2.117414e+00	-5.195344e+00	-4.861199e+00	-3.341449e-01
5.200000e-01	-2.263450e+00	2.117326e+00	-5.195263e+00	-4.861081e+00	-3.341818e-01
5.210000e-01	-2.263487e+00	2.117367e+00	-5.195306e+00	-4.861140e+00	-3.341655e-01
5.220000e-01	-2.263455e+00	2.117326e+00	-5.195318e+00	-4.861114e+00	-3.342039e-01
5.230000e-01	-2.263511e+00	2.117390e+00	-5.195370e+00	-4.861196e+00	-3.341741e-01
5.240000e-01	-2.263504e+00	2.117385e+00	-5.195357e+00	-4.861183e+00	-3.341745e-01
5.250000e-01	-2.263560e+00	2.117445e+00	-5.195422e+00	-4.861271e+00	-3.341506e-01
5.260000e-01	-2.263519e+00	2.117394e+00	-5.195389e+00	-4.861214e+00	-3.341756e-01
5.270000e-01	-2.263548e+00	2.117426e+00	-5.195408e+00	-4.861252e+00	-3.341555e-01
5.280000e-01	-2.263526e+00	2.117401e+00	-5.195407e+00	-4.861229e+00	-3.341780e-01
5.290000e-01	-2.263566e+00	2.117451e+00	-5.195431e+00	-4.861282e+00	-3.341493e-01
5.300000e-01	-2.263532e+00	2.117409e+00	-5.195412e+00	-4.861238e+00	-3.341733e-01
5.310000e-01	-2.263594e+00	2.117473e+00	-5.195490e+00	-4.861339e+00	-3.341506e-01
5.320000e-01	-2.263555e+00	2.117426e+00	-5.195475e+00	-4.861293e+00	-3.341821e-01
5.330000e-01	-2.263589e+00	2.117466e+00	-5.195497e+00	-4.861337e+00	-3.341591e-01
5.340000e-01	-2.263524e+00	2.117387e+00	-5.195456e+00	-4.861252e+00	-3.342041e-01
5.350000e-01	-2.263541e+00	2.117413e+00	-5.195435e+00	-4.861259e+00	-3.341768e-01
5.360000e-01	-2.263519e+00	2.117389e+00	-5.195405e+00	-4.861222e+00	-3.341834e-01
5.370000e-01	-2.263599e+00	2.117476e+00	-5.195502e+00	-4.861351e+00	-3.341517e-01
5.380000e-01	-2.263569e+00	2.117440e+00	-5.195493e+00	-4.861315e+00	-3.341777e-01
5.390000e-01	-2.263613e+00	2.117495e+00	-5.195517e+00	-4.861371e+00	-3.341458e-01
5.400000e-01	-2.263588e+00	2.117463e+00	-5.195524e+00	-4.861350e+00	-3.341735e-01
5.410000e-01	-2.263642e+00	2.117522e+00	-5.195588e+00	-4.861436e+00	-3.341521e-01
5.420000e-01	-2.263600e+00	2.117469e+00	-5.195550e+00	-4.861375e+00	-3.341747e-01
5.430000e-01	-2.263610e+00	2.117483e+00	-5.195543e+00	-4.861382e+00	-3.341618e-01
5.440000e-01	-2.263549e+00	2.117414e+00	-5.195487e+00	-4.861292e+00	-3.341943e-01
5.450000e-01	-2.263561e+00	2.117431e+00	-5.195478e+00	-4.861300e+00	-3.341779e-01
5.460000e-01	-2.263547e+00	2.117408e+00	-5.195492e+00	-4.861293e+00	-3.341990e-01
5.470000e-01	-2.263621e+00	2.117493e+00	-5.195555e+00	-4.861398e+00	-3.341566e-01
5.480000e-01	-2.263621e+00	2.117491e+00	-5.195580e+00	-4.861411e+00	-3.341685e-01
5.490000e-01	-2.263680e+00	2.117559e+00	-5.195651e+00	-4.861505e+00	-3.341461e-01
5.500000e-01	-2.263611e+00	2.117482e+00	-5.195583e+00	-4.861403e+00	-3.341803e-01
5.510000e-01	-2.263629e+00	2.117507e+00	-5.195568e+00	-4.861412e+00	-3.341553e-01
5.520000e-01	-2.263576e+00	2.117446e+00	-5.195534e+00	-4.861344e+00	-3.341909e-01
5.530000e-01	-2.263595e+00	2.117471e+00	-5.195534e+00	-4.861362e+00	-3.341715e-01
5.540000e-01	-2.263556e+00	2.117420e+00	-5.195505e+00	-4.861308e+00	-3.341967e-01
5.550000e-01	-2.263621e+00	2.117492e+00	-5.195572e+00	-4.861407e+00	-3.341645e-01
5.560000e-01	-2.263602e+00	2.117468e+00	-5.195559e+00	-4.861382e+00	-3.341770e-01
5.570000e-01	-2.263652e+00	2.117528e+00	-5.195598e+00	-4.861451e+00	-3.341467e-01
5.580000e-01	-2.263624e+00	2.117493e+00	-5.195603e+00	-4.861425e+00	-3.341774e-01
5.590000e-01	-2.263656e+00	2.117535e+00	-5.195627e+00	-4.861469e+00	-3.341577e-01
5.600000e-01	-2.263624e+00	2.117498e+00	-5.195577e+00	-4.861412e+00	-3.341647e-01
5.610000e-01	-2.263678e+00	2.117556e+00	-5.195631e+00	-4.861494e+00	-3.341373e-01
5.620000e-01	-2.263615e+00	2.117476e+00	-5.195595e+00	-4.861412e+00	-3.341820e-01
5.630000e-01	-2.263619e+00	2.117483e+00	-5.195583e+00	-4.861410e+00	-3.341731e-01
5.640000e-01	-2.263578e+00	2.117436e+00	-5.195573e+00	-4.861365e+00	-3.342087e-01
5.650000e-01	-2.263624e+00	2.117497e+00	-5.195600e+00	-4.861424e+00	-3.341757e-01
5.660000e-01	-2.263625e+00	2.117495e+00	-5.195610e+00	-4.861430e+00	-3.341795e-01
5.670000e-01	-2.263671e+00	2.117547e+00	-5.195650e+00	-4.861497e+00	-3.341536e-01
5.680000e-01	-2.263621e+00	2.117490e+00	-5.195613e+00	-4.861428e+00	-3.341852e-01
5.690000e-01	-2.263653e+00	2.117532e+00	-5.195607e+00	-4.861456e+00	-3.341509e-01
5.700000e-01	-2.263611e+00	2.117480e+00	-5.195587e+00	-4.861404e+00	-3.341824e-01
5.710000e-01	-2.263674e+00	2.117550e+00	-5.195647e+00	-4.861497e+00	-3.341495e-01
5.720000e-01	-2.263634e+00	2.117496e+00	-5.195623e+00	-4.861445e+00	-3.341772e-01
5.730000e-01	-2.263656e+00	2.117521e+00	-5.195651e+00	-4.861481e+00	-3.341696e-01
5.740000e-01	-2.263598e+00	2.117456e+00	-5.195599e+00	-4.861398e+00	-3.342018e-01
5.750000e-01	-2.263640e+00	2.117513e+00	-5.195619e+00	-4.861450e+00	-3.341694e-01
5.760000e-01	-2.263602e+00	2.117464e+00	-5.195605e+00	-4.861405e+00	-3.342007e-01
5.770000e-01	-2.263654e+00	2.117527e+00	-5.195629e+00	-4.861468e+00	-3.341606e-01
5.780000e-01	-2.263635e+00	2.117503e+00	-5.195609e+00	-4.861440e+00	-3.341692e-01
5.790000e-01	-2.263700e+00	2.117578e+00	-5.195685e+00	-4.861543e+00	-3.341422e-01
5.800000e-01	-2.263661e+00	2.117535e+00	-5.195656e+00	-4.861489e+00	-3.341668e-01
5.810000e-01	-2.263685e+00	2.117565e+00	-5.195658e+00	-4.861514e+00	-3.341443e-01
5.820000e-01	-2.263631e+00	2.117492e+00	-5.195636e+00	-4.861449e+00	-3.341875e-01
5.830000e-01	-2.263634e+00	2.117496e+00	-5.195637e+00	-4.861453e+00	-3.341841e-01
5.840000e-01	-2.263587e+00	2.117437e+00	-5.195599e+00	-4.861387e+00	-3.342120e-01
5.850000e-01	-2.263655e+00	2.117515e+00	-5.195667e+00	-4.861488e+00	-3.341788e-01
5.860000e-01	-2.263632e+00	2.117487e+00	-5.195635e+00	-4.861449e+00	-3.341859e-01
5.870000e-01	-2.263680e+00	2.117552e+00	-5.195659e+00	-4.861509e+00	-3.341493e-01
5.880000e-01	-2.263663e+00	2.117533e+00	-5.195666e+00	-4.861496e+00	-3.341700e-01
5.890000e-01	-2.263697e+00	2.117577e+00	-5.195678e+00	-4.861536e+00	-3.341416e-01
5.900000e-01	-2.263652e+00	2.117520e+00	-5.195637e+00	-4.861470e+00	-3.341663e-01
5.910000e-01	-2.263692e+00	2.117559e+00	-5.195698e+00	-4.861541e+00	-3.341571e-01
5.920000e-01	-2.263632e+00	2.117485e+00	-5.195644e+00	-4.861454e+00	-3.341902e-01
5.930000e-01	-2.263655e+00	2.117518e+00	-5.195653e+00	-4.861482e+00	-3.341712e-01
5.940000e-01	-2.263636e+00	2.117494e+00	-5.195657e+00	-4.861464e+00	-3.341926e-01
5.950000e-01	-2.263679e+00	2.117547e+00	-5.195683e+00	-4.861520e+00	-3.341626e-01
5.960000e-01	-2.263664e+00	2.117525e+00	-5.195680e+00	-4.861505e+00	-3.341758e-01
5.970000e-01	-2.263715e+00	2.117580e+00	-5.195739e+00	-4.861584e+00	-3.341549e-01
5.980000e-01	-2.263659e+00	2.117515e+00	-5.195685e+00	-4.861501e+00	-3.341832e-01
5.990000e-01	-2.263692e+00	2.117561e+00	-5.195681e+00	-4.861532e+00	-3.341490e-01
6.000000e-01	-2.263650e+00	2.117512e+00	-5.195658e+00	-4.861479e+00	-3.341790e-01
6.010000e-01	-2.263691e+00	2.117562e+00	-5.195706e+00	-4.861544e+00	-3.341620e-01
6.020000e-01	-2.263643e+00	2.117501e+00	-5.195665e+00	-4.861475e+00	-3.341893e-01
6.030000e-01	-2.263664e+00	2.117527e+00	-5.195666e+00	-4.861497e+00	-3.341691e-01
6.040000e-01	-2.263619e+00	2.117475e+00	-5.195624e+00	-4.861431e+00	-3.341933e-01
6.050000e-01	-2.263679e+00	2.117547e+00	-5.195685e+00	-4.861522e+00	-3.341630e-01
6.060000e-01	-2.263675e+00	2.117532e+00	-5.195712e+00	-4.861531e+00	-3.341815e-01
6.070000e-01	-2.263732e+00	2.117598e+00	-5.195760e+00	-4.861612e+00	-3.341486e-01
6.080000e-01	-2.263691e+00	2.117551e+00	-5.195727e+00	-4.861555e+00	-3.341721e-01
6.090000e-01	-2.263707e+00	2.117572e+00	-5.195735e+00	-4.861574e+00	-3.341607e-01
6.100000e-01	-2.263649e+00	2.117507e+00	-5.195685e+00	-4.861492e+00	-3.341933e-01
6.110000e-01	-2.263683e+00	2.117550e+00	-5.195700e+00	-4.861533e+00	-3.341663e-01
6.120000e-01	-2.263639e+00	2.117493e+00	-5.195687e+00	-4.861483e+00	-3.342040e-01
6.130000e-01	-2.263675e+00	2.117542e+00	-5.195694e+00	-4.861522e+00	-3.341717e-01
6.140000e-01	-2.263667e+00	2.117531e+00	-5.195684e+00	-4.861509e+00	-3.341752e-01
6.150000e-01	-2.263722e+00	2.117593e+00	-5.195735e+00	-4.861589e+00	-3.341461e-01
6.160000e-01	-2.263693e+00	2.117553e+00	-5.195729e+00	-4.861557e+00	-3.341719e-01
6.170000e-01	-2.263732e+00	2.117599e+00	-5.195770e+00	-4.861617e+00	-3.341533e-01
6.180000e-01	-2.263681e+00	2.117535e+00	-5.195749e+00	-4.861556e+00	-3.341929e-01
6.190000e-01	-2.263708e+00	2.117569e+00	-5.195747e+00	-4.861582e+00	-3.341655e-01
6.200000e-01	-2.263660e+00	2.117514e+00	-5.195689e+00	-4.861505e+00	-3.341844e-01
6.210000e-01	-2.263691e+00	2.117549e+00	-5.195726e+00	-4.861554e+00	-3.341718e-01
6.220000e-01	-2.263653e+00	2.117504e+00	-5.195699e+00	-4.861502e+00	-3.341968e-01
6.230000e-01	-2.263704e+00	2.117572e+00	-5.195732e+00	-4.861570e+00	-3.341624e-01
6.240000e-01	-2.263680e+00	2.117545e+00	-5.195729e+00	-4.861545e+00	-3.341844e-01
6.250000e-01	-2.263726e+00	2.117600e+00	-5.195758e+00	-4.861605e+00	-3.341530e-01
6.260000e-01	-2.263697e+00	2.117557e+00	-5.195744e+00	-4.861569e+00	-3.341752e-01
6.270000e-01	-2.263743e+00	2.117606e+00	-5.195794e+00	-4.861640e+00	-3.341541e-01
6.280000e-01	-2.263686e+00	2.117541e+00	-5.195735e+00	-4.861554e+00	-3.341813e-01
6.290000e-01	-2.263721e+00	2.117587e+00	-5.195753e+00	-4.861598e+00	-3.341549e-01
6.300000e-01	-2.263684e+00	2.117539e+00	-5.195729e+00	-4.861548e+00	-3.341809e-01
6.310000e-01	-2.263701e+00	2.117560e+00	-5.195731e+00	-4.861567e+00	-3.341644e-01
6.320000e-01	-2.263643e+00	2.117492e+00	-5.195680e+00	-4.861483e+00	-3.341974e-01
6.330000e-01	-2.263691e+00	2.117550e+00	-5.195745e+00	-4.861563e+00	-3.341819e-01
6.340000e-01	-2.263652e+00	2.117509e+00	-5.195718e+00	-4.861511e+00	-3.342073e-01
6.350000e-01	-2.263700e+00	2.117571e+00	-5.195732e+00	-4.861566e+00	-3.341655e-01
6.360000e-01	-2.263678e+00	2.117539e+00	-5.195716e+00	-4.861536e+00	-3.341802e-01
6.370000e-01	-2.263722e+00	2.117590e+00	-5.195747e+00	-4.861596e+00	-3.341513e-01
6.380000e-01	-2.263697e+00	2.117554e+00	-5.195746e+00	-4.861570e+00	-3.341757e-01
6.390000e-01	-2.263741e+00	2.117603e+00	-5.195799e+00	-4.861640e+00	-3.341584e-01
6.400000e-01	-2.263691e+00	2.117545e+00	-5.195746e+00	-4.861564e+00	-3.341824e-01
6.410000e-01	-2.263701e+00	2.117559e+00	-5.195731e+00	-4.861566e+00	-3.341650e-01
6.420000e-01	-2.263650e+00	2.117499e+00	-5.195714e+00	-4.861507e+00	-3.342069e-01
6.430000e-01	-2.263685e+00	2.117547e+00	-5.195724e+00	-4.861548e+00	-3.341769e-01
6.440000e-01	-2.263678e+00	2.117538e+00	-5.195724e+00	-4.861540e+00	-3.341843e-01
6.450000e-01	-2.263744e+00	2.117616e+00	-5.195781e+00	-4.861635e+00	-3.341463e-01
6.460000e-01	-2.263709e+00	2.117571e+00	-5.195752e+00	-4.861585e+00	-3.341665e-01
6.470000e-01	-2.263731e+00	2.117596e+00	-5.195766e+00	-4.861614e+00	-3.341518e-01
6.480000e-01	-2.263683e+00	2.117535e+00	-5.195749e+00	-4.861557e+00	-3.341919e-01
6.490000e-01	-2.263694e+00	2.117554e+00	-5.195744e+00	-4.861566e+00	-3.341778e-01
6.500000e-01	-2.263655e+00	2.117506e+00	-5.195703e+00	-4.861507e+00	-3.341965e-01
6.510000e-01	-2.263717e+00	2.117575e+00	-5.195768e+00	-4.861600e+00	-3.341672e-01
6.520000e-01	-2.263679e+00	2.117531e+00	-5.195732e+00	-4.861545e+00	-3.341870e-01
6.530000e-01	-2.263721e+00	2.117585e+00	-5.195768e+00	-4.861605e+00	-3.341635e-01
6.540000e-01	-2.263696e+00	2.117555e+00	-5.195755e+00	-4.861573e+00	-3.341818e-01
6.550000e-01	-2.263725e+00	2.117594e+00	-5.195763e+00	-4.861607e+00	-3.341561e-01
6.560000e-01	-2.263687e+00	2.117546e+00	-5.195725e+00	-4.861549e+00	-3.341757e-01
6.570000e-01	-2.263729e+00	2.117593e+00	-5.195779e+00	-4.861619e+00	-3.341599e-01
6.580000e-01	-2.263689e+00	2.117544e+00	-5.195754e+00	-4.861566e+00	-3.341873e-01
6.590000e-01	-2.263735e+00	2.117600e+00	-5.195795e+00	-4.861632e+00	-3.341626e-01
6.600000e-01	-2.263684e+00	2.117538e+00	-5.195759e+00	-4.861563e+00	-3.341951e-01
6.610000e-01	-2.263712e+00	2.117571e+00	-5.195766e+00	-4.861595e+00	-3.341707e-01
6.620000e-01	-2.263666e+00	2.117513e+00	-5.195716e+00	-4.861524e+00	-3.341922e-01
6.630000e-01	-2.263704e+00	2.117562e+00	-5.195746e+00	-4.861577e+00	-3.341689e-01
6.640000e-01	-2.263666e+00	2.117523e+00	-5.195716e+00	-4.861524e+00	-3.341918e-01
6.650000e-01	-2.263714e+00	2.117584e+00	-5.195748e+00	-4.861588e+00	-3.341607e-01
6.660000e-01	-2.263700e+00	2.117559e+00	-5.195768e+00	-4.861584e+00	-3.341838e-01
6.670000e-01	-2.263747e+00	2.117612e+00	-5.195798e+00	-4.861646e+00	-3.341514e-01
6.680000e-01	-2.263711e+00	2.117568e+00	-5.195762e+00	-4.861591e+00	-3.341703e-01
6.690000e-01	-2.263754e+00	2.117622e+00	-5.195807e+00	-4.861657e+00	-3.341498e-01
6.700000e-01	-2.263700e+00	2.117557e+00	-5.195767e+00	-4.861583e+00	-3.341832e-01
6.710000e-01	-2.263724e+00	2.117586e+00	-5.195769e+00	-4.861608e+00	-3.341607e-01
6.720000e-01	-2.263674e+00	2.117525e+00	-5.195731e+00	-4.861539e+00	-3.341913e-01
6.730000e-01	-2.263717e+00	2.117580e+00	-5.195760e+00	-4.861597e+00	-3.341637e-01
6.740000e-01	-2.263674e+00	2.117525e+00	-5.195732e+00	-4.861540e+00	-3.341920e-01
6.750000e-01	-2.263718e+00	2.117573e+00	-5.195789e+00	-4.861613e+00	-3.341767e-01
6.760000e-01	-2.263691e+00	2.117541e+00	-5.195774e+00	-4.861578e+00	-3.341963e-01
6.770000e-01	-2.263745e+00	2.117610e+00	-5.195817e+00	-4.861654e+00	-3.341633e-01
6.780000e-01	-2.263715e+00	2.117576e+00	-5.195784e+00	-4.861607e+00	-3.341772e-01
6.790000e-01	-2.263752e+00	2.117625e+00	-5.195793e+00	-4.861648e+00	-3.341446e-01
6.800000e-01	-2.263679e+00	2.117539e+00	-5.195713e+00	-4.861536e+00	-3.341777e-01
6.810000e-01	-2.263715e+00	2.117575e+00	-5.195767e+00	-4.861599e+00	-3.341681e-01
6.820000e-01	-2.263679e+00	2.117527e+00	-5.195745e+00	-4.861552e+00	-3.341935e-01
6.830000e-01	-2.263731e+00	2.117593e+00	-5.195780e+00	-4.861621e+00	-3.341591e-01
6.840000e-01	-2.263683e+00	2.117536e+00	-5.195753e+00	-4.861559e+00	-3.341936e-01
6.850000e-01	-2.263712e+00	2.117575e+00	-5.195772e+00	-4.861598e+00	-3.341742e-01
6.860000e-01	-2.263681e+00	2.117535e+00	-5.195741e+00	-4.861552e+00	-3.341899e-01
6.870000e-01	-2.263728e+00	2.117586e+00	-5.195788e+00	-4.861622e+00	-3.341663e-01
6.880000e-01	-2.263695e+00	2.117551e+00	-5.195755e+00	-4.861572e+00	-3.341822e-01
6.890000e-01	-2.263741e+00	2.117608e+00	-5.195787e+00	-4.861635e+00	-3.341523e-01
6.900000e-01	-2.263705e+00	2.117561e+00	-5.195771e+00	-4.861590e+00	-3.341810e-01
6.910000e-01	-2.263740e+00	2.117603e+00	-5.195796e+00	-4.861639e+00	-3.341578e-01
6.920000e-01	-2.263682e+00	2.117537e+00	-5.195742e+00	-4.861553e+00	-3.341888e-01
6.930000e-01	-2.263723e+00	2.117587e+00	-5.195788e+00	-4.861617e+00	-3.341707e-01
6.940000e-01	-2.263693e+00	2.117552e+00	-5.195766e+00	-4.861576e+00	-3.341897e-01
6.950000e-01	-2.263734e+00	2.117601e+00	-5.195778e+00	-4.861624e+00	-3.341549e-01
6.960000e-01	-2.263707e+00	2.117562e+00	-5.195777e+00	-4.861595e+00	-3.341817e-01
6.970000e-01	-2.263745e+00	2.117608e+00	-5.195811e+00	-4.861651e+00	-3.341602e-01
6.980000e-01	-2.263700e+00	2.117553e+00	-5.195768e+00	-4.861585e+00	-3.341837e-01
6.990000e-01	-2.263730e+00	2.117588e+00	-5.195792e+00	-4.861626e+00	-3.341661e-01
7.000000e-01	-2.263669e+00	2.117522e+00	-5.195726e+00	-4.861532e+00	-3.341947e-01
7.010000e-01	-2.263713e+00	2.117578e+00	-5.195761e+00	-4.861594e+00	-3.341671e-01
7.020000e-01	-2.263690e+00	2.117542e+00	-5.195776e+00	-4.861578e+00	-3.341978e-01
7.030000e-01	-2.263744e+00	2.117605e+00	-5.195820e+00	-4.861654e+00	-3.341660e-01
7.040000e-01	-2.263713e+00	2.117572e+00	-5.195783e+00	-4.861604e+00	-3.341783e-01
7.050000e-01	-2.263745e+00	2.117609e+00	-5.195810e+00	-4.861650e+00	-3.341599e-01
7.060000e-01	-2.263699e+00	2.117552e+00	-5.195765e+00	-4.861582e+00	-3.341835e-01
7.070000e-01	-2.263732e+00	2.117593e+00	-5.195790e+00	-4.861627e+00	-3.341631e-01
7.080000e-01	-2.263703e+00	2.117560e+00	-5.195777e+00	-4.861591e+00	-3.341855e-01
7.090000e-01	-2.263735e+00	2.117603e+00	-5.195779e+00	-4.861624e+00	-3.341548e-01
7.100000e-01	-2.263686e+00	2.117541e+00	-5.195742e+00	-4.861556e+00	-3.341854e-01
7.110000e-01	-2.263726e+00	2.117586e+00	-5.195779e+00	-4.861615e+00	-3.341635e-01
7.120000e-01	-2.263693e+00	2.117547e+00	-5.195762e+00	-4.861574e+00	-3.341877e-01
7.130000e-01	-2.263710e+00	2.117571e+00	-5.195749e+00	-4.861584e+00	-3.341644e-01
7.140000e-01	-2.263672e+00	2.117522e+00	-5.195738e+00	-4.861541e+00	-3.341968e-01
7.150000e-01	-2.263715e+00	2.117574e+00	-5.195773e+00	-4.861602e+00	-3.341713e-01
7.160000e-01	-2.263703e+00	2.117555e+00	-5.195778e+00	-4.861592e+00	-3.341858e-01
7.170000e-01	-2.263780e+00	2.117643e+00	-5.195848e+00	-4.861704e+00	-3.341444e-01
7.180000e-01	-2.263755e+00	2.117615e+00	-5.195839e+00	-4.861675e+00	-3.341647e-01
7.190000e-01	-2.263755e+00	2.117623e+00	-5.195827e+00	-4.861668e+00	-3.341582e-01
7.200000e-01	-2.263673e+00	2.117525e+00	-5.195745e+00	-4.861545e+00	-3.341998e-01
7.210000e-01	-2.263705e+00	2.117563e+00	-5.195750e+00	-4.861580e+00	-3.341707e-01
7.220000e-01	-2.263687e+00	2.117537e+00	-5.195756e+00	-4.861565e+00	-3.341910e-01
7.230000e-01	-2.263740e+00	2.117600e+00	-5.195808e+00	-4.861643e+00	-3.341642e-01
7.240000e-01	-2.263691e+00	2.117545e+00	-5.195763e+00	-4.861573e+00	-3.341905e-01
7.250000e-01	-2.263723e+00	2.117589e+00	-5.195773e+00	-4.861610e+00	-3.341633e-01
7.260000e-01	-2.263703e+00	2.117557e+00	-5.195781e+00	-4.861593e+00	-3.341878e-01
7.270000e-01	-2.263756e+00	2.117618e+00	-5.195816e+00	-4.861664e+00	-3.341518e-01
7.280000e-01	-2.263728e+00	2.117582e+00	-5.195798e+00	-4.861627e+00	-3.341709e-01
7.290000e-01	-2.263758e+00	2.117617e+00	-5.195836e+00	-4.861676e+00	-3.341600e-01
7.300000e-01	-2.263706e+00	2.117557e+00	-5.195787e+00	-4.861599e+00	-3.341873e-01
7.310000e-01	-2.263734e+00	2.117594e+00	-5.195787e+00	-4.861627e+00	-3.341597e-01
7.320000e-01	-2.263691e+00	2.117541e+00	-5.195765e+00	-4.861573e+00	-3.341912e-01
7.330000e-01	-2.263725e+00	2.117587e+00	-5.195790e+00	-4.861620e+00	-3.341700e-01
7.340000e-01	-2.263700e+00	2.117555e+00	-5.195781e+00	-4.861590e+00	-3.341909e-01
7.350000e-01	-2.263750e+00	2.117615e+00	-5.195831e+00	-4.861665e+00	-3.341660e-01
7.360000e-01	-2.263720e+00	2.117579e+00	-5.195796e+00	-4.861618e+00	-3.341778e-01
7.370000e-01	-2.263756e+00	2.117622e+00	-5.195805e+00	-4.861658e+00	-3.341467e-01
7.380000e-01	-2.263706e+00	2.117560e+00	-5.195775e+00	-4.861593e+00	-3.341819e-01
7.390000e-01	-2.263733e+00	2.117594e+00	-5.195794e+00	-4.861630e+00	-3.341639e-01
7.400000e-01	-2.263688e+00	2.117540e+00	-5.195754e+00	-4.861565e+00	-3.341890e-01
7.410000e-01	-2.263738e+00	2.117597e+00	-5.195815e+00	-4.861646e+00	-3.341688e-01
7.420000e-01	-2.263706e+00	2.117555e+00	-5.195792e+00	-4.861603e+00	-3.341899e-01
7.430000e-01	-2.263738e+00	2.117596e+00	-5.195813e+00	-4.861644e+00	-3.341690e-01
7.440000e-01	-2.263703e+00	2.117556e+00	-5.195802e+00	-4.861604e+00	-3.341981e-01
7.450000e-01	-2.263719e+00	2.117582e+00	-5.195791e+00	-4.861615e+00	-3.341761e-01
7.460000e-01	-2.263699e+00	2.117554e+00	-5.195768e+00	-4.861583e+00	-3.341850e-01
7.470000e-01	-2.263753e+00	2.117616e+00	-5.195821e+00	-4.861664e+00	-3.341574e-01
7.480000e-01	-2.263718e+00	2.117579e+00	-5.195787e+00	-4.861612e+00	-3.341758e-01
7.490000e-01	-2.263729e+00	2.117597e+00	-5.195769e+00	-4.861613e+00	-3.341560e-01
7.500000e-01	-2.263700e+00	2.117555e+00	-5.195780e+00	-4.861589e+00	-3.341904e-01
7.510000e-01	-2.263752e+00	2.117615e+00	-5.195831e+00	-4.861668e+00	-3.341628e-01
7.520000e-01	-2.263690e+00	2.117541e+00	-5.195748e+00	-4.861564e+00	-3.341837e-01
7.530000e-01	-2.263698e+00	2.117552e+00	-5.195749e+00	-4.861573e+00	-3.341763e-01
7.540000e-01	-2.263650e+00	2.117494e+00	-5.195713e+00	-4.861507e+00	-3.342068e-01
7.550000e-01	-2.263713e+00	2.117572e+00	-5.195766e+00	-4.861595e+00	-3.341704e-01
7.560000e-01	-2.263710e+00	2.117566e+00	-5.195791e+00	-4.861606e+00	-3.341855e-01
7.570000e-01	-2.263775e+00	2.117644e+00	-5.195853e+00	-4.861702e+00	-3.341513e-01
7.580000e-01	-2.263745e+00	2.117606e+00	-5.195820e+00	-4.861655e+00	-3.341654e-01
7.590000e-01	-2.263756e+00	2.117622e+00	-5.195825e+00	-4.861669e+00	-3.341564e-01
7.600000e-01	-2.263678e+00	2.117535e+00	-5.195732e+00	-4.861544e+00	-3.341883e-01
7.610000e-01	-2.263704e+00	2.117564e+00	-5.195747e+00	-4.861577e+00	-3.341699e-01
7.620000e-01	-2.263679e+00	2.117527e+00	-5.195754e+00	-4.861556e+00	-3.341980e-01
7.630000e-01	-2.263736e+00	2.117595e+00	-5.195797e+00	-4.861634e+00	-3.341630e-01
7.640000e-01	-2.263700e+00	2.117552e+00	-5.195761e+00	-4.861580e+00	-3.341810e-01
7.650000e-01	-2.263759e+00	2.117618e+00	-5.195845e+00	-4.861681e+00	-3.341637e-01
7.660000e-01	-2.263732e+00	2.117584e+00	-5.195842e+00	-4.861653e+00	-3.341889e-01
7.670000e-01	-2.263762e+00	2.117624e+00	-5.195853e+00	-4.861688e+00	-3.341644e-01
7.680000e-01	-2.263717e+00	2.117572e+00	-5.195817e+00	-4.861626e+00	-3.341912e-01
7.690000e-01	-2.263721e+00	2.117586e+00	-5.195764e+00	-4.861603e+00	-3.341610e-01
7.700000e-01	-2.263653e+00	2.117508e+00	-5.195677e+00	-4.861491e+00	-3.341860e-01
7.710000e-01	-2.263700e+00	2.117557e+00	-5.195743e+00	-4.861571e+00	-3.341721e-01
7.720000e-01	-2.263685e+00	2.117536e+00	-5.195748e+00	-4.861559e+00	-3.341887e-01
7.730000e-01	-2.263747e+00	2.117610e+00	-5.195807e+00	-4.861650e+00	-3.341570e-01
7.740000e-01	-2.263724e+00	2.117581e+00	-5.195824e+00	-4.861636e+00	-3.341881e-01
7.750000e-01	-2.263750e+00	2.117614e+00	-5.195843e+00	-4.861672e+00	-3.341709e-01
7.760000e-01	-2.263712e+00	2.117567e+00	-5.195798e+00	-4.861611e+00	-3.341864e-01
7.770000e-01	-2.263752e+00	2.117612e+00	-5.195827e+00	-4.861666e+00	-3.341612e-01
7.780000e-01	-2.263699e+00	2.117552e+00	-5.195763e+00	-4.861580e+00	-3.341830e-01
7.790000e-01	-2.263724e+00	2.117587e+00	-5.195766e+00	-4.861607e+00	-3.341592e-01
7.800000e-01	-2.263692e+00	2.117547e+00	-5.195758e+00	-4.861571e+00	-3.341866e-01
7.810000e-01	-2.263758e+00	2.117622e+00	-5.195827e+00	-4.861672e+00	-3.341554e-01
7.820000e-01	-2.263711e+00	2.117567e+00	-5.195787e+00	-4.861605e+00	-3.341818e-01
7.830000e-01	-2.263756e+00	2.117620e+00	-5.195832e+00	-4.861672e+00	-3.341600e-01
7.840000e-01	-2.263712e+00	2.117570e+00	-5.195788e+00	-4.861606e+00	-3.341827e-01
7.850000e-01	-2.263725e+00	2.117586e+00	-5.195784e+00	-4.861616e+00	-3.341672e-01
7.860000e-01	-2.263692e+00	2.117539e+00	-5.195774e+00	-4.861579e+00	-3.341952e-01
7.870000e-01	-2.263760e+00	2.117616e+00	-5.195837e+00	-4.861678e+00	-3.341586e-01
7.880000e-01	-2.263742e+00	2.117596e+00	-5.195825e+00	-4.861655e+00	-3.341703e-01
7.890000e-01	-2.263776e+00	2.117636e+00	-5.195872e+00	-4.861712e+00	-3.341603e-01
7.900000e-01	-2.263695e+00	2.117550e+00	-5.195780e+00	-4.861585e+00	-3.341951e-01
7.910000e-01	-2.263712e+00	2.117573e+00	-5.195757e+00	-4.861591e+00	-3.341670e-01
7.920000e-01	-2.263670e+00	2.117522e+00	-5.195729e+00	-4.861535e+00	-3.341941e-01
7.930000e-01	-2.263712e+00	2.117575e+00	-5.195776e+00	-4.861600e+00	-3.341759e-01
7.940000e-01	-2.263689e+00	2.117546e+00	-5.195743e+00	-4.861561e+00	-3.341826e-01
7.950000e-01	-2.263748e+00	2.117610e+00	-5.195811e+00	-4.861654e+00	-3.341569e-01
7.960000e-01	-2.263727e+00	2.117584e+00	-5.195795e+00	-4.861625e+00	-3.341703e-01
7.970000e-01	-2.263768e+00	2.117634e+00	-5.195829e+00	-4.861682e+00	-3.341460e-01
7.980000e-01	-2.263721e+00	2.117574e+00	-5.195824e+00	-4.861633e+00	-3.341915e-01
7.990000e-01	-2.263745e+00	2.117603e+00	-5.195838e+00	-4.861664e+00	-3.341742e-01
8.000000e-01	-2.263695e+00	2.117545e+00	-5.195777e+00	-4.861583e+00	-3.341934e-01
8.010000e-01	-2.263734e+00	2.117588e+00	-5.195812e+00	-4.861640e+00	-3.341717e-01
8.020000e-01	-2.263693e+00	2.117542e+00	-5.195764e+00	-4.861575e+00	-3.341889e-01
8.030000e-01	-2.263725e+00	2.117586e+00	-5.195781e+00	-4.861616e+00	-3.341654e-01
8.040000e-01	-2.263703e+00	2.117561e+00	-5.195786e+00	-4.861596e+00	-3.341902e-01
8.050000e-01	-2.263737e+00	2.117607e+00	-5.195787e+00	-4.861630e+00	-3.341564e-01
8.060000e-01	-2.263704e+00	2.117564e+00	-5.195756e+00	-4.861582e+00	-3.341741e-01
8.070000e-01	-2.263752e+00	2.117613e+00	-5.195819e+00	-4.861661e+00	-3.341575e-01
8.080000e-01	-2.263713e+00	2.117565e+00	-5.195798e+00	-4.861612e+00	-3.341861e-01
8.090000e-01	-2.263721e+00	2.117578e+00	-5.195792e+00	-4.861617e+00	-3.341747e-01
8.100000e-01	-2.263686e+00	2.117533e+00	-5.195779e+00	-4.861576e+00	-3.342033e-01
8.110000e-01	-2.263737e+00	2.117593e+00	-5.195796e+00	-4.861635e+00	-3.341612e-01
8.120000e-01	-2.263705e+00	2.117558e+00	-5.195754e+00	-4.861582e+00	-3.341715e-01
8.130000e-01	-2.263761e+00	2.117625e+00	-5.195815e+00	-4.861668e+00	-3.341467e-01
8.140000e-01	-2.263720e+00	2.117580e+00	-5.195783e+00	-4.861612e+00	-3.341717e-01
8.150000e-01	-2.263754e+00	2.117624e+00	-5.195814e+00	-4.861661e+00	-3.341533e-01
8.160000e-01	-2.263703e+00	2.117560e+00	-5.195795e+00	-4.861601e+00	-3.341943e-01
8.170000e-01	-2.263731e+00	2.117592e+00	-5.195809e+00	-4.861636e+00	-3.341732e-01
8.180000e-01	-2.263691e+00	2.117542e+00	-5.195782e+00	-4.861582e+00	-3.342001e-01
8.190000e-01	-2.263743e+00	2.117601e+00	-5.195830e+00	-4.861659e+00	-3.341719e-01
8.200000e-01	-2.263697e+00	2.117547e+00	-5.195775e+00	-4.861584e+00	-3.341910e-01
8.210000e-01	-2.263734e+00	2.117591e+00	-5.195793e+00	-4.861630e+00	-3.341626e-01
8.220000e-01	-2.263702e+00	2.117549e+00	-5.195780e+00	-4.861592e+00	-3.341886e-01
8.230000e-01	-2.263744e+00	2.117608e+00	-5.195786e+00	-4.861636e+00	-3.341492e-01
8.240000e-01	-2.263701e+00	2.117563e+00	-5.195739e+00	-4.861571e+00	-3.341683e-01
8.250000e-01	-2.263740e+00	2.117606e+00	-5.195809e+00	-4.861645e+00	-3.341640e-01
8.260000e-01	-2.263695e+00	2.117550e+00	-5.195777e+00	-4.861584e+00	-3.341931e-01
8.270000e-01	-2.263739e+00	2.117600e+00	-5.195800e+00	-4.861639e+00	-3.341610e-01
8.280000e-01	-2.263717e+00	2.117573e+00	-5.195800e+00	-4.861618e+00	-3.341828e-01
8.290000e-01	-2.263755e+00	2.117622e+00	-5.195818e+00	-4.861664e+00	-3.341538e-01
8.300000e-01	-2.263694e+00	2.117546e+00	-5.195763e+00	-4.861575e+00	-3.341872e-01
8.310000e-01	-2.263730e+00	2.117585e+00	-5.195796e+00	-4.861628e+00	-3.341681e-01
8.320000e-01	-2.263672e+00	2.117522e+00	-5.195733e+00	-4.861539e+00	-3.341942e-01
8.330000e-01	-2.263706e+00	2.117567e+00	-5.195754e+00	-4.861583e+00	-3.341714e-01
8.340000e-01	-2.263690e+00	2.117544e+00	-5.195771e+00	-4.861576e+00	-3.341954e-01
8.350000e-01	-2.263746e+00	2.117611e+00	-5.195806e+00	-4.861649e+00	-3.341569e-01
8.360000e-01	-2.263714e+00	2.117571e+00	-5.195779e+00	-4.861604e+00	-3.341750e-01
8.370000e-01	-2.263769e+00	2.117633e+00	-5.195858e+00	-4.861698e+00	-3.341595e-01
8.380000e-01	-2.263737e+00	2.117598e+00	-5.195812e+00	-4.861643e+00	-3.341695e-01
8.390000e-01	-2.263753e+00	2.117623e+00	-5.195791e+00	-4.861649e+00	-3.341422e-01
8.400000e-01	-2.263694e+00	2.117550e+00	-5.195753e+00	-4.861571e+00	-3.341829e-01
8.410000e-01	-2.263710e+00	2.117567e+00	-5.195770e+00	-4.861595e+00	-3.341748e-01
8.420000e-01	-2.263661e+00	2.117507e+00	-5.195733e+00	-4.861527e+00	-3.342056e-01
8.430000e-01	-2.263722e+00	2.117575e+00	-5.195795e+00	-4.861619e+00	-3.341756e-01
8.440000e-01	-2.263678e+00	2.117530e+00	-5.195732e+00	-4.861544e+00	-3.341880e-01
8.450000e-01	-2.263726e+00	2.117592e+00	-5.195773e+00	-4.861612e+00	-3.341609e-01
8.460000e-01	-2.263703e+00	2.117562e+00	-5.195793e+00	-4.861600e+00	-3.341935e-01
8.470000e-01	-2.263758e+00	2.117625e+00	-5.195830e+00	-4.861673e+00	-3.341569e-01
8.480000e-01	-2.263695e+00	2.117553e+00	-5.195737e+00	-4.861564e+00	-3.341732e-01
8.490000e-01	-2.263718e+00	2.117575e+00	-5.195769e+00	-4.861602e+00	-3.341671e-01
8.500000e-01	-2.263661e+00	2.117509e+00	-5.195725e+00	-4.861523e+00	-3.342016e-01
8.510000e-01	-2.263701e+00	2.117559e+00	-5.195737e+00	-4.861569e+00	-3.341679e-01
8.520000e-01	-2.263692e+00	2.117545e+00	-5.195757e+00	-4.861570e+00	-3.341867e-01
8.530000e-01	-2.263758e+00	2.117624e+00	-5.195827e+00	-4.861671e+00	-3.341555e-01
8.540000e-01	-2.263731e+00	2.117592e+00	-5.195805e+00	-4.861634e+00	-3.341714e-01
8.550000e-01	-2.263775e+00	2.117640e+00	-5.195846e+00	-4.861698e+00	-3.341486e-01
8.560000e-01	-2.263713e+00	2.117568e+00	-5.195783e+00	-4.861604e+00	-3.341784e-01
8.570000e-01	-2.263721e+00	2.117579e+00	-5.195777e+00	-4.861609e+00	-3.341679e-01
8.580000e-01	-2.263663e+00	2.117511e+00	-5.195745e+00	-4.861536e+00	-3.342095e-01
8.590000e-01	-2.263706e+00	2.117567e+00	-5.195751e+00	-4.861581e+00	-3.341696e-01
8.600000e-01	-2.263679e+00	2.117537e+00	-5.195723e+00	-4.861541e+00	-3.341828e-01
8.610000e-01	-2.263764e+00	2.117632e+00	-5.195833e+00	-4.861681e+00	-3.341522e-01
8.620000e-01	-2.263737e+00	2.117596e+00	-5.195832e+00	-4.861654e+00	-3.341789e-01
8.630000e-01	-2.263758e+00	2.117623e+00	-5.195833e+00	-4.861675e+00	-3.341580e-01
8.640000e-01	-2.263702e+00	2.117555e+00	-5.195782e+00	-4.861593e+00	-3.341891e-01
8.650000e-01	-2.263714e+00	2.117573e+00	-5.195767e+00	-4.861597e+00	-3.341696e-01
8.660000e-01	-2.263677e+00	2.117527e+00	-5.195731e+00	-4.861542e+00	-3.341890e-01
8.670000e-01	-2.263732e+00	2.117589e+00	-5.195802e+00	-4.861633e+00	-3.341690e-01
8.680000e-01	-2.263691e+00	2.117545e+00	-5.195757e+00	-4.861569e+00	-3.341876e-01
8.690000e-01	-2.263716e+00	2.117581e+00	-5.195766e+00	-4.861599e+00	-3.341663e-01
8.700000e-01	-2.263693e+00	2.117549e+00	-5.195773e+00	-4.861579e+00	-3.341940e-01
8.710000e-01	-2.263752e+00	2.117619e+00	-5.195819e+00	-4.861661e+00	-3.341580e-01
8.720000e-01	-2.263704e+00	2.117563e+00	-5.195758e+00	-4.861583e+00	-3.341749e-01
8.730000e-01	-2.263747e+00	2.117610e+00	-5.195818e+00	-4.861656e+00	-3.341626e-01
8.740000e-01	-2.263675e+00	2.117529e+00	-5.195735e+00	-4.861542e+00	-3.341927e-01
8.750000e-01	-2.263699e+00	2.117560e+00	-5.195741e+00	-4.861570e+00	-3.341711e-01
8.760000e-01	-2.263689e+00	2.117539e+00	-5.195762e+00	-4.861570e+00	-3.341924e-01
8.770000e-01	-2.263751e+00	2.117613e+00	-5.195818e+00	-4.861660e+00	-3.341577e-01
8.780000e-01	-2.263718e+00	2.117575e+00	-5.195783e+00	-4.861610e+00	-3.341732e-01
8.790000e-01	-2.263749e+00	2.117610e+00	-5.195830e+00	-4.861663e+00	-3.341664e-01
8.800000e-01	-2.263689e+00	2.117546e+00	-5.195758e+00	-4.861569e+00	-3.341899e-01
8.810000e-01	-2.263716e+00	2.117581e+00	-5.195755e+00	-4.861593e+00	-3.341616e-01
8.820000e-01	-2.263687e+00	2.117544e+00	-5.195739e+00	-4.861556e+00	-3.341831e-01
8.830000e-01	-2.263735e+00	2.117599e+00	-5.195780e+00	-4.861625e+00	-3.341552e-01
8.840000e-01	-2.263700e+00	2.117554e+00	-5.195766e+00	-4.861583e+00	-3.341826e-01
8.850000e-01	-2.263740e+00	2.117599e+00	-5.195817e+00	-4.861648e+00	-3.341685e-01
8.860000e-01	-2.263698e+00	2.117550e+00	-5.195772e+00	-4.861584e+00	-3.341886e-01
8.870000e-01	-2.263742e+00	2.117603e+00	-5.195810e+00	-4.861647e+00	-3.341632e-01
8.880000e-01	-2.263701e+00	2.117556e+00	-5.195784e+00	-4.861593e+00	-3.341910e-01
8.890000e-01	-2.263737e+00	2.117603e+00	-5.195808e+00	-4.861641e+00	-3.341666e-01
8.900000e-01	-2.263684e+00	2.117542e+00	-5.195737e+00	-4.861552e+00	-3.341846e-01
8.910000e-01	-2.263759e+00	2.117622e+00	-5.195830e+00	-4.861674e+00	-3.341554e-01
8.920000e-01	-2.263707e+00	2.117561e+00	-5.195768e+00	-4.861591e+00	-3.341776e-01
8.930000e-01	-2.263737e+00	2.117600e+00	-5.195785e+00	-4.861629e+00	-3.341557e-01
8.940000e-01	-2.263686e+00	2.117541e+00	-5.195759e+00	-4.861565e+00	-3.341933e-01
8.950000e-01	-2.263721e+00	2.117584e+00	-5.195779e+00	-4.861610e+00	-3.341688e-01
8.960000e-01	-2.263679e+00	2.117533e+00	-5.195742e+00	-4.861550e+00	-3.341919e-01
8.970000e-01	-2.263729e+00	2.117586e+00	-5.195806e+00	-4.861632e+00	-3.341746e-01
8.980000e-01	-2.263685e+00	2.117539e+00	-5.195743e+00	-4.861557e+00	-3.341859e-01
8.990000e-01	-2.263732e+00	2.117598e+00	-5.195775e+00	-4.861619e+00	-3.341553e-01
9.000000e-01	-2.263701e+00	2.117559e+00	-5.195782e+00	-4.861592e+00	-3.341897e-01
9.010000e-01	-2.263746e+00	2.117610e+00	-5.195810e+00	-4.861651e+00	-3.341587e-01
9.020000e-01	-2.263697e+00	2.117553e+00	-5.195740e+00	-4.861567e+00	-3.341727e-01
9.030000e-01	-2.263720e+00	2.117580e+00	-5.195767e+00	-4.861604e+00	-3.341633e-01
9.040000e-01	-2.263676e+00	2.117531e+00	-5.195741e+00	-4.861547e+00	-3.341939e-01
9.050000e-01	-2.263711e+00	2.117573e+00	-5.195786e+00	-4.861604e+00	-3.341818e-01
9.060000e-01	-2.263702e+00	2.117555e+00	-5.195790e+00	-4.861597e+00	-3.341930e-01
9.070000e-01	-2.263749e+00	2.117608e+00	-5.195818e+00	-4.861658e+00	-3.341602e-01
9.080000e-01	-2.263733e+00	2.117590e+00	-5.195807e+00	-4.861636e+00	-3.341706e-01
9.090000e-01	-2.263778e+00	2.117647e+00	-5.195850e+00	-4.861703e+00	-3.341467e-01
9.100000e-01	-2.263727e+00	2.117593e+00	-5.195780e+00	-4.861618e+00	-3.341627e-01
9.110000e-01	-2.263750e+00	2.117619e+00	-5.195797e+00	-4.861649e+00	-3.341483e-01
9.120000e-01	-2.263694e+00	2.117547e+00	-5.195775e+00	-4.861582e+00	-3.341933e-01
9.130000e-01	-2.263698e+00	2.117553e+00	-5.195761e+00	-4.861579e+00	-3.341824e-01
9.140000e-01	-2.263645e+00	2.117491e+00	-5.195705e+00	-4.861497e+00	-3.342077e-01
9.150000e-01	-2.263721e+00	2.117576e+00	-5.195796e+00	-4.861619e+00	-3.341772e-01
9.160000e-01	-2.263708e+00	2.117562e+00	-5.195777e+00	-4.861596e+00	-3.341810e-01
9.170000e-01	-2.263761e+00	2.117629e+00	-5.195808e+00	-4.861665e+00	-3.341432e-01
9.180000e-01	-2.263738e+00	2.117602e+00	-5.195808e+00	-4.861642e+00	-3.341660e-01
9.190000e-01	-2.263765e+00	2.117638e+00	-5.195823e+00	-4.861677e+00	-3.341465e-01
9.200000e-01	-2.263693e+00	2.117551e+00	-5.195758e+00	-4.861572e+00	-3.341859e-01
9.210000e-01	-2.263724e+00	2.117577e+00	-5.195814e+00	-4.861631e+00	-3.341827e-01
9.220000e-01	-2.263659e+00	2.117500e+00	-5.195744e+00	-4.861531e+00	-3.342124e-01
9.230000e-01	-2.263698e+00	2.117553e+00	-5.195748e+00	-4.861573e+00	-3.341757e-01
9.240000e-01	-2.263689e+00	2.117544e+00	-5.195756e+00	-4.861567e+00	-3.341886e-01
9.250000e-01	-2.263739e+00	2.117608e+00	-5.195785e+00	-4.861632e+00	-3.341535e-01
9.260000e-01	-2.263713e+00	2.117576e+00	-5.195770e+00	-4.861598e+00	-3.341718e-01
9.270000e-01	-2.263757e+00	2.117623e+00	-5.195828e+00	-4.861671e+00	-3.341570e-01
9.280000e-01	-2.263705e+00	2.117562e+00	-5.195775e+00	-4.861592e+00	-3.341829e-01
9.290000e-01	-2.263724e+00	2.117586e+00	-5.195779e+00	-4.861613e+00	-3.341655e-01
9.300000e-01	-2.263688e+00	2.117542e+00	-5.195777e+00	-4.861577e+00	-3.341999e-01
9.310000e-01	-2.263753e+00	2.117614e+00	-5.195831e+00	-4.861669e+00	-3.341624e-01
9.320000e-01	-2.263710e+00	2.117561e+00	-5.195788e+00	-4.861605e+00	-3.341837e-01
9.330000e-01	-2.263725e+00	2.117580e+00	-5.195799e+00	-4.861625e+00	-3.341748e-01
9.340000e-01	-2.263683e+00	2.117533e+00	-5.195759e+00	-4.861563e+00	-3.341964e-01
9.350000e-01	-2.263722e+00	2.117586e+00	-5.195775e+00	-4.861610e+00	-3.341652e-01
9.360000e-01	-2.263715e+00	2.117573e+00	-5.195807e+00	-4.861619e+00	-3.341884e-01
9.370000e-01	-2.263750e+00	2.117617e+00	-5.195817e+00	-4.861659e+00	-3.341583e-01
9.380000e-01	-2.263714e+00	2.117573e+00	-5.195787e+00	-4.861607e+00	-3.341797e-01
9.390000e-01	-2.263728e+00	2.117592e+00	-5.195793e+00	-4.861625e+00	-3.341681e-01
9.400000e-01	-2.263671e+00	2.117527e+00	-5.195723e+00	-4.861532e+00	-3.341905e-01
9.410000e-01	-2.263713e+00	2.117576e+00	-5.195742e+00	-4.861584e+00	-3.341585e-01
9.420000e-01	-2.263698e+00	2.117552e+00	-5.195760e+00	-4.861578e+00	-3.341817e-01
9.430000e-01	-2.263737e+00	2.117599e+00	-5.195797e+00	-4.861635e+00	-3.341620e-01
9.440000e-01	-2.263691e+00	2.117545e+00	-5.195761e+00	-4.861571e+00	-3.341902e-01
9.450000e-01	-2.263752e+00	2.117612e+00	-5.195841e+00	-4.861672e+00	-3.341691e-01
9.460000e-01	-2.263721e+00	2.117575e+00	-5.195812e+00	-4.861628e+00	-3.341847e-01
9.470000e-01	-2.263757e+00	2.117618e+00	-5.195833e+00	-4.861674e+00	-3.341588e-01
9.480000e-01	-2.263711e+00	2.117563e+00	-5.195812e+00	-4.861617e+00	-3.341950e-01
9.490000e-01	-2.263725e+00	2.117587e+00	-5.195792e+00	-4.861621e+00	-3.341706e-01
9.500000e-01	-2.263672e+00	2.117529e+00	-5.195715e+00	-4.861529e+00	-3.341859e-01
9.510000e-01	-2.263722e+00	2.117584e+00	-5.195770e+00	-4.861607e+00	-3.341628e-01
9.520000e-01	-2.263695e+00	2.117553e+00	-5.195743e+00	-4.861566e+00	-3.341764e-01
9.530000e-01	-2.263722e+00	2.117588e+00	-5.195757e+00	-4.861600e+00	-3.341565e-01
9.540000e-01	-2.263686e+00	2.117541e+00	-5.195762e+00	-4.861567e+00	-3.341953e-01
9.550000e-01	-2.263739e+00	2.117601e+00	-5.195808e+00	-4.861643e+00	-3.341648e-01
9.560000e-01	-2.263717e+00	2.117570e+00	-5.195801e+00	-4.861617e+00	-3.341838e-01
9.570000e-01	-2.263785e+00	2.117647e+00	-5.195871e+00	-4.861720e+00	-3.341508e-01
9.580000e-01	-2.263733e+00	2.117591e+00	-5.195808e+00	-4.861637e+00	-3.341716e-01
9.590000e-01	-2.263736e+00	2.117598e+00	-5.195795e+00	-4.861633e+00	-3.341616e-01
9.600000e-01	-2.263669e+00	2.117520e+00	-5.195753e+00	-4.861546e+00	-3.342071e-01
9.610000e-01	-2.263704e+00	2.117561e+00	-5.195765e+00	-4.861586e+00	-3.341781e-01
9.620000e-01	-2.263685e+00	2.117536e+00	-5.195752e+00	-4.861561e+00	-3.341915e-01
9.630000e-01	-2.263755e+00	2.117618e+00	-5.195834e+00	-4.861672e+00	-3.341623e-01
9.640000e-01	-2.263712e+00	2.117573e+00	-5.195784e+00	-4.861604e+00	-3.341799e-01
9.650000e-01	-2.263753e+00	2.117625e+00	-5.195798e+00	-4.861652e+00	-3.341454e-01
9.660000e-01	-2.263736e+00	2.117598e+00	-5.195802e+00	-4.861637e+00	-3.341651e-01
9.670000e-01	-2.263769e+00	2.117634e+00	-5.195825e+00	-4.861682e+00	-3.341438e-01
9.680000e-01	-2.263701e+00	2.117554e+00	-5.195773e+00	-4.861587e+00	-3.341851e-01
9.690000e-01	-2.263717e+00	2.117572e+00	-5.195790e+00	-4.861611e+00	-3.341783e-01
9.700000e-01	-2.263653e+00	2.117499e+00	-5.195733e+00	-4.861520e+00	-3.342138e-01
9.710000e-01	-2.263694e+00	2.117547e+00	-5.195768e+00	-4.861578e+00	-3.341902e-01
9.720000e-01	-2.263652e+00	2.117498e+00	-5.195727e+00	-4.861515e+00	-3.342122e-01
9.730000e-01	-2.263732e+00	2.117596e+00	-5.195784e+00	-4.861624e+00	-3.341605e-01
9.740000e-01	-2.263727e+00	2.117590e+00	-5.195788e+00	-4.861621e+00	-3.341670e-01
9.750000e-01	-2.263785e+00	2.117657e+00	-5.195845e+00	-4.861708e+00	-3.341374e-01
9.760000e-01	-2.263748e+00	2.117608e+00	-5.195827e+00	-4.861661e+00	-3.341656e-01
9.770000e-01	-2.263765e+00	2.117628e+00	-5.195822e+00	-4.861676e+00	-3.341463e-01
9.780000e-01	-2.263681e+00	2.117529e+00	-5.195766e+00	-4.861564e+00	-3.342023e-01
9.790000e-01	-2.263708e+00	2.117566e+00	-5.195772e+00	-4.861594e+00	-3.341777e-01
9.800000e-01	-2.263685e+00	2.117538e+00	-5.195753e+00	-4.861562e+00	-3.341915e-01
9.810000e-01	-2.263755e+00	2.117616e+00	-5.195837e+00	-4.861673e+00	-3.341637e-01
9.820000e-01	-2.263694e+00	2.117549e+00	-5.195762e+00	-4.861575e+00	-3.341869e-01
9.830000e-01	-2.263721e+00	2.117587e+00	-5.195763e+00	-4.861603e+00	-3.341608e-01
9.840000e-01	-2.263680e+00	2.117536e+00	-5.195749e+00	-4.861554e+00	-3.341943e-01
9.850000e-01	-2.263730e+00	2.117595e+00	-5.195779e+00	-4.861619e+00	-3.341599e-01
9.860000e-01	-2.263693e+00	2.117546e+00	-5.195762e+00	-4.861573e+00	-3.341884e-01
9.870000e-01	-2.263760e+00	2.117616e+00	-5.195847e+00	-4.861683e+00	-3.341638e-01
9.880000e-01	-2.263722e+00	2.117575e+00	-5.195809e+00	-4.861626e+00	-3.341828e-01
9.890000e-01	-2.263764e+00	2.117628e+00	-5.195834e+00	-4.861682e+00	-3.341529e-01
9.900000e-01	-2.263707e+00	2.117561e+00	-5.195780e+00	-4.861597e+00	-3.341828e-01
9.910000e-01	-2.263729e+00	2.117587e+00	-5.195783e+00	-4.861620e+00	-3.341626e-01
9.920000e-01	-2.263688e+00	2.117541e+00	-5.195753e+00	-4.861564e+00	-3.341884e-01
9.930000e-01	-2.263731e+00	2.117594e+00	-5.195809e+00	-4.861636e+00	-3.341736e-01
9.940000e-01	-2.263695e+00	2.117556e+00	-5.195768e+00	-4.861580e+00	-3.341889e-01
9.950000e-01	-2.263728e+00	2.117596e+00	-5.195779e+00	-4.861618e+00	-3.341610e-01
9.960000e-01	-2.263715e+00	2.117571e+00	-5.195801e+00	-4.861615e+00	-3.341860e-01
9.970000e-01	-2.263769e+00	2.117632e+00	-5.195852e+00	-4.861695e+00	-3.341568e-01
9.980000e-01	-2.263723e+00	2.117579e+00	-5.195803e+00	-4.861625e+00	-3.341779e-01
9.990000e-01	-2.263755e+00	2.117615e+00	-5.195830e+00	-4.861670e+00	-3.341600e-01
1.000000e+00	-2.263679e+00	2.117530e+00	-5.195742e+00	-4.861550e+00	-3.341918e-01
