# Force coefficients
# liftDir    : (0.000000e+00 1.000000e+00 0.000000e+00)
# dragDir    : (1.000000e+00 0.000000e+00 0.000000e+00)
# pitchAxis  : (0.000000e+00 0.000000e+00 1.000000e+00)
# magUInf    : 5.148000e+01
# lRef       : 4.530000e-01
# Aref       : 4.348800e-01
# CofR       : (0.000000e+00 0.000000e+00 0.000000e+00)
# Time       	Cm           	Cd           	Cl           	Cl(f)        	Cl(r)        	Cm	Cd	Cl	Cl(f)	Cl(r)
1.000000e-03	-1.746322e-03	1.935633e-03	-2.982321e-03	-3.237483e-03	2.551611e-04
2.000000e-03	-1.125799e-02	1.285776e-02	-2.044242e-02	-2.147921e-02	1.036783e-03
3.000000e-03	-1.915040e-02	2.185962e-02	-3.638910e-02	-3.734495e-02	9.558514e-04
4.000000e-03	-2.106913e-02	2.398889e-02	-4.188139e-02	-4.200983e-02	1.284367e-04
5.000000e-03	-2.106353e-02	2.369900e-02	-4.442056e-02	-4.327381e-02	-1.146755e-03
6.000000e-03	-2.165825e-02	2.376240e-02	-4.842541e-02	-4.587096e-02	-2.554456e-03
7.000000e-03	-2.337506e-02	2.493837e-02	-5.457905e-02	-5.066459e-02	-3.914461e-03
8.000000e-03	-2.693059e-02	2.812125e-02	-6.391631e-02	-5.888875e-02	-5.027562e-03
9.000000e-03	-3.185270e-02	3.286264e-02	-7.562451e-02	-6.966496e-02	-5.959554e-03
1.000000e-02	-3.708156e-02	3.806149e-02	-8.777395e-02	-8.096854e-02	-6.805411e-03
1.100000e-02	-4.172870e-02	4.266865e-02	-9.882837e-02	-9.114289e-02	-7.685487e-03
1.200000e-02	-4.617282e-02	4.710062e-02	-1.096125e-01	-1.009791e-01	-8.633454e-03
1.300000e-02	-5.050626e-02	5.140649e-02	-1.203605e-01	-1.106865e-01	-9.673977e-03
1.400000e-02	-5.497784e-02	5.582405e-02	-1.315836e-01	-1.207696e-01	-1.081396e-02
1.500000e-02	-5.986256e-02	6.071197e-02	-1.436950e-01	-1.317101e-01	-1.198495e-02
1.600000e-02	-6.577260e-02	6.668100e-02	-1.580008e-01	-1.447730e-01	-1.322781e-02
1.700000e-02	-7.278342e-02	7.381369e-02	-1.748140e-01	-1.601904e-01	-1.462356e-02
1.800000e-02	-8.070284e-02	8.180900e-02	-1.939792e-01	-1.776924e-01	-1.628675e-02
1.900000e-02	-8.903921e-02	9.015463e-02	-2.145298e-01	-1.963041e-01	-1.822569e-02
2.000000e-02	-9.744723e-02	9.844581e-02	-2.356480e-01	-2.152712e-01	-2.037676e-02
2.100000e-02	-1.056267e-01	1.063796e-01	-2.566028e-01	-2.339282e-01	-2.267468e-02
2.200000e-02	-1.133531e-01	1.137310e-01	-2.768371e-01	-2.517716e-01	-2.506547e-02
2.300000e-02	-1.207918e-01	1.207187e-01	-2.965745e-01	-2.690791e-01	-2.749540e-02
2.400000e-02	-1.284700e-01	1.279142e-01	-3.168228e-01	-2.868814e-01	-2.994141e-02
2.500000e-02	-1.369058e-01	1.359325e-01	-3.386396e-01	-3.062256e-01	-3.241396e-02
2.600000e-02	-1.463978e-01	1.450754e-01	-3.626775e-01	-3.277365e-01	-3.494095e-02
2.700000e-02	-1.570206e-01	1.554495e-01	-3.891490e-01	-3.515951e-01	-3.755394e-02
2.800000e-02	-1.686539e-01	1.668706e-01	-4.179490e-01	-3.776284e-01	-4.032055e-02
2.900000e-02	-1.809329e-01	1.789828e-01	-4.482872e-01	-4.050765e-01	-4.321074e-02
3.000000e-02	-1.934073e-01	1.912849e-01	-4.793793e-01	-4.330969e-01	-4.628232e-02
3.100000e-02	-2.058734e-01	2.035810e-01	-5.106734e-01	-4.612100e-01	-4.946333e-02
3.200000e-02	-2.183033e-01	2.158308e-01	-5.420330e-01	-4.893198e-01	-5.271320e-02
3.300000e-02	-2.308962e-01	2.282518e-01	-5.736212e-01	-5.177067e-01	-5.591443e-02
3.400000e-02	-2.438331e-01	2.410207e-01	-6.058491e-01	-5.467576e-01	-5.909147e-02
3.500000e-02	-2.574640e-01	2.545149e-01	-6.393823e-01	-5.771551e-01	-6.222717e-02
3.600000e-02	-2.717783e-01	2.687193e-01	-6.743460e-01	-6.089512e-01	-6.539472e-02
3.700000e-02	-2.868239e-01	2.837336e-01	-7.107610e-01	-6.422043e-01	-6.855662e-02
3.800000e-02	-3.022088e-01	2.991527e-01	-7.478760e-01	-6.761468e-01	-7.172919e-02
3.900000e-02	-3.181727e-01	3.152038e-01	-7.861629e-01	-7.112541e-01	-7.490876e-02
4.000000e-02	-3.343345e-01	3.314937e-01	-8.246333e-01	-7.466512e-01	-7.798209e-02
4.100000e-02	-3.508863e-01	3.482089e-01	-8.637575e-01	-7.827651e-01	-8.099244e-02
4.200000e-02	-3.677177e-01	3.651808e-01	-9.031980e-01	-8.193167e-01	-8.388137e-02
4.300000e-02	-3.850300e-01	3.826236e-01	-9.434697e-01	-8.567648e-01	-8.670488e-02
4.400000e-02	-4.028574e-01	4.005076e-01	-9.846917e-01	-8.952032e-01	-8.948848e-02
4.500000e-02	-4.212751e-01	4.189615e-01	-1.026981e+00	-9.347657e-01	-9.221544e-02
4.600000e-02	-4.403639e-01	4.379867e-01	-1.070156e+00	-9.754417e-01	-9.471400e-02
4.700000e-02	-4.596066e-01	4.571472e-01	-1.113199e+00	-1.016206e+00	-9.699298e-02
4.800000e-02	-4.793004e-01	4.766872e-01	-1.156819e+00	-1.057710e+00	-9.910923e-02
4.900000e-02	-4.993672e-01	4.966123e-01	-1.200933e+00	-1.099834e+00	-1.010994e-01
5.000000e-02	-5.200780e-01	5.170815e-01	-1.246388e+00	-1.143272e+00	-1.031157e-01
5.100000e-02	-5.413608e-01	5.380294e-01	-1.293157e+00	-1.187939e+00	-1.052177e-01
5.200000e-02	-5.630878e-01	5.592311e-01	-1.341182e+00	-1.233679e+00	-1.075030e-01
5.300000e-02	-5.852960e-01	5.807060e-01	-1.390566e+00	-1.280579e+00	-1.099869e-01
5.400000e-02	-6.077977e-01	6.022133e-01	-1.440912e+00	-1.328254e+00	-1.126583e-01
5.500000e-02	-6.300885e-01	6.232720e-01	-1.491077e+00	-1.375627e+00	-1.154499e-01
5.600000e-02	-6.523043e-01	6.439590e-01	-1.541393e+00	-1.423001e+00	-1.183920e-01
5.700000e-02	-6.746187e-01	6.644775e-01	-1.592133e+00	-1.470685e+00	-1.214477e-01
5.800000e-02	-6.972665e-01	6.850725e-01	-1.643916e+00	-1.519224e+00	-1.246914e-01
5.900000e-02	-7.203742e-01	7.058857e-01	-1.697029e+00	-1.568889e+00	-1.281405e-01
6.000000e-02	-7.442764e-01	7.272877e-01	-1.752242e+00	-1.620398e+00	-1.318447e-01
6.100000e-02	-7.686618e-01	7.489371e-01	-1.808881e+00	-1.673102e+00	-1.357786e-01
6.200000e-02	-7.933797e-01	7.706536e-01	-1.866747e+00	-1.726753e+00	-1.399940e-01
6.300000e-02	-8.183468e-01	7.923255e-01	-1.925541e+00	-1.781117e+00	-1.444239e-01
6.400000e-02	-8.433184e-01	8.137150e-01	-1.984798e+00	-1.835717e+00	-1.490804e-01
6.500000e-02	-8.679411e-01	8.344516e-01	-2.043626e+00	-1.889754e+00	-1.538718e-01
6.600000e-02	-8.922679e-01	8.546842e-01	-2.102067e+00	-1.943301e+00	-1.587655e-01
6.700000e-02	-9.162001e-01	8.743465e-01	-2.159849e+00	-1.996124e+00	-1.637243e-01
6.800000e-02	-9.396153e-01	8.933017e-01	-2.216702e+00	-2.047966e+00	-1.687356e-01
6.900000e-02	-9.621888e-01	9.114544e-01	-2.271705e+00	-2.098041e+00	-1.736635e-01
7.000000e-02	-9.840874e-01	9.289304e-01	-2.325078e+00	-2.146626e+00	-1.784515e-01
7.100000e-02	-1.005306e+00	9.458376e-01	-2.376490e+00	-2.193551e+00	-1.829385e-01
7.200000e-02	-1.025668e+00	9.621026e-01	-2.425446e+00	-2.238391e+00	-1.870544e-01
7.300000e-02	-1.045271e+00	9.778759e-01	-2.472044e+00	-2.281293e+00	-1.907509e-01
7.400000e-02	-1.064193e+00	9.932583e-01	-2.516524e+00	-2.322455e+00	-1.940684e-01
7.500000e-02	-1.082445e+00	1.008300e+00	-2.558916e+00	-2.361903e+00	-1.970125e-01
7.600000e-02	-1.099969e+00	1.023008e+00	-2.599078e+00	-2.399508e+00	-1.995696e-01
7.700000e-02	-1.117087e+00	1.037775e+00	-2.637670e+00	-2.435922e+00	-2.017476e-01
7.800000e-02	-1.133909e+00	1.052716e+00	-2.674923e+00	-2.471371e+00	-2.035520e-01
7.900000e-02	-1.150392e+00	1.067804e+00	-2.710411e+00	-2.505597e+00	-2.048134e-01
8.000000e-02	-1.166636e+00	1.083065e+00	-2.744586e+00	-2.538930e+00	-2.056567e-01
8.100000e-02	-1.182641e+00	1.098421e+00	-2.777648e+00	-2.571465e+00	-2.061825e-01
8.200000e-02	-1.198500e+00	1.114035e+00	-2.809551e+00	-2.603276e+00	-2.062753e-01
8.300000e-02	-1.214056e+00	1.129798e+00	-2.839900e+00	-2.634006e+00	-2.058938e-01
8.400000e-02	-1.229447e+00	1.145950e+00	-2.868783e+00	-2.663839e+00	-2.049440e-01
8.500000e-02	-1.244672e+00	1.162566e+00	-2.895942e+00	-2.692643e+00	-2.032992e-01
8.600000e-02	-1.259754e+00	1.179647e+00	-2.921395e+00	-2.720451e+00	-2.009433e-01
8.700000e-02	-1.275047e+00	1.197481e+00	-2.946158e+00	-2.748126e+00	-1.980325e-01
8.800000e-02	-1.290260e+00	1.215715e+00	-2.969894e+00	-2.775207e+00	-1.946875e-01
8.900000e-02	-1.305192e+00	1.234055e+00	-2.992361e+00	-2.801372e+00	-1.909887e-01
9.000000e-02	-1.319618e+00	1.252196e+00	-3.012853e+00	-2.826045e+00	-1.868081e-01
9.100000e-02	-1.333224e+00	1.269689e+00	-3.030972e+00	-2.848710e+00	-1.822620e-01
9.200000e-02	-1.345863e+00	1.286386e+00	-3.045772e+00	-2.868749e+00	-1.770234e-01
9.300000e-02	-1.357743e+00	1.302354e+00	-3.058305e+00	-2.886895e+00	-1.714095e-01
9.400000e-02	-1.368327e+00	1.317037e+00	-3.067074e+00	-2.901864e+00	-1.652098e-01
9.500000e-02	-1.378324e+00	1.330974e+00	-3.074363e+00	-2.915505e+00	-1.588576e-01
9.600000e-02	-1.387303e+00	1.343739e+00	-3.078693e+00	-2.926649e+00	-1.520437e-01
9.700000e-02	-1.395713e+00	1.355724e+00	-3.081295e+00	-2.936361e+00	-1.449342e-01
9.800000e-02	-1.403120e+00	1.366572e+00	-3.081018e+00	-2.943629e+00	-1.373892e-01
9.900000e-02	-1.409545e+00	1.376327e+00	-3.078670e+00	-2.948880e+00	-1.297902e-01
1.000000e-01	-1.414843e+00	1.384832e+00	-3.074433e+00	-2.952060e+00	-1.223734e-01
1.010000e-01	-1.418756e+00	1.391848e+00	-3.068357e+00	-2.952934e+00	-1.154229e-01
1.020000e-01	-1.421242e+00	1.397353e+00	-3.060238e+00	-2.951361e+00	-1.088763e-01
1.030000e-01	-1.422046e+00	1.401055e+00	-3.049747e+00	-2.946919e+00	-1.028281e-01
1.040000e-01	-1.421543e+00	1.403283e+00	-3.037572e+00	-2.940329e+00	-9.724310e-02
1.050000e-01	-1.420020e+00	1.404324e+00	-3.024130e+00	-2.932085e+00	-9.204478e-02
1.060000e-01	-1.418232e+00	1.404896e+00	-3.010953e+00	-2.923709e+00	-8.724393e-02
1.070000e-01	-1.416338e+00	1.405004e+00	-2.999369e+00	-2.916022e+00	-8.334685e-02
1.080000e-01	-1.413887e+00	1.404131e+00	-2.988974e+00	-2.908374e+00	-8.060027e-02
1.090000e-01	-1.410148e+00	1.401458e+00	-2.978832e+00	-2.899564e+00	-7.926845e-02
1.100000e-01	-1.406179e+00	1.398114e+00	-2.970267e+00	-2.891313e+00	-7.895418e-02
1.110000e-01	-1.402524e+00	1.394695e+00	-2.964100e+00	-2.884574e+00	-7.952599e-02
1.120000e-01	-1.399478e+00	1.391594e+00	-2.960473e+00	-2.879715e+00	-8.075892e-02
1.130000e-01	-1.398671e+00	1.390367e+00	-2.962739e+00	-2.880040e+00	-8.269823e-02
1.140000e-01	-1.399517e+00	1.390518e+00	-2.969437e+00	-2.884236e+00	-8.520114e-02
1.150000e-01	-1.401270e+00	1.391132e+00	-2.979788e+00	-2.891164e+00	-8.862441e-02
1.160000e-01	-1.402774e+00	1.391024e+00	-2.991517e+00	-2.898532e+00	-9.298474e-02
1.170000e-01	-1.404671e+00	1.390872e+00	-3.005543e+00	-2.907442e+00	-9.810037e-02
1.180000e-01	-1.407488e+00	1.391312e+00	-3.022332e+00	-2.918654e+00	-1.036779e-01
1.190000e-01	-1.411972e+00	1.393109e+00	-3.043144e+00	-2.933544e+00	-1.095997e-01
1.200000e-01	-1.417787e+00	1.396015e+00	-3.066713e+00	-2.951143e+00	-1.155697e-01
1.210000e-01	-1.425377e+00	1.400568e+00	-3.093350e+00	-2.972052e+00	-1.212975e-01
1.220000e-01	-1.434668e+00	1.406766e+00	-3.122537e+00	-2.995936e+00	-1.266011e-01
1.230000e-01	-1.445949e+00	1.415015e+00	-3.154438e+00	-3.023168e+00	-1.312703e-01
1.240000e-01	-1.458903e+00	1.425137e+00	-3.188337e+00	-3.053071e+00	-1.352653e-01
1.250000e-01	-1.472942e+00	1.436626e+00	-3.223047e+00	-3.084466e+00	-1.385817e-01
1.260000e-01	-1.488146e+00	1.449581e+00	-3.259086e+00	-3.117689e+00	-1.413977e-01
1.270000e-01	-1.502817e+00	1.462312e+00	-3.293751e+00	-3.149693e+00	-1.440584e-01
1.280000e-01	-1.514697e+00	1.472471e+00	-3.323185e+00	-3.176289e+00	-1.468956e-01
1.290000e-01	-1.522595e+00	1.478776e+00	-3.345196e+00	-3.195193e+00	-1.500031e-01
1.300000e-01	-1.527041e+00	1.481702e+00	-3.360401e+00	-3.207242e+00	-1.531593e-01
1.310000e-01	-1.529047e+00	1.482220e+00	-3.370232e+00	-3.214163e+00	-1.560695e-01
1.320000e-01	-1.530796e+00	1.482483e+00	-3.378351e+00	-3.219971e+00	-1.583795e-01
1.330000e-01	-1.534088e+00	1.484318e+00	-3.387828e+00	-3.228001e+00	-1.598263e-01
1.340000e-01	-1.539620e+00	1.488596e+00	-3.399528e+00	-3.239384e+00	-1.601439e-01
1.350000e-01	-1.547792e+00	1.495853e+00	-3.413842e+00	-3.254713e+00	-1.591289e-01
1.360000e-01	-1.558152e+00	1.505762e+00	-3.429696e+00	-3.273000e+00	-1.566964e-01
1.370000e-01	-1.569437e+00	1.516956e+00	-3.445432e+00	-3.292153e+00	-1.532790e-01
1.380000e-01	-1.580637e+00	1.528411e+00	-3.459550e+00	-3.310412e+00	-1.491376e-01
1.390000e-01	-1.589997e+00	1.538285e+00	-3.469078e+00	-3.324536e+00	-1.445425e-01
1.400000e-01	-1.596980e+00	1.546082e+00	-3.473064e+00	-3.333512e+00	-1.395523e-01
1.410000e-01	-1.602185e+00	1.552277e+00	-3.473570e+00	-3.338970e+00	-1.345998e-01
1.420000e-01	-1.606310e+00	1.557547e+00	-3.472105e+00	-3.342362e+00	-1.297426e-01
1.430000e-01	-1.610045e+00	1.562527e+00	-3.470547e+00	-3.345318e+00	-1.252285e-01
1.440000e-01	-1.613108e+00	1.566840e+00	-3.468323e+00	-3.347270e+00	-1.210532e-01
1.450000e-01	-1.615080e+00	1.569991e+00	-3.464814e+00	-3.347487e+00	-1.173272e-01
1.460000e-01	-1.615244e+00	1.571161e+00	-3.459129e+00	-3.344809e+00	-1.143203e-01
1.470000e-01	-1.613875e+00	1.570660e+00	-3.451761e+00	-3.339756e+00	-1.120053e-01
1.480000e-01	-1.611119e+00	1.568768e+00	-3.442618e+00	-3.332428e+00	-1.101906e-01
1.490000e-01	-1.608093e+00	1.566732e+00	-3.433500e+00	-3.324844e+00	-1.086566e-01
1.500000e-01	-1.605494e+00	1.565280e+00	-3.425447e+00	-3.318217e+00	-1.072292e-01
1.510000e-01	-1.603256e+00	1.564229e+00	-3.418356e+00	-3.312434e+00	-1.059220e-01
1.520000e-01	-1.601687e+00	1.563781e+00	-3.412759e+00	-3.308066e+00	-1.046925e-01
1.530000e-01	-1.600290e+00	1.563115e+00	-3.408543e+00	-3.304561e+00	-1.039821e-01
1.540000e-01	-1.597958e+00	1.561006e+00	-3.404067e+00	-3.299991e+00	-1.040753e-01
1.550000e-01	-1.594920e+00	1.557717e+00	-3.399835e+00	-3.294837e+00	-1.049979e-01
1.560000e-01	-1.591688e+00	1.553959e+00	-3.396144e+00	-3.289760e+00	-1.063840e-01
1.570000e-01	-1.589136e+00	1.550818e+00	-3.393814e+00	-3.286044e+00	-1.077707e-01
1.580000e-01	-1.588278e+00	1.549456e+00	-3.394165e+00	-3.285360e+00	-1.088047e-01
1.590000e-01	-1.588908e+00	1.549683e+00	-3.396656e+00	-3.287237e+00	-1.094196e-01
1.600000e-01	-1.590529e+00	1.550997e+00	-3.400305e+00	-3.290681e+00	-1.096237e-01
1.610000e-01	-1.592799e+00	1.553046e+00	-3.404445e+00	-3.295022e+00	-1.094229e-01
1.620000e-01	-1.594595e+00	1.554799e+00	-3.406724e+00	-3.297957e+00	-1.087674e-01
1.630000e-01	-1.594738e+00	1.555173e+00	-3.404940e+00	-3.297208e+00	-1.077321e-01
1.640000e-01	-1.592572e+00	1.553474e+00	-3.398362e+00	-3.291753e+00	-1.066090e-01
1.650000e-01	-1.588682e+00	1.550211e+00	-3.388442e+00	-3.282903e+00	-1.055384e-01
1.660000e-01	-1.583485e+00	1.545769e+00	-3.376014e+00	-3.271492e+00	-1.045221e-01
1.670000e-01	-1.577866e+00	1.540970e+00	-3.362750e+00	-3.259241e+00	-1.035091e-01
1.680000e-01	-1.572616e+00	1.536667e+00	-3.349931e+00	-3.247581e+00	-1.023497e-01
1.690000e-01	-1.567899e+00	1.533038e+00	-3.337933e+00	-3.236865e+00	-1.010679e-01
1.700000e-01	-1.563488e+00	1.529848e+00	-3.326584e+00	-3.226780e+00	-9.980419e-02
1.710000e-01	-1.558174e+00	1.525763e+00	-3.314176e+00	-3.215262e+00	-9.891430e-02
1.720000e-01	-1.552036e+00	1.520702e+00	-3.301329e+00	-3.202701e+00	-9.862830e-02
1.730000e-01	-1.545854e+00	1.515478e+00	-3.289173e+00	-3.190440e+00	-9.873279e-02
1.740000e-01	-1.540991e+00	1.511429e+00	-3.280157e+00	-3.181069e+00	-9.908721e-02
1.750000e-01	-1.537969e+00	1.509082e+00	-3.275105e+00	-3.175522e+00	-9.958343e-02
1.760000e-01	-1.536430e+00	1.508050e+00	-3.273286e+00	-3.173073e+00	-1.002128e-01
1.770000e-01	-1.535629e+00	1.507581e+00	-3.273252e+00	-3.172255e+00	-1.009974e-01
1.780000e-01	-1.535181e+00	1.507343e+00	-3.273966e+00	-3.172164e+00	-1.018025e-01
1.790000e-01	-1.534852e+00	1.507199e+00	-3.274599e+00	-3.172151e+00	-1.024477e-01
1.800000e-01	-1.534747e+00	1.507308e+00	-3.275146e+00	-3.172320e+00	-1.028257e-01
1.810000e-01	-1.535115e+00	1.507910e+00	-3.276062e+00	-3.173147e+00	-1.029156e-01
1.820000e-01	-1.536255e+00	1.509318e+00	-3.277955e+00	-3.175233e+00	-1.027228e-01
1.830000e-01	-1.538238e+00	1.511620e+00	-3.281055e+00	-3.178765e+00	-1.022893e-01
1.840000e-01	-1.540349e+00	1.514083e+00	-3.284188e+00	-3.182443e+00	-1.017447e-01
1.850000e-01	-1.542182e+00	1.516214e+00	-3.286937e+00	-3.185651e+00	-1.012867e-01
1.860000e-01	-1.543438e+00	1.517669e+00	-3.288830e+00	-3.187854e+00	-1.009768e-01
1.870000e-01	-1.544035e+00	1.518274e+00	-3.289914e+00	-3.188992e+00	-1.009221e-01
1.880000e-01	-1.544252e+00	1.518364e+00	-3.290451e+00	-3.189477e+00	-1.009733e-01
1.890000e-01	-1.544459e+00	1.518315e+00	-3.291116e+00	-3.190017e+00	-1.010991e-01
1.900000e-01	-1.544648e+00	1.518182e+00	-3.291728e+00	-3.190512e+00	-1.012161e-01
1.910000e-01	-1.544988e+00	1.518152e+00	-3.292635e+00	-3.191306e+00	-1.013292e-01
1.920000e-01	-1.545698e+00	1.518463e+00	-3.294221e+00	-3.192808e+00	-1.014128e-01
1.930000e-01	-1.546977e+00	1.519332e+00	-3.296920e+00	-3.195437e+00	-1.014831e-01
1.940000e-01	-1.548909e+00	1.520872e+00	-3.300816e+00	-3.199317e+00	-1.014989e-01
1.950000e-01	-1.551569e+00	1.523176e+00	-3.306096e+00	-3.204617e+00	-1.014787e-01
1.960000e-01	-1.555003e+00	1.526310e+00	-3.312763e+00	-3.211384e+00	-1.013785e-01
1.970000e-01	-1.559065e+00	1.530142e+00	-3.320610e+00	-3.219370e+00	-1.012398e-01
1.980000e-01	-1.563762e+00	1.534611e+00	-3.329745e+00	-3.228634e+00	-1.011107e-01
1.990000e-01	-1.568923e+00	1.539516e+00	-3.339982e+00	-3.238914e+00	-1.010679e-01
2.000000e-01	-1.574430e+00	1.544666e+00	-3.351226e+00	-3.250043e+00	-1.011825e-01
2.010000e-01	-1.579847e+00	1.549658e+00	-3.362699e+00	-3.261196e+00	-1.015025e-01
2.020000e-01	-1.584794e+00	1.554241e+00	-3.373452e+00	-3.271520e+00	-1.019320e-01
2.030000e-01	-1.589185e+00	1.558453e+00	-3.383069e+00	-3.280720e+00	-1.023490e-01
2.040000e-01	-1.593209e+00	1.562568e+00	-3.391590e+00	-3.289004e+00	-1.025863e-01
2.050000e-01	-1.596884e+00	1.566629e+00	-3.399031e+00	-3.296399e+00	-1.026317e-01
2.060000e-01	-1.600090e+00	1.570485e+00	-3.405248e+00	-3.302714e+00	-1.025339e-01
2.070000e-01	-1.602464e+00	1.573617e+00	-3.410008e+00	-3.307468e+00	-1.025403e-01
2.080000e-01	-1.603482e+00	1.575363e+00	-3.412617e+00	-3.309791e+00	-1.028265e-01
2.090000e-01	-1.603000e+00	1.575539e+00	-3.412826e+00	-3.309412e+00	-1.034130e-01
2.100000e-01	-1.601249e+00	1.574412e+00	-3.410746e+00	-3.306621e+00	-1.041244e-01
2.110000e-01	-1.598789e+00	1.572601e+00	-3.407096e+00	-3.302337e+00	-1.047586e-01
2.120000e-01	-1.596120e+00	1.570690e+00	-3.402412e+00	-3.297325e+00	-1.050862e-01
2.130000e-01	-1.593472e+00	1.568959e+00	-3.397032e+00	-3.291988e+00	-1.050440e-01
2.140000e-01	-1.590888e+00	1.567467e+00	-3.391060e+00	-3.286418e+00	-1.046427e-01
2.150000e-01	-1.588338e+00	1.566127e+00	-3.384820e+00	-3.280748e+00	-1.040723e-01
2.160000e-01	-1.585744e+00	1.564778e+00	-3.378491e+00	-3.274990e+00	-1.035010e-01
2.170000e-01	-1.583184e+00	1.563415e+00	-3.372556e+00	-3.269463e+00	-1.030936e-01
2.180000e-01	-1.580769e+00	1.562073e+00	-3.367338e+00	-3.264438e+00	-1.029002e-01
2.190000e-01	-1.578558e+00	1.560755e+00	-3.363066e+00	-3.260091e+00	-1.029748e-01
2.200000e-01	-1.576737e+00	1.559630e+00	-3.359943e+00	-3.256708e+00	-1.032349e-01
2.210000e-01	-1.575382e+00	1.558780e+00	-3.358084e+00	-3.254424e+00	-1.036602e-01
2.220000e-01	-1.574577e+00	1.558316e+00	-3.357511e+00	-3.253332e+00	-1.041787e-01
2.230000e-01	-1.574179e+00	1.558068e+00	-3.358095e+00	-3.253227e+00	-1.048682e-01
2.240000e-01	-1.574165e+00	1.557973e+00	-3.359870e+00	-3.254100e+00	-1.057695e-01
2.250000e-01	-1.574682e+00	1.558120e+00	-3.363277e+00	-3.256320e+00	-1.069571e-01
2.260000e-01	-1.575920e+00	1.558668e+00	-3.368673e+00	-3.260256e+00	-1.084167e-01
2.270000e-01	-1.578394e+00	1.560136e+00	-3.376963e+00	-3.266876e+00	-1.100876e-01
2.280000e-01	-1.582303e+00	1.562739e+00	-3.388388e+00	-3.276498e+00	-1.118909e-01
2.290000e-01	-1.587709e+00	1.566550e+00	-3.403080e+00	-3.289249e+00	-1.138311e-01
2.300000e-01	-1.594398e+00	1.571392e+00	-3.420567e+00	-3.304681e+00	-1.158856e-01
2.310000e-01	-1.602137e+00	1.577062e+00	-3.440452e+00	-3.322363e+00	-1.180890e-01
2.320000e-01	-1.610730e+00	1.583417e+00	-3.462263e+00	-3.341861e+00	-1.204013e-01
2.330000e-01	-1.619991e+00	1.590290e+00	-3.485680e+00	-3.362831e+00	-1.228494e-01
2.340000e-01	-1.629604e+00	1.597406e+00	-3.510020e+00	-3.384614e+00	-1.254064e-01
2.350000e-01	-1.639283e+00	1.604522e+00	-3.534695e+00	-3.406630e+00	-1.280648e-01
2.360000e-01	-1.648939e+00	1.611641e+00	-3.559233e+00	-3.428556e+00	-1.306772e-01
2.370000e-01	-1.658413e+00	1.618687e+00	-3.583158e+00	-3.449992e+00	-1.331655e-01
2.380000e-01	-1.667486e+00	1.625553e+00	-3.605773e+00	-3.470372e+00	-1.354005e-01
2.390000e-01	-1.675935e+00	1.632063e+00	-3.626618e+00	-3.489244e+00	-1.373742e-01
2.400000e-01	-1.683483e+00	1.637976e+00	-3.645111e+00	-3.506038e+00	-1.390726e-01
2.410000e-01	-1.689927e+00	1.643070e+00	-3.660974e+00	-3.520414e+00	-1.405604e-01
2.420000e-01	-1.695175e+00	1.647262e+00	-3.673996e+00	-3.532173e+00	-1.418233e-01
2.430000e-01	-1.699333e+00	1.650658e+00	-3.684390e+00	-3.541528e+00	-1.428620e-01
2.440000e-01	-1.702603e+00	1.653484e+00	-3.692425e+00	-3.548815e+00	-1.436100e-01
2.450000e-01	-1.705006e+00	1.655719e+00	-3.698296e+00	-3.554154e+00	-1.441418e-01
2.460000e-01	-1.706437e+00	1.657214e+00	-3.701907e+00	-3.557390e+00	-1.445164e-01
2.470000e-01	-1.706853e+00	1.657880e+00	-3.703361e+00	-3.558534e+00	-1.448273e-01
2.480000e-01	-1.706302e+00	1.657742e+00	-3.702723e+00	-3.557663e+00	-1.450596e-01
2.490000e-01	-1.704949e+00	1.656934e+00	-3.700387e+00	-3.555142e+00	-1.452448e-01
2.500000e-01	-1.703030e+00	1.655680e+00	-3.696727e+00	-3.551394e+00	-1.453339e-01
2.510000e-01	-1.700755e+00	1.654152e+00	-3.692228e+00	-3.546868e+00	-1.453592e-01
2.520000e-01	-1.698297e+00	1.652499e+00	-3.687203e+00	-3.541899e+00	-1.453049e-01
2.530000e-01	-1.695887e+00	1.650901e+00	-3.682232e+00	-3.537003e+00	-1.452287e-01
2.540000e-01	-1.693693e+00	1.649477e+00	-3.677675e+00	-3.532530e+00	-1.451446e-01
2.550000e-01	-1.691789e+00	1.648222e+00	-3.673891e+00	-3.528734e+00	-1.451569e-01
2.560000e-01	-1.690366e+00	1.647282e+00	-3.671233e+00	-3.525982e+00	-1.452510e-01
2.570000e-01	-1.689480e+00	1.646659e+00	-3.669941e+00	-3.524451e+00	-1.454907e-01
2.580000e-01	-1.689347e+00	1.646563e+00	-3.670296e+00	-3.524495e+00	-1.458013e-01
2.590000e-01	-1.690064e+00	1.647077e+00	-3.672532e+00	-3.526330e+00	-1.462015e-01
2.600000e-01	-1.691728e+00	1.648305e+00	-3.676722e+00	-3.530089e+00	-1.466331e-01
2.610000e-01	-1.694375e+00	1.650290e+00	-3.682997e+00	-3.535874e+00	-1.471238e-01
2.620000e-01	-1.697984e+00	1.653044e+00	-3.691192e+00	-3.543580e+00	-1.476119e-01
2.630000e-01	-1.702443e+00	1.656441e+00	-3.701167e+00	-3.553026e+00	-1.481405e-01
2.640000e-01	-1.707580e+00	1.660405e+00	-3.712430e+00	-3.563795e+00	-1.486355e-01
2.650000e-01	-1.713248e+00	1.664842e+00	-3.724696e+00	-3.575596e+00	-1.491001e-01
2.660000e-01	-1.719312e+00	1.669682e+00	-3.737531e+00	-3.588077e+00	-1.494533e-01
2.670000e-01	-1.725607e+00	1.674789e+00	-3.750645e+00	-3.600930e+00	-1.497154e-01
2.680000e-01	-1.731923e+00	1.679995e+00	-3.763543e+00	-3.613695e+00	-1.498486e-01
2.690000e-01	-1.738060e+00	1.685122e+00	-3.775908e+00	-3.626014e+00	-1.498934e-01
2.700000e-01	-1.743736e+00	1.689935e+00	-3.787113e+00	-3.637293e+00	-1.498201e-01
2.710000e-01	-1.748725e+00	1.694242e+00	-3.796752e+00	-3.647100e+00	-1.496512e-01
2.720000e-01	-1.752977e+00	1.698043e+00	-3.804578e+00	-3.655266e+00	-1.493126e-01
2.730000e-01	-1.756374e+00	1.701235e+00	-3.810421e+00	-3.661584e+00	-1.488370e-01
2.740000e-01	-1.758865e+00	1.703775e+00	-3.814141e+00	-3.665936e+00	-1.482057e-01
2.750000e-01	-1.760288e+00	1.705477e+00	-3.815597e+00	-3.668086e+00	-1.475110e-01
2.760000e-01	-1.760618e+00	1.706300e+00	-3.814760e+00	-3.667998e+00	-1.467620e-01
2.770000e-01	-1.759866e+00	1.706223e+00	-3.811760e+00	-3.665746e+00	-1.460137e-01
2.780000e-01	-1.758201e+00	1.705397e+00	-3.806882e+00	-3.661642e+00	-1.452394e-01
2.790000e-01	-1.755747e+00	1.703906e+00	-3.800454e+00	-3.655974e+00	-1.444796e-01
2.800000e-01	-1.752640e+00	1.701854e+00	-3.792723e+00	-3.649001e+00	-1.437216e-01
2.810000e-01	-1.749051e+00	1.699377e+00	-3.784114e+00	-3.641108e+00	-1.430056e-01
2.820000e-01	-1.745192e+00	1.696664e+00	-3.774980e+00	-3.632682e+00	-1.422982e-01
2.830000e-01	-1.741243e+00	1.693858e+00	-3.765767e+00	-3.624126e+00	-1.416408e-01
2.840000e-01	-1.737325e+00	1.691059e+00	-3.756678e+00	-3.615664e+00	-1.410136e-01
2.850000e-01	-1.733600e+00	1.688388e+00	-3.748128e+00	-3.607664e+00	-1.404638e-01
2.860000e-01	-1.730126e+00	1.685863e+00	-3.740235e+00	-3.600244e+00	-1.399911e-01
2.870000e-01	-1.726960e+00	1.683505e+00	-3.733226e+00	-3.593573e+00	-1.396532e-01
2.880000e-01	-1.724183e+00	1.681379e+00	-3.727199e+00	-3.587783e+00	-1.394161e-01
2.890000e-01	-1.721951e+00	1.679617e+00	-3.722497e+00	-3.583199e+00	-1.392977e-01
2.900000e-01	-1.720365e+00	1.678319e+00	-3.719243e+00	-3.579987e+00	-1.392562e-01
2.910000e-01	-1.719487e+00	1.677536e+00	-3.717601e+00	-3.578287e+00	-1.393136e-01
2.920000e-01	-1.719344e+00	1.677309e+00	-3.717533e+00	-3.578111e+00	-1.394220e-01
2.930000e-01	-1.719926e+00	1.677637e+00	-3.719045e+00	-3.579448e+00	-1.395971e-01
2.940000e-01	-1.721153e+00	1.678465e+00	-3.721899e+00	-3.582103e+00	-1.397963e-01
2.950000e-01	-1.722940e+00	1.679732e+00	-3.725955e+00	-3.585917e+00	-1.400374e-01
2.960000e-01	-1.725183e+00	1.681349e+00	-3.730928e+00	-3.590647e+00	-1.402809e-01
2.970000e-01	-1.727811e+00	1.683293e+00	-3.736707e+00	-3.596165e+00	-1.405423e-01
2.980000e-01	-1.730782e+00	1.685556e+00	-3.743102e+00	-3.602333e+00	-1.407686e-01
2.990000e-01	-1.733968e+00	1.688023e+00	-3.749926e+00	-3.608932e+00	-1.409946e-01
3.000000e-01	-1.737216e+00	1.690567e+00	-3.756794e+00	-3.615613e+00	-1.411810e-01
3.010000e-01	-1.740362e+00	1.693043e+00	-3.763438e+00	-3.622081e+00	-1.413572e-01
3.020000e-01	-1.743265e+00	1.695343e+00	-3.769491e+00	-3.628010e+00	-1.414804e-01
3.030000e-01	-1.745800e+00	1.697368e+00	-3.774738e+00	-3.633169e+00	-1.415689e-01
3.040000e-01	-1.747880e+00	1.699058e+00	-3.778921e+00	-3.637340e+00	-1.415805e-01
3.050000e-01	-1.749481e+00	1.700395e+00	-3.782042e+00	-3.640502e+00	-1.415400e-01
3.060000e-01	-1.750589e+00	1.701387e+00	-3.784006e+00	-3.642591e+00	-1.414141e-01
3.070000e-01	-1.751209e+00	1.702018e+00	-3.784893e+00	-3.643656e+00	-1.412370e-01
3.080000e-01	-1.751297e+00	1.702262e+00	-3.784585e+00	-3.643589e+00	-1.409959e-01
3.090000e-01	-1.750839e+00	1.702076e+00	-3.783151e+00	-3.642414e+00	-1.407368e-01
3.100000e-01	-1.749814e+00	1.701432e+00	-3.780544e+00	-3.640086e+00	-1.404573e-01
3.110000e-01	-1.748276e+00	1.700357e+00	-3.776941e+00	-3.636747e+00	-1.401942e-01
3.120000e-01	-1.746282e+00	1.698901e+00	-3.772408e+00	-3.632486e+00	-1.399220e-01
3.130000e-01	-1.743966e+00	1.697170e+00	-3.767264e+00	-3.627598e+00	-1.396657e-01
3.140000e-01	-1.741453e+00	1.695276e+00	-3.761700e+00	-3.622303e+00	-1.393975e-01
3.150000e-01	-1.738868e+00	1.693321e+00	-3.756038e+00	-3.616887e+00	-1.391505e-01
3.160000e-01	-1.736305e+00	1.691390e+00	-3.750413e+00	-3.611512e+00	-1.389013e-01
3.170000e-01	-1.733821e+00	1.689509e+00	-3.745024e+00	-3.606333e+00	-1.386912e-01
3.180000e-01	-1.731470e+00	1.687720e+00	-3.739969e+00	-3.601454e+00	-1.385144e-01
3.190000e-01	-1.729288e+00	1.686025e+00	-3.735409e+00	-3.596992e+00	-1.384163e-01
3.200000e-01	-1.727341e+00	1.684480e+00	-3.731430e+00	-3.593056e+00	-1.383743e-01
3.210000e-01	-1.725695e+00	1.683128e+00	-3.728213e+00	-3.589801e+00	-1.384118e-01
3.220000e-01	-1.724406e+00	1.682023e+00	-3.725805e+00	-3.587309e+00	-1.384968e-01
3.230000e-01	-1.723547e+00	1.681232e+00	-3.724392e+00	-3.585744e+00	-1.386488e-01
3.240000e-01	-1.723151e+00	1.680792e+00	-3.723958e+00	-3.585131e+00	-1.388279e-01
3.250000e-01	-1.723241e+00	1.680720e+00	-3.724604e+00	-3.585543e+00	-1.390610e-01
3.260000e-01	-1.723797e+00	1.681015e+00	-3.726202e+00	-3.586898e+00	-1.393038e-01
3.270000e-01	-1.724796e+00	1.681656e+00	-3.728759e+00	-3.589175e+00	-1.395837e-01
3.280000e-01	-1.726160e+00	1.682585e+00	-3.732054e+00	-3.592187e+00	-1.398665e-01
3.290000e-01	-1.727847e+00	1.683769e+00	-3.736044e+00	-3.595869e+00	-1.401756e-01
3.300000e-01	-1.729790e+00	1.685151e+00	-3.740531e+00	-3.600056e+00	-1.404750e-01
3.310000e-01	-1.731932e+00	1.686710e+00	-3.745409e+00	-3.604636e+00	-1.407722e-01
3.320000e-01	-1.734197e+00	1.688393e+00	-3.750454e+00	-3.609424e+00	-1.410299e-01
3.330000e-01	-1.736511e+00	1.690143e+00	-3.755565e+00	-3.614294e+00	-1.412719e-01
3.340000e-01	-1.738774e+00	1.691880e+00	-3.760478e+00	-3.619013e+00	-1.414649e-01
3.350000e-01	-1.740903e+00	1.693533e+00	-3.765079e+00	-3.623443e+00	-1.416364e-01
3.360000e-01	-1.742806e+00	1.695025e+00	-3.769118e+00	-3.627365e+00	-1.417528e-01
3.370000e-01	-1.744437e+00	1.696320e+00	-3.772555e+00	-3.630714e+00	-1.418404e-01
3.380000e-01	-1.745756e+00	1.697390e+00	-3.775238e+00	-3.633374e+00	-1.418634e-01
3.390000e-01	-1.746735e+00	1.698221e+00	-3.777169e+00	-3.635319e+00	-1.418498e-01
3.400000e-01	-1.747360e+00	1.698795e+00	-3.778262e+00	-3.636491e+00	-1.417713e-01
3.410000e-01	-1.747621e+00	1.699100e+00	-3.778567e+00	-3.636905e+00	-1.416624e-01
3.420000e-01	-1.747523e+00	1.699138e+00	-3.778055e+00	-3.636550e+00	-1.415048e-01
3.430000e-01	-1.747069e+00	1.698903e+00	-3.776813e+00	-3.635476e+00	-1.413377e-01
3.440000e-01	-1.746262e+00	1.698387e+00	-3.774803e+00	-3.633664e+00	-1.411393e-01
3.450000e-01	-1.745149e+00	1.697620e+00	-3.772210e+00	-3.631254e+00	-1.409557e-01
3.460000e-01	-1.743770e+00	1.696631e+00	-3.769048e+00	-3.628295e+00	-1.407538e-01
3.470000e-01	-1.742221e+00	1.695503e+00	-3.765578e+00	-3.625010e+00	-1.405676e-01
3.480000e-01	-1.740564e+00	1.694279e+00	-3.761883e+00	-3.621506e+00	-1.403772e-01
3.490000e-01	-1.738872e+00	1.693019e+00	-3.758163e+00	-3.617953e+00	-1.402098e-01
3.500000e-01	-1.737187e+00	1.691753e+00	-3.754460e+00	-3.614417e+00	-1.400427e-01
3.510000e-01	-1.735567e+00	1.690524e+00	-3.750973e+00	-3.611054e+00	-1.399193e-01
3.520000e-01	-1.734031e+00	1.689335e+00	-3.747692e+00	-3.607877e+00	-1.398154e-01
3.530000e-01	-1.732663e+00	1.688259e+00	-3.744861e+00	-3.605093e+00	-1.397681e-01
3.540000e-01	-1.731488e+00	1.687310e+00	-3.742471e+00	-3.602724e+00	-1.397471e-01
3.550000e-01	-1.730593e+00	1.686569e+00	-3.740725e+00	-3.600955e+00	-1.397698e-01
3.560000e-01	-1.729973e+00	1.686027e+00	-3.739569e+00	-3.599758e+00	-1.398115e-01
3.570000e-01	-1.729676e+00	1.685729e+00	-3.739151e+00	-3.599251e+00	-1.398998e-01
3.580000e-01	-1.729674e+00	1.685648e+00	-3.739353e+00	-3.599351e+00	-1.400020e-01
3.590000e-01	-1.729994e+00	1.685819e+00	-3.740260e+00	-3.600124e+00	-1.401357e-01
3.600000e-01	-1.730592e+00	1.686198e+00	-3.741745e+00	-3.601464e+00	-1.402812e-01
3.610000e-01	-1.731470e+00	1.686802e+00	-3.743834e+00	-3.603387e+00	-1.404470e-01
3.620000e-01	-1.732578e+00	1.687586e+00	-3.746375e+00	-3.605765e+00	-1.406096e-01
3.630000e-01	-1.733892e+00	1.688547e+00	-3.749338e+00	-3.608561e+00	-1.407773e-01
3.640000e-01	-1.735330e+00	1.689607e+00	-3.752513e+00	-3.611586e+00	-1.409263e-01
3.650000e-01	-1.736879e+00	1.690783e+00	-3.755889e+00	-3.614823e+00	-1.410658e-01
3.660000e-01	-1.738424e+00	1.691951e+00	-3.759209e+00	-3.618028e+00	-1.411807e-01
3.670000e-01	-1.739943e+00	1.693132e+00	-3.762446e+00	-3.621166e+00	-1.412798e-01
3.680000e-01	-1.741342e+00	1.694207e+00	-3.765396e+00	-3.624040e+00	-1.413561e-01
3.690000e-01	-1.742617e+00	1.695217e+00	-3.768055e+00	-3.626645e+00	-1.414102e-01
3.700000e-01	-1.743698e+00	1.696069e+00	-3.770249e+00	-3.628823e+00	-1.414262e-01
3.710000e-01	-1.744583e+00	1.696801e+00	-3.771993e+00	-3.630579e+00	-1.414142e-01
3.720000e-01	-1.745222e+00	1.697348e+00	-3.773173e+00	-3.631809e+00	-1.413639e-01
3.730000e-01	-1.745631e+00	1.697737e+00	-3.773831e+00	-3.632547e+00	-1.412841e-01
3.740000e-01	-1.745777e+00	1.697923e+00	-3.773895e+00	-3.632724e+00	-1.411705e-01
3.750000e-01	-1.745674e+00	1.697931e+00	-3.773423e+00	-3.632386e+00	-1.410375e-01
3.760000e-01	-1.745312e+00	1.697734e+00	-3.772396e+00	-3.631510e+00	-1.408854e-01
3.770000e-01	-1.744731e+00	1.697376e+00	-3.770910e+00	-3.630186e+00	-1.407237e-01
3.780000e-01	-1.743917e+00	1.696823e+00	-3.768942e+00	-3.628388e+00	-1.405535e-01
3.790000e-01	-1.742940e+00	1.696143e+00	-3.766654e+00	-3.626267e+00	-1.403874e-01
3.800000e-01	-1.741812e+00	1.695328e+00	-3.764078e+00	-3.623851e+00	-1.402272e-01
3.810000e-01	-1.740594e+00	1.694439e+00	-3.761336e+00	-3.621262e+00	-1.400737e-01
3.820000e-01	-1.739306e+00	1.693473e+00	-3.758476e+00	-3.618543e+00	-1.399322e-01
3.830000e-01	-1.738019e+00	1.692502e+00	-3.755657e+00	-3.615847e+00	-1.398096e-01
3.840000e-01	-1.736754e+00	1.691526e+00	-3.752935e+00	-3.613222e+00	-1.397131e-01
3.850000e-01	-1.735582e+00	1.690615e+00	-3.750433e+00	-3.610798e+00	-1.396349e-01
3.860000e-01	-1.734516e+00	1.689771e+00	-3.748195e+00	-3.608614e+00	-1.395814e-01
3.870000e-01	-1.733617e+00	1.689054e+00	-3.746330e+00	-3.606782e+00	-1.395479e-01
3.880000e-01	-1.732880e+00	1.688445e+00	-3.744854e+00	-3.605307e+00	-1.395465e-01
3.890000e-01	-1.732358e+00	1.687996e+00	-3.743858e+00	-3.604287e+00	-1.395714e-01
3.900000e-01	-1.732038e+00	1.687689e+00	-3.743322e+00	-3.603699e+00	-1.396229e-01
3.910000e-01	-1.731945e+00	1.687557e+00	-3.743278e+00	-3.603584e+00	-1.396937e-01
3.920000e-01	-1.732060e+00	1.687579e+00	-3.743694e+00	-3.603907e+00	-1.397864e-01
3.930000e-01	-1.732391e+00	1.687771e+00	-3.744561e+00	-3.604672e+00	-1.398896e-01
3.940000e-01	-1.732921e+00	1.688115e+00	-3.745853e+00	-3.605848e+00	-1.400053e-01
3.950000e-01	-1.733635e+00	1.688611e+00	-3.747513e+00	-3.607392e+00	-1.401217e-01
3.960000e-01	-1.734494e+00	1.689226e+00	-3.749465e+00	-3.609227e+00	-1.402382e-01
3.970000e-01	-1.735461e+00	1.689937e+00	-3.751617e+00	-3.611269e+00	-1.403474e-01
3.980000e-01	-1.736498e+00	1.690709e+00	-3.753899e+00	-3.613447e+00	-1.404515e-01
3.990000e-01	-1.737574e+00	1.691527e+00	-3.756229e+00	-3.615688e+00	-1.405404e-01
4.000000e-01	-1.738619e+00	1.692323e+00	-3.758486e+00	-3.617862e+00	-1.406242e-01
4.010000e-01	-1.739602e+00	1.693078e+00	-3.760587e+00	-3.619896e+00	-1.406914e-01
4.020000e-01	-1.740490e+00	1.693765e+00	-3.762466e+00	-3.621723e+00	-1.407434e-01
4.030000e-01	-1.741263e+00	1.694374e+00	-3.764072e+00	-3.623299e+00	-1.407726e-01
4.040000e-01	-1.741900e+00	1.694884e+00	-3.765368e+00	-3.624584e+00	-1.407837e-01
4.050000e-01	-1.742373e+00	1.695280e+00	-3.766269e+00	-3.625507e+00	-1.407616e-01
4.060000e-01	-1.742673e+00	1.695548e+00	-3.766800e+00	-3.626073e+00	-1.407263e-01
4.070000e-01	-1.742792e+00	1.695686e+00	-3.766915e+00	-3.626250e+00	-1.406652e-01
4.080000e-01	-1.742737e+00	1.695691e+00	-3.766664e+00	-3.626069e+00	-1.405944e-01
4.090000e-01	-1.742503e+00	1.695561e+00	-3.766011e+00	-3.625508e+00	-1.405023e-01
4.100000e-01	-1.742103e+00	1.695300e+00	-3.765028e+00	-3.624617e+00	-1.404106e-01
4.110000e-01	-1.741548e+00	1.694921e+00	-3.763698e+00	-3.623398e+00	-1.403008e-01
4.120000e-01	-1.740875e+00	1.694447e+00	-3.762146e+00	-3.621948e+00	-1.401978e-01
4.130000e-01	-1.740112e+00	1.693901e+00	-3.760401e+00	-3.620313e+00	-1.400887e-01
4.140000e-01	-1.739286e+00	1.693297e+00	-3.758565e+00	-3.618569e+00	-1.399960e-01
4.150000e-01	-1.738407e+00	1.692643e+00	-3.756619e+00	-3.616717e+00	-1.399019e-01
4.160000e-01	-1.737513e+00	1.691962e+00	-3.754699e+00	-3.614863e+00	-1.398363e-01
4.170000e-01	-1.736613e+00	1.691264e+00	-3.752775e+00	-3.613001e+00	-1.397744e-01
4.180000e-01	-1.735765e+00	1.690593e+00	-3.751008e+00	-3.611269e+00	-1.397391e-01
4.190000e-01	-1.734993e+00	1.689975e+00	-3.749402e+00	-3.609694e+00	-1.397085e-01
4.200000e-01	-1.734337e+00	1.689442e+00	-3.748082e+00	-3.608378e+00	-1.397041e-01
4.210000e-01	-1.733800e+00	1.688994e+00	-3.747003e+00	-3.607301e+00	-1.397015e-01
4.220000e-01	-1.733419e+00	1.688663e+00	-3.746304e+00	-3.606571e+00	-1.397325e-01
4.230000e-01	-1.733188e+00	1.688443e+00	-3.745917e+00	-3.606147e+00	-1.397703e-01
4.240000e-01	-1.733129e+00	1.688354e+00	-3.745923e+00	-3.606091e+00	-1.398322e-01
4.250000e-01	-1.733206e+00	1.688364e+00	-3.746210e+00	-3.606311e+00	-1.398992e-01
4.260000e-01	-1.733442e+00	1.688496e+00	-3.746858e+00	-3.606871e+00	-1.399870e-01
4.270000e-01	-1.733806e+00	1.688729e+00	-3.747750e+00	-3.607681e+00	-1.400695e-01
4.280000e-01	-1.734318e+00	1.689083e+00	-3.748967e+00	-3.608801e+00	-1.401659e-01
4.290000e-01	-1.734928e+00	1.689519e+00	-3.750355e+00	-3.610106e+00	-1.402497e-01
4.300000e-01	-1.735631e+00	1.690035e+00	-3.751930e+00	-3.611596e+00	-1.403341e-01
4.310000e-01	-1.736374e+00	1.690589e+00	-3.753562e+00	-3.613155e+00	-1.404076e-01
4.320000e-01	-1.737148e+00	1.691175e+00	-3.755264e+00	-3.614780e+00	-1.404839e-01
4.330000e-01	-1.737897e+00	1.691743e+00	-3.756880e+00	-3.616337e+00	-1.405426e-01
4.340000e-01	-1.738630e+00	1.692305e+00	-3.758464e+00	-3.617862e+00	-1.406023e-01
4.350000e-01	-1.739285e+00	1.692813e+00	-3.759850e+00	-3.619210e+00	-1.406399e-01
4.360000e-01	-1.739873e+00	1.693276e+00	-3.761086e+00	-3.620417e+00	-1.406696e-01
4.370000e-01	-1.740352e+00	1.693663e+00	-3.762047e+00	-3.621376e+00	-1.406715e-01
4.380000e-01	-1.740739e+00	1.693985e+00	-3.762819e+00	-3.622148e+00	-1.406706e-01
4.390000e-01	-1.740980e+00	1.694200e+00	-3.763235e+00	-3.622597e+00	-1.406373e-01
4.400000e-01	-1.741104e+00	1.694328e+00	-3.763418e+00	-3.622813e+00	-1.406045e-01
4.410000e-01	-1.741078e+00	1.694342e+00	-3.763247e+00	-3.622702e+00	-1.405456e-01
4.420000e-01	-1.740930e+00	1.694261e+00	-3.762846e+00	-3.622353e+00	-1.404935e-01
4.430000e-01	-1.740656e+00	1.694088e+00	-3.762144e+00	-3.621728e+00	-1.404154e-01
4.440000e-01	-1.740300e+00	1.693849e+00	-3.761303e+00	-3.620951e+00	-1.403520e-01
4.450000e-01	-1.739834e+00	1.693525e+00	-3.760193e+00	-3.619931e+00	-1.402624e-01
4.460000e-01	-1.739309e+00	1.693149e+00	-3.759013e+00	-3.618815e+00	-1.401976e-01
4.470000e-01	-1.738706e+00	1.692709e+00	-3.757642e+00	-3.617527e+00	-1.401150e-01
4.480000e-01	-1.738086e+00	1.692248e+00	-3.756297e+00	-3.616235e+00	-1.400622e-01
4.490000e-01	-1.737443e+00	1.691761e+00	-3.754875e+00	-3.614880e+00	-1.399946e-01
4.500000e-01	-1.736821e+00	1.691284e+00	-3.753564e+00	-3.613603e+00	-1.399610e-01
4.510000e-01	-1.736210e+00	1.690808e+00	-3.752242e+00	-3.612331e+00	-1.399107e-01
4.520000e-01	-1.735664e+00	1.690374e+00	-3.751133e+00	-3.611230e+00	-1.399025e-01
4.530000e-01	-1.735180e+00	1.689982e+00	-3.750127e+00	-3.610244e+00	-1.398835e-01
4.540000e-01	-1.734801e+00	1.689665e+00	-3.749396e+00	-3.609499e+00	-1.398973e-01
4.550000e-01	-1.734506e+00	1.689409e+00	-3.748810e+00	-3.608911e+00	-1.398994e-01
4.560000e-01	-1.734330e+00	1.689243e+00	-3.748540e+00	-3.608600e+00	-1.399401e-01
4.570000e-01	-1.734245e+00	1.689142e+00	-3.748419e+00	-3.608454e+00	-1.399646e-01
4.580000e-01	-1.734303e+00	1.689153e+00	-3.748658e+00	-3.608632e+00	-1.400263e-01
4.590000e-01	-1.734458e+00	1.689242e+00	-3.749049e+00	-3.608983e+00	-1.400661e-01
4.600000e-01	-1.734733e+00	1.689424e+00	-3.749735e+00	-3.609600e+00	-1.401348e-01
4.610000e-01	-1.735083e+00	1.689667e+00	-3.750534e+00	-3.610350e+00	-1.401837e-01
4.620000e-01	-1.735532e+00	1.689991e+00	-3.751579e+00	-3.611321e+00	-1.402578e-01
4.630000e-01	-1.736020e+00	1.690351e+00	-3.752643e+00	-3.612342e+00	-1.403014e-01
4.640000e-01	-1.736566e+00	1.690759e+00	-3.753874e+00	-3.613503e+00	-1.403710e-01
4.650000e-01	-1.737103e+00	1.691162e+00	-3.755024e+00	-3.614614e+00	-1.404093e-01
4.660000e-01	-1.737646e+00	1.691575e+00	-3.756220e+00	-3.615757e+00	-1.404639e-01
4.670000e-01	-1.738151e+00	1.691964e+00	-3.757276e+00	-3.616790e+00	-1.404869e-01
4.680000e-01	-1.738640e+00	1.692343e+00	-3.758338e+00	-3.617809e+00	-1.405291e-01
4.690000e-01	-1.739055e+00	1.692672e+00	-3.759171e+00	-3.618641e+00	-1.405302e-01
4.700000e-01	-1.739421e+00	1.692967e+00	-3.759939e+00	-3.619391e+00	-1.405486e-01
4.710000e-01	-1.739689e+00	1.693193e+00	-3.760431e+00	-3.619905e+00	-1.405261e-01
4.720000e-01	-1.739879e+00	1.693361e+00	-3.760795e+00	-3.620277e+00	-1.405181e-01
4.730000e-01	-1.739967e+00	1.693453e+00	-3.760894e+00	-3.620414e+00	-1.404797e-01
4.740000e-01	-1.739977e+00	1.693486e+00	-3.760874e+00	-3.620414e+00	-1.404599e-01
4.750000e-01	-1.739873e+00	1.693434e+00	-3.760542e+00	-3.620144e+00	-1.403978e-01
4.760000e-01	-1.739693e+00	1.693321e+00	-3.760107e+00	-3.619747e+00	-1.403607e-01
4.770000e-01	-1.739420e+00	1.693137e+00	-3.759427e+00	-3.619134e+00	-1.402929e-01
4.780000e-01	-1.739094e+00	1.692908e+00	-3.758689e+00	-3.618438e+00	-1.402503e-01
4.790000e-01	-1.738707e+00	1.692633e+00	-3.757775e+00	-3.617594e+00	-1.401807e-01
4.800000e-01	-1.738282e+00	1.692322e+00	-3.756851e+00	-3.616707e+00	-1.401435e-01
4.810000e-01	-1.737811e+00	1.691970e+00	-3.755786e+00	-3.615704e+00	-1.400821e-01
4.820000e-01	-1.737347e+00	1.691616e+00	-3.754810e+00	-3.614752e+00	-1.400582e-01
4.830000e-01	-1.736887e+00	1.691265e+00	-3.753794e+00	-3.613784e+00	-1.400097e-01
4.840000e-01	-1.736463e+00	1.690936e+00	-3.752916e+00	-3.612921e+00	-1.399954e-01
4.850000e-01	-1.736060e+00	1.690617e+00	-3.752048e+00	-3.612084e+00	-1.399643e-01
4.860000e-01	-1.735719e+00	1.690340e+00	-3.751377e+00	-3.611407e+00	-1.399701e-01
4.870000e-01	-1.735421e+00	1.690093e+00	-3.750753e+00	-3.610797e+00	-1.399559e-01
4.880000e-01	-1.735214e+00	1.689914e+00	-3.750394e+00	-3.610411e+00	-1.399826e-01
4.890000e-01	-1.735071e+00	1.689781e+00	-3.750124e+00	-3.610133e+00	-1.399906e-01
4.900000e-01	-1.735018e+00	1.689715e+00	-3.750093e+00	-3.610065e+00	-1.400281e-01
4.910000e-01	-1.735036e+00	1.689705e+00	-3.750168e+00	-3.610120e+00	-1.400478e-01
4.920000e-01	-1.735150e+00	1.689770e+00	-3.750496e+00	-3.610398e+00	-1.400981e-01
4.930000e-01	-1.735330e+00	1.689887e+00	-3.750914e+00	-3.610787e+00	-1.401275e-01
4.940000e-01	-1.735600e+00	1.690077e+00	-3.751570e+00	-3.611385e+00	-1.401848e-01
4.950000e-01	-1.735906e+00	1.690297e+00	-3.752245e+00	-3.612029e+00	-1.402167e-01
4.960000e-01	-1.736265e+00	1.690561e+00	-3.753067e+00	-3.612798e+00	-1.402688e-01
4.970000e-01	-1.736630e+00	1.690830e+00	-3.753862e+00	-3.613562e+00	-1.403009e-01
4.980000e-01	-1.737031e+00	1.691130e+00	-3.754762e+00	-3.614412e+00	-1.403505e-01
4.990000e-01	-1.737412e+00	1.691420e+00	-3.755565e+00	-3.615195e+00	-1.403709e-01
5.000000e-01	-1.737798e+00	1.691718e+00	-3.756409e+00	-3.616002e+00	-1.404070e-01
5.010000e-01	-1.738135e+00	1.691980e+00	-3.757104e+00	-3.616687e+00	-1.404168e-01
5.020000e-01	-1.738451e+00	1.692230e+00	-3.757777e+00	-3.617339e+00	-1.404377e-01
5.030000e-01	-1.738710e+00	1.692440e+00	-3.758285e+00	-3.617852e+00	-1.404327e-01
5.040000e-01	-1.738926e+00	1.692620e+00	-3.758729e+00	-3.618290e+00	-1.404387e-01
5.050000e-01	-1.739054e+00	1.692733e+00	-3.758943e+00	-3.618525e+00	-1.404176e-01
5.060000e-01	-1.739130e+00	1.692807e+00	-3.759081e+00	-3.618671e+00	-1.404103e-01
5.070000e-01	-1.739123e+00	1.692820e+00	-3.758994e+00	-3.618620e+00	-1.403743e-01
5.080000e-01	-1.739069e+00	1.692799e+00	-3.758842e+00	-3.618490e+00	-1.403521e-01
5.090000e-01	-1.738939e+00	1.692718e+00	-3.758496e+00	-3.618187e+00	-1.403090e-01
5.100000e-01	-1.738764e+00	1.692602e+00	-3.758089e+00	-3.617809e+00	-1.402803e-01
5.110000e-01	-1.738515e+00	1.692426e+00	-3.757487e+00	-3.617258e+00	-1.402288e-01
5.120000e-01	-1.738243e+00	1.692232e+00	-3.756888e+00	-3.616687e+00	-1.402007e-01
5.130000e-01	-1.737928e+00	1.691999e+00	-3.756171e+00	-3.616013e+00	-1.401575e-01
5.140000e-01	-1.737609e+00	1.691760e+00	-3.755486e+00	-3.615352e+00	-1.401345e-01
5.150000e-01	-1.737265e+00	1.691500e+00	-3.754721e+00	-3.614626e+00	-1.400951e-01
5.160000e-01	-1.736942e+00	1.691253e+00	-3.754046e+00	-3.613965e+00	-1.400811e-01
5.170000e-01	-1.736613e+00	1.690994e+00	-3.753330e+00	-3.613278e+00	-1.400520e-01
5.180000e-01	-1.736338e+00	1.690777e+00	-3.752776e+00	-3.612726e+00	-1.400503e-01
5.190000e-01	-1.736083e+00	1.690572e+00	-3.752238e+00	-3.612202e+00	-1.400358e-01
5.200000e-01	-1.735886e+00	1.690410e+00	-3.751859e+00	-3.611815e+00	-1.400440e-01
5.210000e-01	-1.735718e+00	1.690265e+00	-3.751522e+00	-3.611479e+00	-1.400428e-01
5.220000e-01	-1.735625e+00	1.690177e+00	-3.751384e+00	-3.611317e+00	-1.400670e-01
5.230000e-01	-1.735575e+00	1.690121e+00	-3.751301e+00	-3.611225e+00	-1.400759e-01
5.240000e-01	-1.735610e+00	1.690133e+00	-3.751442e+00	-3.611331e+00	-1.401109e-01
5.250000e-01	-1.735676e+00	1.690166e+00	-3.751611e+00	-3.611482e+00	-1.401289e-01
5.260000e-01	-1.735815e+00	1.690259e+00	-3.751964e+00	-3.611797e+00	-1.401666e-01
5.270000e-01	-1.735983e+00	1.690374e+00	-3.752342e+00	-3.612154e+00	-1.401877e-01
5.280000e-01	-1.736222e+00	1.690548e+00	-3.752905e+00	-3.612675e+00	-1.402310e-01
5.290000e-01	-1.736466e+00	1.690724e+00	-3.753437e+00	-3.613184e+00	-1.402530e-01
5.300000e-01	-1.736752e+00	1.690938e+00	-3.754089e+00	-3.613796e+00	-1.402924e-01
5.310000e-01	-1.737019e+00	1.691137e+00	-3.754656e+00	-3.614347e+00	-1.403090e-01
5.320000e-01	-1.737304e+00	1.691354e+00	-3.755294e+00	-3.614951e+00	-1.403430e-01
5.330000e-01	-1.737563e+00	1.691551e+00	-3.755833e+00	-3.615480e+00	-1.403531e-01
5.340000e-01	-1.737835e+00	1.691764e+00	-3.756427e+00	-3.616048e+00	-1.403789e-01
5.350000e-01	-1.738049e+00	1.691933e+00	-3.756849e+00	-3.616474e+00	-1.403756e-01
5.360000e-01	-1.738254e+00	1.692101e+00	-3.757287e+00	-3.616898e+00	-1.403893e-01
5.370000e-01	-1.738387e+00	1.692210e+00	-3.757525e+00	-3.617150e+00	-1.403758e-01
5.380000e-01	-1.738503e+00	1.692312e+00	-3.757764e+00	-3.617385e+00	-1.403790e-01
5.390000e-01	-1.738548e+00	1.692358e+00	-3.757806e+00	-3.617451e+00	-1.403550e-01
5.400000e-01	-1.738571e+00	1.692391e+00	-3.757839e+00	-3.617490e+00	-1.403489e-01
5.410000e-01	-1.738512e+00	1.692357e+00	-3.757652e+00	-3.617338e+00	-1.403145e-01
5.420000e-01	-1.738434e+00	1.692311e+00	-3.757474e+00	-3.617171e+00	-1.403026e-01
5.430000e-01	-1.738295e+00	1.692215e+00	-3.757122e+00	-3.616856e+00	-1.402662e-01
5.440000e-01	-1.738141e+00	1.692112e+00	-3.756782e+00	-3.616532e+00	-1.402495e-01
5.450000e-01	-1.737930e+00	1.691958e+00	-3.756278e+00	-3.616069e+00	-1.402085e-01
5.460000e-01	-1.737723e+00	1.691807e+00	-3.755837e+00	-3.615641e+00	-1.401958e-01
5.470000e-01	-1.737467e+00	1.691613e+00	-3.755251e+00	-3.615093e+00	-1.401587e-01
5.480000e-01	-1.737243e+00	1.691446e+00	-3.754791e+00	-3.614639e+00	-1.401522e-01
5.490000e-01	-1.736994e+00	1.691252e+00	-3.754235e+00	-3.614112e+00	-1.401240e-01
5.500000e-01	-1.736781e+00	1.691088e+00	-3.753804e+00	-3.613683e+00	-1.401212e-01
5.510000e-01	-1.736559e+00	1.690910e+00	-3.753316e+00	-3.613217e+00	-1.400991e-01
5.520000e-01	-1.736394e+00	1.690780e+00	-3.753003e+00	-3.612895e+00	-1.401077e-01
5.530000e-01	-1.736232e+00	1.690644e+00	-3.752653e+00	-3.612558e+00	-1.400951e-01
5.540000e-01	-1.736139e+00	1.690565e+00	-3.752508e+00	-3.612393e+00	-1.401154e-01
5.550000e-01	-1.736053e+00	1.690486e+00	-3.752327e+00	-3.612216e+00	-1.401109e-01
5.560000e-01	-1.736034e+00	1.690462e+00	-3.752337e+00	-3.612202e+00	-1.401351e-01
5.570000e-01	-1.736024e+00	1.690439e+00	-3.752328e+00	-3.612188e+00	-1.401398e-01
5.580000e-01	-1.736094e+00	1.690483e+00	-3.752537e+00	-3.612362e+00	-1.401750e-01
5.590000e-01	-1.736179e+00	1.690536e+00	-3.752725e+00	-3.612542e+00	-1.401837e-01
5.600000e-01	-1.736330e+00	1.690647e+00	-3.753097e+00	-3.612879e+00	-1.402184e-01
5.610000e-01	-1.736472e+00	1.690745e+00	-3.753400e+00	-3.613172e+00	-1.402281e-01
5.620000e-01	-1.736661e+00	1.690886e+00	-3.753845e+00	-3.613584e+00	-1.402613e-01
5.630000e-01	-1.736843e+00	1.691019e+00	-3.754226e+00	-3.613955e+00	-1.402703e-01
5.640000e-01	-1.737064e+00	1.691189e+00	-3.754736e+00	-3.614432e+00	-1.403036e-01
5.650000e-01	-1.737248e+00	1.691325e+00	-3.755112e+00	-3.614804e+00	-1.403081e-01
5.660000e-01	-1.737456e+00	1.691486e+00	-3.755581e+00	-3.615246e+00	-1.403349e-01
5.670000e-01	-1.737618e+00	1.691609e+00	-3.755904e+00	-3.615570e+00	-1.403343e-01
5.680000e-01	-1.737795e+00	1.691752e+00	-3.756293e+00	-3.615941e+00	-1.403516e-01
5.690000e-01	-1.737917e+00	1.691850e+00	-3.756518e+00	-3.616177e+00	-1.403418e-01
5.700000e-01	-1.738048e+00	1.691961e+00	-3.756795e+00	-3.616445e+00	-1.403497e-01
5.710000e-01	-1.738109e+00	1.692015e+00	-3.756878e+00	-3.616548e+00	-1.403302e-01
5.720000e-01	-1.738164e+00	1.692067e+00	-3.756993e+00	-3.616660e+00	-1.403331e-01
5.730000e-01	-1.738161e+00	1.692073e+00	-3.756946e+00	-3.616634e+00	-1.403118e-01
5.740000e-01	-1.738149e+00	1.692076e+00	-3.756911e+00	-3.616604e+00	-1.403067e-01
5.750000e-01	-1.738076e+00	1.692029e+00	-3.756705e+00	-3.616428e+00	-1.402767e-01
5.760000e-01	-1.737994e+00	1.691976e+00	-3.756528e+00	-3.616258e+00	-1.402700e-01
5.770000e-01	-1.737849e+00	1.691870e+00	-3.756168e+00	-3.615933e+00	-1.402353e-01
5.780000e-01	-1.737720e+00	1.691780e+00	-3.755898e+00	-3.615669e+00	-1.402290e-01
5.790000e-01	-1.737554e+00	1.691656e+00	-3.755511e+00	-3.615310e+00	-1.402012e-01
5.800000e-01	-1.737399e+00	1.691542e+00	-3.755189e+00	-3.614994e+00	-1.401953e-01
5.810000e-01	-1.737213e+00	1.691399e+00	-3.754759e+00	-3.614593e+00	-1.401659e-01
5.820000e-01	-1.737051e+00	1.691275e+00	-3.754436e+00	-3.614269e+00	-1.401668e-01
5.830000e-01	-1.736878e+00	1.691140e+00	-3.754042e+00	-3.613899e+00	-1.401436e-01
5.840000e-01	-1.736753e+00	1.691043e+00	-3.753809e+00	-3.613657e+00	-1.401515e-01
5.850000e-01	-1.736614e+00	1.690931e+00	-3.753498e+00	-3.613363e+00	-1.401345e-01
5.860000e-01	-1.736515e+00	1.690850e+00	-3.753322e+00	-3.613176e+00	-1.401463e-01
5.870000e-01	-1.736413e+00	1.690762e+00	-3.753096e+00	-3.612961e+00	-1.401349e-01
5.880000e-01	-1.736372e+00	1.690725e+00	-3.753062e+00	-3.612904e+00	-1.401586e-01
5.890000e-01	-1.736334e+00	1.690684e+00	-3.752974e+00	-3.612821e+00	-1.401524e-01
5.900000e-01	-1.736360e+00	1.690697e+00	-3.753077e+00	-3.612898e+00	-1.401790e-01
5.910000e-01	-1.736385e+00	1.690707e+00	-3.753124e+00	-3.612947e+00	-1.401767e-01
5.920000e-01	-1.736463e+00	1.690762e+00	-3.753338e+00	-3.613132e+00	-1.402058e-01
5.930000e-01	-1.736544e+00	1.690816e+00	-3.753504e+00	-3.613296e+00	-1.402083e-01
5.940000e-01	-1.736678e+00	1.690916e+00	-3.753837e+00	-3.613596e+00	-1.402411e-01
5.950000e-01	-1.736793e+00	1.690998e+00	-3.754063e+00	-3.613824e+00	-1.402387e-01
5.960000e-01	-1.736946e+00	1.691115e+00	-3.754433e+00	-3.614162e+00	-1.402704e-01
5.970000e-01	-1.737071e+00	1.691205e+00	-3.754679e+00	-3.614410e+00	-1.402686e-01
5.980000e-01	-1.737230e+00	1.691328e+00	-3.755050e+00	-3.614755e+00	-1.402953e-01
5.990000e-01	-1.737358e+00	1.691425e+00	-3.755302e+00	-3.615009e+00	-1.402926e-01
6.000000e-01	-1.737506e+00	1.691542e+00	-3.755644e+00	-3.615328e+00	-1.403162e-01
6.010000e-01	-1.737603e+00	1.691616e+00	-3.755809e+00	-3.615507e+00	-1.403020e-01
6.020000e-01	-1.737714e+00	1.691707e+00	-3.756071e+00	-3.615749e+00	-1.403213e-01
6.030000e-01	-1.737780e+00	1.691762e+00	-3.756171e+00	-3.615865e+00	-1.403056e-01
6.040000e-01	-1.737853e+00	1.691828e+00	-3.756335e+00	-3.616021e+00	-1.403144e-01
6.050000e-01	-1.737873e+00	1.691848e+00	-3.756334e+00	-3.616040e+00	-1.402936e-01
6.060000e-01	-1.737893e+00	1.691870e+00	-3.756386e+00	-3.616086e+00	-1.403000e-01
6.070000e-01	-1.737852e+00	1.691843e+00	-3.756252e+00	-3.615978e+00	-1.402743e-01
6.080000e-01	-1.737823e+00	1.691830e+00	-3.756203e+00	-3.615925e+00	-1.402784e-01
6.090000e-01	-1.737747e+00	1.691777e+00	-3.755997e+00	-3.615745e+00	-1.402515e-01
6.100000e-01	-1.737674e+00	1.691727e+00	-3.755847e+00	-3.615597e+00	-1.402498e-01
6.110000e-01	-1.737559e+00	1.691643e+00	-3.755564e+00	-3.615342e+00	-1.402226e-01
6.120000e-01	-1.737457e+00	1.691570e+00	-3.755361e+00	-3.615137e+00	-1.402234e-01
6.130000e-01	-1.737320e+00	1.691465e+00	-3.755035e+00	-3.614838e+00	-1.401973e-01
6.140000e-01	-1.737216e+00	1.691386e+00	-3.754839e+00	-3.614635e+00	-1.402040e-01
6.150000e-01	-1.737082e+00	1.691281e+00	-3.754527e+00	-3.614345e+00	-1.401819e-01
6.160000e-01	-1.736978e+00	1.691203e+00	-3.754328e+00	-3.614142e+00	-1.401862e-01
6.170000e-01	-1.736855e+00	1.691105e+00	-3.754045e+00	-3.613878e+00	-1.401670e-01
6.180000e-01	-1.736782e+00	1.691048e+00	-3.753924e+00	-3.613744e+00	-1.401806e-01
6.190000e-01	-1.736692e+00	1.690973e+00	-3.753715e+00	-3.613550e+00	-1.401651e-01
6.200000e-01	-1.736650e+00	1.690938e+00	-3.753667e+00	-3.613484e+00	-1.401831e-01
6.210000e-01	-1.736594e+00	1.690886e+00	-3.753531e+00	-3.613360e+00	-1.401716e-01
6.220000e-01	-1.736584e+00	1.690873e+00	-3.753553e+00	-3.613360e+00	-1.401930e-01
6.230000e-01	-1.736576e+00	1.690859e+00	-3.753525e+00	-3.613339e+00	-1.401861e-01
6.240000e-01	-1.736628e+00	1.690897e+00	-3.753680e+00	-3.613468e+00	-1.402121e-01
6.250000e-01	-1.736660e+00	1.690915e+00	-3.753728e+00	-3.613524e+00	-1.402039e-01
6.260000e-01	-1.736743e+00	1.690975e+00	-3.753957e+00	-3.613722e+00	-1.402348e-01
6.270000e-01	-1.736805e+00	1.691016e+00	-3.754069e+00	-3.613840e+00	-1.402296e-01
6.280000e-01	-1.736916e+00	1.691102e+00	-3.754347e+00	-3.614090e+00	-1.402579e-01
6.290000e-01	-1.737001e+00	1.691162e+00	-3.754504e+00	-3.614253e+00	-1.402514e-01
6.300000e-01	-1.737125e+00	1.691259e+00	-3.754808e+00	-3.614529e+00	-1.402795e-01
6.310000e-01	-1.737205e+00	1.691316e+00	-3.754947e+00	-3.614679e+00	-1.402680e-01
6.320000e-01	-1.737320e+00	1.691407e+00	-3.755229e+00	-3.614934e+00	-1.402948e-01
6.330000e-01	-1.737398e+00	1.691467e+00	-3.755360e+00	-3.615078e+00	-1.402814e-01
6.340000e-01	-1.737502e+00	1.691551e+00	-3.755610e+00	-3.615307e+00	-1.403032e-01
6.350000e-01	-1.737553e+00	1.691591e+00	-3.755677e+00	-3.615391e+00	-1.402854e-01
6.360000e-01	-1.737627e+00	1.691655e+00	-3.755860e+00	-3.615557e+00	-1.403028e-01
6.370000e-01	-1.737644e+00	1.691668e+00	-3.755849e+00	-3.615569e+00	-1.402800e-01
6.380000e-01	-1.737689e+00	1.691709e+00	-3.755972e+00	-3.615674e+00	-1.402971e-01
6.390000e-01	-1.737680e+00	1.691705e+00	-3.755902e+00	-3.615631e+00	-1.402711e-01
6.400000e-01	-1.737686e+00	1.691718e+00	-3.755934e+00	-3.615653e+00	-1.402816e-01
6.410000e-01	-1.737631e+00	1.691677e+00	-3.755767e+00	-3.615515e+00	-1.402527e-01
6.420000e-01	-1.737599e+00	1.691660e+00	-3.755725e+00	-3.615461e+00	-1.402636e-01
6.430000e-01	-1.737518e+00	1.691599e+00	-3.755505e+00	-3.615271e+00	-1.402343e-01
6.440000e-01	-1.737469e+00	1.691568e+00	-3.755431e+00	-3.615184e+00	-1.402465e-01
6.450000e-01	-1.737370e+00	1.691490e+00	-3.755173e+00	-3.614956e+00	-1.402166e-01
6.460000e-01	-1.737297e+00	1.691437e+00	-3.755048e+00	-3.614821e+00	-1.402270e-01
6.470000e-01	-1.737186e+00	1.691349e+00	-3.754770e+00	-3.614570e+00	-1.401992e-01
6.480000e-01	-1.737123e+00	1.691306e+00	-3.754674e+00	-3.614460e+00	-1.402138e-01
6.490000e-01	-1.737026e+00	1.691228e+00	-3.754429e+00	-3.614240e+00	-1.401884e-01
6.500000e-01	-1.736972e+00	1.691188e+00	-3.754356e+00	-3.614150e+00	-1.402058e-01
6.510000e-01	-1.736888e+00	1.691119e+00	-3.754141e+00	-3.613958e+00	-1.401826e-01
6.520000e-01	-1.736845e+00	1.691085e+00	-3.754092e+00	-3.613891e+00	-1.402015e-01
6.530000e-01	-1.736783e+00	1.691030e+00	-3.753934e+00	-3.613750e+00	-1.401840e-01
6.540000e-01	-1.736777e+00	1.691025e+00	-3.753972e+00	-3.613763e+00	-1.402086e-01
6.550000e-01	-1.736745e+00	1.690993e+00	-3.753871e+00	-3.613681e+00	-1.401904e-01
6.560000e-01	-1.736766e+00	1.691007e+00	-3.753970e+00	-3.613751e+00	-1.402185e-01
6.570000e-01	-1.736767e+00	1.691001e+00	-3.753943e+00	-3.613739e+00	-1.402045e-01
6.580000e-01	-1.736818e+00	1.691039e+00	-3.754096e+00	-3.613866e+00	-1.402303e-01
6.590000e-01	-1.736849e+00	1.691058e+00	-3.754133e+00	-3.613915e+00	-1.402176e-01
6.600000e-01	-1.736927e+00	1.691119e+00	-3.754348e+00	-3.614101e+00	-1.402467e-01
6.610000e-01	-1.736972e+00	1.691149e+00	-3.754406e+00	-3.614175e+00	-1.402307e-01
6.620000e-01	-1.737055e+00	1.691212e+00	-3.754631e+00	-3.614370e+00	-1.402607e-01
6.630000e-01	-1.737114e+00	1.691255e+00	-3.754726e+00	-3.614477e+00	-1.402485e-01
6.640000e-01	-1.737208e+00	1.691330e+00	-3.754967e+00	-3.614692e+00	-1.402750e-01
6.650000e-01	-1.737260e+00	1.691367e+00	-3.755038e+00	-3.614779e+00	-1.402586e-01
6.660000e-01	-1.737345e+00	1.691435e+00	-3.755255e+00	-3.614972e+00	-1.402826e-01
6.670000e-01	-1.737382e+00	1.691463e+00	-3.755286e+00	-3.615024e+00	-1.402612e-01
6.680000e-01	-1.737453e+00	1.691523e+00	-3.755477e+00	-3.615191e+00	-1.402861e-01
6.690000e-01	-1.737480e+00	1.691545e+00	-3.755491e+00	-3.615226e+00	-1.402652e-01
6.700000e-01	-1.737525e+00	1.691583e+00	-3.755612e+00	-3.615331e+00	-1.402814e-01
6.710000e-01	-1.737523e+00	1.691582e+00	-3.755561e+00	-3.615303e+00	-1.402577e-01
6.720000e-01	-1.737540e+00	1.691600e+00	-3.755634e+00	-3.615357e+00	-1.402766e-01
6.730000e-01	-1.737514e+00	1.691583e+00	-3.755526e+00	-3.615277e+00	-1.402488e-01
6.740000e-01	-1.737511e+00	1.691585e+00	-3.755550e+00	-3.615285e+00	-1.402642e-01
6.750000e-01	-1.737466e+00	1.691554e+00	-3.755403e+00	-3.615167e+00	-1.402356e-01
6.760000e-01	-1.737435e+00	1.691534e+00	-3.755367e+00	-3.615119e+00	-1.402483e-01
6.770000e-01	-1.737364e+00	1.691480e+00	-3.755169e+00	-3.614948e+00	-1.402209e-01
6.780000e-01	-1.737324e+00	1.691452e+00	-3.755124e+00	-3.614886e+00	-1.402379e-01
6.790000e-01	-1.737248e+00	1.691392e+00	-3.754917e+00	-3.614707e+00	-1.402105e-01
6.800000e-01	-1.737204e+00	1.691361e+00	-3.754860e+00	-3.614634e+00	-1.402264e-01
6.810000e-01	-1.737126e+00	1.691300e+00	-3.754656e+00	-3.614454e+00	-1.402018e-01
6.820000e-01	-1.737076e+00	1.691261e+00	-3.754583e+00	-3.614367e+00	-1.402157e-01
6.830000e-01	-1.737009e+00	1.691208e+00	-3.754407e+00	-3.614212e+00	-1.401946e-01
6.840000e-01	-1.736983e+00	1.691189e+00	-3.754395e+00	-3.614181e+00	-1.402140e-01
6.850000e-01	-1.736930e+00	1.691144e+00	-3.754249e+00	-3.614054e+00	-1.401945e-01
6.860000e-01	-1.736909e+00	1.691125e+00	-3.754247e+00	-3.614033e+00	-1.402144e-01
6.870000e-01	-1.736874e+00	1.691094e+00	-3.754148e+00	-3.613948e+00	-1.402001e-01
6.880000e-01	-1.736878e+00	1.691096e+00	-3.754196e+00	-3.613976e+00	-1.402204e-01
6.890000e-01	-1.736869e+00	1.691086e+00	-3.754155e+00	-3.613947e+00	-1.402081e-01
6.900000e-01	-1.736901e+00	1.691109e+00	-3.754258e+00	-3.614030e+00	-1.402283e-01
6.910000e-01	-1.736909e+00	1.691111e+00	-3.754251e+00	-3.614035e+00	-1.402164e-01
6.920000e-01	-1.736954e+00	1.691145e+00	-3.754391e+00	-3.614150e+00	-1.402410e-01
6.930000e-01	-1.736983e+00	1.691163e+00	-3.754429e+00	-3.614198e+00	-1.402318e-01
6.940000e-01	-1.737044e+00	1.691210e+00	-3.754591e+00	-3.614339e+00	-1.402513e-01
6.950000e-01	-1.737081e+00	1.691235e+00	-3.754646e+00	-3.614404e+00	-1.402426e-01
6.960000e-01	-1.737149e+00	1.691289e+00	-3.754823e+00	-3.614561e+00	-1.402621e-01
6.970000e-01	-1.737182e+00	1.691312e+00	-3.754865e+00	-3.614615e+00	-1.402502e-01
6.980000e-01	-1.737247e+00	1.691363e+00	-3.755035e+00	-3.614764e+00	-1.402704e-01
6.990000e-01	-1.737285e+00	1.691392e+00	-3.755088e+00	-3.614829e+00	-1.402590e-01
7.000000e-01	-1.737339e+00	1.691437e+00	-3.755227e+00	-3.614953e+00	-1.402742e-01
7.010000e-01	-1.737359e+00	1.691451e+00	-3.755238e+00	-3.614978e+00	-1.402598e-01
7.020000e-01	-1.737401e+00	1.691486e+00	-3.755351e+00	-3.615076e+00	-1.402749e-01
7.030000e-01	-1.737408e+00	1.691491e+00	-3.755332e+00	-3.615074e+00	-1.402577e-01
7.040000e-01	-1.737438e+00	1.691519e+00	-3.755421e+00	-3.615148e+00	-1.402726e-01
7.050000e-01	-1.737430e+00	1.691514e+00	-3.755366e+00	-3.615113e+00	-1.402534e-01
7.060000e-01	-1.737432e+00	1.691519e+00	-3.755392e+00	-3.615128e+00	-1.402638e-01
7.070000e-01	-1.737396e+00	1.691493e+00	-3.755275e+00	-3.615034e+00	-1.402412e-01
7.080000e-01	-1.737391e+00	1.691494e+00	-3.755289e+00	-3.615036e+00	-1.402536e-01
7.090000e-01	-1.737347e+00	1.691460e+00	-3.755156e+00	-3.614925e+00	-1.402312e-01
7.100000e-01	-1.737326e+00	1.691445e+00	-3.755145e+00	-3.614898e+00	-1.402464e-01
7.110000e-01	-1.737270e+00	1.691402e+00	-3.754986e+00	-3.614763e+00	-1.402225e-01
7.120000e-01	-1.737235e+00	1.691378e+00	-3.754936e+00	-3.614703e+00	-1.402331e-01
7.130000e-01	-1.737177e+00	1.691332e+00	-3.754781e+00	-3.614567e+00	-1.402139e-01
7.140000e-01	-1.737154e+00	1.691316e+00	-3.754767e+00	-3.614538e+00	-1.402298e-01
7.150000e-01	-1.737097e+00	1.691271e+00	-3.754605e+00	-3.614400e+00	-1.402059e-01
7.160000e-01	-1.737073e+00	1.691253e+00	-3.754593e+00	-3.614369e+00	-1.402237e-01
7.170000e-01	-1.737020e+00	1.691209e+00	-3.754447e+00	-3.614243e+00	-1.402041e-01
7.180000e-01	-1.737003e+00	1.691196e+00	-3.754449e+00	-3.614227e+00	-1.402211e-01
7.190000e-01	-1.736969e+00	1.691167e+00	-3.754346e+00	-3.614142e+00	-1.402045e-01
7.200000e-01	-1.736975e+00	1.691173e+00	-3.754401e+00	-3.614175e+00	-1.402256e-01
7.210000e-01	-1.736952e+00	1.691152e+00	-3.754317e+00	-3.614111e+00	-1.402063e-01
7.220000e-01	-1.736965e+00	1.691161e+00	-3.754386e+00	-3.614158e+00	-1.402282e-01
7.230000e-01	-1.736963e+00	1.691156e+00	-3.754354e+00	-3.614140e+00	-1.402143e-01
7.240000e-01	-1.736995e+00	1.691180e+00	-3.754466e+00	-3.614228e+00	-1.402375e-01
7.250000e-01	-1.737002e+00	1.691182e+00	-3.754448e+00	-3.614226e+00	-1.402221e-01
7.260000e-01	-1.737046e+00	1.691216e+00	-3.754584e+00	-3.614338e+00	-1.402460e-01
7.270000e-01	-1.737059e+00	1.691223e+00	-3.754573e+00	-3.614345e+00	-1.402277e-01
7.280000e-01	-1.737112e+00	1.691265e+00	-3.754733e+00	-3.614479e+00	-1.402539e-01
7.290000e-01	-1.737139e+00	1.691283e+00	-3.754756e+00	-3.614517e+00	-1.402394e-01
7.300000e-01	-1.737192e+00	1.691326e+00	-3.754901e+00	-3.614642e+00	-1.402588e-01
7.310000e-01	-1.737209e+00	1.691337e+00	-3.754901e+00	-3.614660e+00	-1.402413e-01
7.320000e-01	-1.737260e+00	1.691380e+00	-3.755051e+00	-3.614786e+00	-1.402653e-01
7.330000e-01	-1.737273e+00	1.691387e+00	-3.755043e+00	-3.614795e+00	-1.402482e-01
7.340000e-01	-1.737319e+00	1.691425e+00	-3.755175e+00	-3.614906e+00	-1.402688e-01
7.350000e-01	-1.737327e+00	1.691431e+00	-3.755155e+00	-3.614904e+00	-1.402506e-01
7.360000e-01	-1.737353e+00	1.691453e+00	-3.755240e+00	-3.614973e+00	-1.402671e-01
7.370000e-01	-1.737343e+00	1.691446e+00	-3.755177e+00	-3.614932e+00	-1.402453e-01
7.380000e-01	-1.737364e+00	1.691466e+00	-3.755256e+00	-3.614992e+00	-1.402641e-01
7.390000e-01	-1.737348e+00	1.691455e+00	-3.755178e+00	-3.614937e+00	-1.402408e-01
7.400000e-01	-1.737353e+00	1.691463e+00	-3.755222e+00	-3.614964e+00	-1.402578e-01
7.410000e-01	-1.737322e+00	1.691437e+00	-3.755117e+00	-3.614881e+00	-1.402361e-01
7.420000e-01	-1.737312e+00	1.691431e+00	-3.755126e+00	-3.614875e+00	-1.402513e-01
7.430000e-01	-1.737270e+00	1.691398e+00	-3.754994e+00	-3.614767e+00	-1.402274e-01
7.440000e-01	-1.737263e+00	1.691397e+00	-3.755018e+00	-3.614771e+00	-1.402463e-01
7.450000e-01	-1.737212e+00	1.691357e+00	-3.754864e+00	-3.614645e+00	-1.402197e-01
7.460000e-01	-1.737196e+00	1.691346e+00	-3.754867e+00	-3.614629e+00	-1.402375e-01
7.470000e-01	-1.737147e+00	1.691307e+00	-3.754723e+00	-3.614509e+00	-1.402141e-01
7.480000e-01	-1.737134e+00	1.691299e+00	-3.754738e+00	-3.614503e+00	-1.402350e-01
7.490000e-01	-1.737090e+00	1.691263e+00	-3.754600e+00	-3.614390e+00	-1.402099e-01
7.500000e-01	-1.737083e+00	1.691258e+00	-3.754629e+00	-3.614398e+00	-1.402313e-01
7.510000e-01	-1.737044e+00	1.691224e+00	-3.754501e+00	-3.614294e+00	-1.402068e-01
7.520000e-01	-1.737042e+00	1.691224e+00	-3.754547e+00	-3.614315e+00	-1.402320e-01
7.530000e-01	-1.737019e+00	1.691203e+00	-3.754459e+00	-3.614248e+00	-1.402106e-01
7.540000e-01	-1.737030e+00	1.691213e+00	-3.754530e+00	-3.614295e+00	-1.402345e-01
7.550000e-01	-1.737014e+00	1.691196e+00	-3.754449e+00	-3.614238e+00	-1.402110e-01
7.560000e-01	-1.737038e+00	1.691217e+00	-3.754554e+00	-3.614316e+00	-1.402388e-01
7.570000e-01	-1.737029e+00	1.691206e+00	-3.754487e+00	-3.614272e+00	-1.402148e-01
7.580000e-01	-1.737064e+00	1.691233e+00	-3.754617e+00	-3.614372e+00	-1.402448e-01
7.590000e-01	-1.737071e+00	1.691235e+00	-3.754587e+00	-3.614364e+00	-1.402230e-01
7.600000e-01	-1.737111e+00	1.691269e+00	-3.754723e+00	-3.614473e+00	-1.402503e-01
7.610000e-01	-1.737115e+00	1.691267e+00	-3.754683e+00	-3.614456e+00	-1.402269e-01
7.620000e-01	-1.737157e+00	1.691301e+00	-3.754824e+00	-3.614569e+00	-1.402547e-01
7.630000e-01	-1.737166e+00	1.691307e+00	-3.754790e+00	-3.614561e+00	-1.402295e-01
7.640000e-01	-1.737213e+00	1.691346e+00	-3.754946e+00	-3.614686e+00	-1.402602e-01
7.650000e-01	-1.737220e+00	1.691349e+00	-3.754914e+00	-3.614677e+00	-1.402368e-01
7.660000e-01	-1.737257e+00	1.691378e+00	-3.755038e+00	-3.614776e+00	-1.402621e-01
7.670000e-01	-1.737254e+00	1.691374e+00	-3.754981e+00	-3.614745e+00	-1.402364e-01
7.680000e-01	-1.737293e+00	1.691409e+00	-3.755114e+00	-3.614850e+00	-1.402640e-01
7.690000e-01	-1.737286e+00	1.691403e+00	-3.755043e+00	-3.614808e+00	-1.402350e-01
7.700000e-01	-1.737313e+00	1.691427e+00	-3.755148e+00	-3.614887e+00	-1.402604e-01
7.710000e-01	-1.737300e+00	1.691415e+00	-3.755066e+00	-3.614833e+00	-1.402329e-01
7.720000e-01	-1.737310e+00	1.691427e+00	-3.755133e+00	-3.614877e+00	-1.402567e-01
7.730000e-01	-1.737283e+00	1.691404e+00	-3.755023e+00	-3.614795e+00	-1.402288e-01
7.740000e-01	-1.737293e+00	1.691415e+00	-3.755090e+00	-3.614838e+00	-1.402524e-01
7.750000e-01	-1.737257e+00	1.691386e+00	-3.754956e+00	-3.614735e+00	-1.402205e-01
7.760000e-01	-1.737260e+00	1.691393e+00	-3.755015e+00	-3.614768e+00	-1.402471e-01
7.770000e-01	-1.737219e+00	1.691359e+00	-3.754874e+00	-3.614656e+00	-1.402180e-01
7.780000e-01	-1.737219e+00	1.691363e+00	-3.754923e+00	-3.614680e+00	-1.402422e-01
7.790000e-01	-1.737179e+00	1.691330e+00	-3.754785e+00	-3.614572e+00	-1.402132e-01
7.800000e-01	-1.737180e+00	1.691334e+00	-3.754843e+00	-3.614602e+00	-1.402410e-01
7.810000e-01	-1.737130e+00	1.691290e+00	-3.754680e+00	-3.614470e+00	-1.402101e-01
7.820000e-01	-1.737129e+00	1.691291e+00	-3.754737e+00	-3.614497e+00	-1.402394e-01
7.830000e-01	-1.737092e+00	1.691259e+00	-3.754604e+00	-3.614394e+00	-1.402105e-01
7.840000e-01	-1.737098e+00	1.691267e+00	-3.754673e+00	-3.614434e+00	-1.402387e-01
7.850000e-01	-1.737065e+00	1.691237e+00	-3.754548e+00	-3.614339e+00	-1.402090e-01
7.860000e-01	-1.737079e+00	1.691251e+00	-3.754635e+00	-3.614397e+00	-1.402386e-01
7.870000e-01	-1.737056e+00	1.691230e+00	-3.754531e+00	-3.614322e+00	-1.402092e-01
7.880000e-01	-1.737074e+00	1.691245e+00	-3.754637e+00	-3.614393e+00	-1.402443e-01
7.890000e-01	-1.737062e+00	1.691232e+00	-3.754557e+00	-3.614341e+00	-1.402162e-01
7.900000e-01	-1.737085e+00	1.691249e+00	-3.754662e+00	-3.614415e+00	-1.402463e-01
7.910000e-01	-1.737075e+00	1.691238e+00	-3.754587e+00	-3.614368e+00	-1.402184e-01
7.920000e-01	-1.737114e+00	1.691271e+00	-3.754734e+00	-3.614481e+00	-1.402532e-01
7.930000e-01	-1.737107e+00	1.691263e+00	-3.754659e+00	-3.614437e+00	-1.402222e-01
7.940000e-01	-1.737144e+00	1.691294e+00	-3.754800e+00	-3.614544e+00	-1.402556e-01
7.950000e-01	-1.737142e+00	1.691289e+00	-3.754735e+00	-3.614510e+00	-1.402252e-01
7.960000e-01	-1.737185e+00	1.691325e+00	-3.754884e+00	-3.614627e+00	-1.402575e-01
7.970000e-01	-1.737177e+00	1.691315e+00	-3.754812e+00	-3.614583e+00	-1.402288e-01
7.980000e-01	-1.737223e+00	1.691354e+00	-3.754971e+00	-3.614708e+00	-1.402630e-01
7.990000e-01	-1.737215e+00	1.691345e+00	-3.754891e+00	-3.614661e+00	-1.402305e-01
8.000000e-01	-1.737245e+00	1.691371e+00	-3.755014e+00	-3.614752e+00	-1.402620e-01
8.010000e-01	-1.737236e+00	1.691360e+00	-3.754936e+00	-3.614704e+00	-1.402323e-01
8.020000e-01	-1.737263e+00	1.691385e+00	-3.755049e+00	-3.614787e+00	-1.402620e-01
8.030000e-01	-1.737250e+00	1.691374e+00	-3.754960e+00	-3.614730e+00	-1.402301e-01
8.040000e-01	-1.737275e+00	1.691398e+00	-3.755071e+00	-3.614810e+00	-1.402607e-01
8.050000e-01	-1.737255e+00	1.691380e+00	-3.754968e+00	-3.614739e+00	-1.402285e-01
8.060000e-01	-1.737269e+00	1.691393e+00	-3.755053e+00	-3.614795e+00	-1.402582e-01
8.070000e-01	-1.737240e+00	1.691370e+00	-3.754928e+00	-3.614704e+00	-1.402238e-01
8.080000e-01	-1.737249e+00	1.691382e+00	-3.755006e+00	-3.614753e+00	-1.402537e-01
8.090000e-01	-1.737218e+00	1.691355e+00	-3.754881e+00	-3.614659e+00	-1.402226e-01
8.100000e-01	-1.737226e+00	1.691366e+00	-3.754953e+00	-3.614703e+00	-1.402499e-01
8.110000e-01	-1.737189e+00	1.691334e+00	-3.754807e+00	-3.614592e+00	-1.402149e-01
8.120000e-01	-1.737190e+00	1.691338e+00	-3.754873e+00	-3.614626e+00	-1.402466e-01
8.130000e-01	-1.737149e+00	1.691302e+00	-3.754726e+00	-3.614511e+00	-1.402141e-01
8.140000e-01	-1.737154e+00	1.691308e+00	-3.754799e+00	-3.614554e+00	-1.402454e-01
8.150000e-01	-1.737124e+00	1.691283e+00	-3.754674e+00	-3.614461e+00	-1.402130e-01
8.160000e-01	-1.737134e+00	1.691295e+00	-3.754755e+00	-3.614512e+00	-1.402430e-01
8.170000e-01	-1.737104e+00	1.691268e+00	-3.754629e+00	-3.614418e+00	-1.402107e-01
8.180000e-01	-1.737116e+00	1.691280e+00	-3.754719e+00	-3.614476e+00	-1.402434e-01
8.190000e-01	-1.737093e+00	1.691259e+00	-3.754610e+00	-3.614398e+00	-1.402119e-01
8.200000e-01	-1.737108e+00	1.691274e+00	-3.754703e+00	-3.614460e+00	-1.402432e-01
8.210000e-01	-1.737084e+00	1.691249e+00	-3.754597e+00	-3.614382e+00	-1.402145e-01
8.220000e-01	-1.737105e+00	1.691267e+00	-3.754704e+00	-3.614457e+00	-1.402472e-01
8.230000e-01	-1.737090e+00	1.691252e+00	-3.754612e+00	-3.614396e+00	-1.402164e-01
8.240000e-01	-1.737121e+00	1.691280e+00	-3.754744e+00	-3.614493e+00	-1.402505e-01
8.250000e-01	-1.737115e+00	1.691271e+00	-3.754672e+00	-3.614451e+00	-1.402212e-01
8.260000e-01	-1.737145e+00	1.691297e+00	-3.754793e+00	-3.614541e+00	-1.402510e-01
8.270000e-01	-1.737135e+00	1.691285e+00	-3.754713e+00	-3.614491e+00	-1.402215e-01
8.280000e-01	-1.737173e+00	1.691319e+00	-3.754857e+00	-3.614601e+00	-1.402556e-01
8.290000e-01	-1.737167e+00	1.691310e+00	-3.754786e+00	-3.614560e+00	-1.402263e-01
8.300000e-01	-1.737202e+00	1.691340e+00	-3.754919e+00	-3.614661e+00	-1.402578e-01
8.310000e-01	-1.737194e+00	1.691331e+00	-3.754841e+00	-3.614615e+00	-1.402265e-01
8.320000e-01	-1.737223e+00	1.691358e+00	-3.754963e+00	-3.614704e+00	-1.402582e-01
8.330000e-01	-1.737212e+00	1.691346e+00	-3.754882e+00	-3.614653e+00	-1.402289e-01
8.340000e-01	-1.737244e+00	1.691374e+00	-3.755008e+00	-3.614748e+00	-1.402600e-01
8.350000e-01	-1.737231e+00	1.691361e+00	-3.754916e+00	-3.614688e+00	-1.402272e-01
8.360000e-01	-1.737254e+00	1.691383e+00	-3.755025e+00	-3.614767e+00	-1.402587e-01
8.370000e-01	-1.737234e+00	1.691365e+00	-3.754924e+00	-3.614696e+00	-1.402274e-01
8.380000e-01	-1.737253e+00	1.691383e+00	-3.755017e+00	-3.614761e+00	-1.402558e-01
8.390000e-01	-1.737233e+00	1.691365e+00	-3.754913e+00	-3.614689e+00	-1.402238e-01
8.400000e-01	-1.737252e+00	1.691385e+00	-3.755013e+00	-3.614758e+00	-1.402548e-01
8.410000e-01	-1.737224e+00	1.691360e+00	-3.754891e+00	-3.614669e+00	-1.402215e-01
8.420000e-01	-1.737231e+00	1.691369e+00	-3.754965e+00	-3.614714e+00	-1.402516e-01
8.430000e-01	-1.737205e+00	1.691347e+00	-3.754849e+00	-3.614629e+00	-1.402196e-01
8.440000e-01	-1.737214e+00	1.691357e+00	-3.754928e+00	-3.614678e+00	-1.402500e-01
8.450000e-01	-1.737182e+00	1.691329e+00	-3.754802e+00	-3.614583e+00	-1.402185e-01
8.460000e-01	-1.737189e+00	1.691336e+00	-3.754879e+00	-3.614629e+00	-1.402501e-01
8.470000e-01	-1.737153e+00	1.691304e+00	-3.754741e+00	-3.614524e+00	-1.402175e-01
8.480000e-01	-1.737165e+00	1.691317e+00	-3.754832e+00	-3.614581e+00	-1.402504e-01
8.490000e-01	-1.737142e+00	1.691297e+00	-3.754722e+00	-3.614503e+00	-1.402189e-01
8.500000e-01	-1.737153e+00	1.691308e+00	-3.754799e+00	-3.614552e+00	-1.402463e-01
8.510000e-01	-1.737126e+00	1.691284e+00	-3.754680e+00	-3.614466e+00	-1.402140e-01
8.520000e-01	-1.737140e+00	1.691298e+00	-3.754775e+00	-3.614528e+00	-1.402474e-01
8.530000e-01	-1.737119e+00	1.691278e+00	-3.754672e+00	-3.614455e+00	-1.402168e-01
8.540000e-01	-1.737138e+00	1.691293e+00	-3.754776e+00	-3.614526e+00	-1.402505e-01
8.550000e-01	-1.737124e+00	1.691280e+00	-3.754687e+00	-3.614467e+00	-1.402193e-01
8.560000e-01	-1.737144e+00	1.691298e+00	-3.754787e+00	-3.614538e+00	-1.402494e-01
8.570000e-01	-1.737128e+00	1.691283e+00	-3.754694e+00	-3.614475e+00	-1.402187e-01
8.580000e-01	-1.737158e+00	1.691308e+00	-3.754820e+00	-3.614568e+00	-1.402521e-01
8.590000e-01	-1.737147e+00	1.691296e+00	-3.754733e+00	-3.614513e+00	-1.402201e-01
8.600000e-01	-1.737174e+00	1.691321e+00	-3.754856e+00	-3.614603e+00	-1.402539e-01
8.610000e-01	-1.737163e+00	1.691308e+00	-3.754772e+00	-3.614549e+00	-1.402234e-01
8.620000e-01	-1.737186e+00	1.691328e+00	-3.754878e+00	-3.614625e+00	-1.402536e-01
8.630000e-01	-1.737175e+00	1.691316e+00	-3.754795e+00	-3.614572e+00	-1.402229e-01
8.640000e-01	-1.737207e+00	1.691346e+00	-3.754928e+00	-3.614672e+00	-1.402567e-01
8.650000e-01	-1.737196e+00	1.691333e+00	-3.754838e+00	-3.614615e+00	-1.402235e-01
8.660000e-01	-1.737221e+00	1.691356e+00	-3.754954e+00	-3.614698e+00	-1.402558e-01
8.670000e-01	-1.737207e+00	1.691343e+00	-3.754861e+00	-3.614638e+00	-1.402231e-01
8.680000e-01	-1.737229e+00	1.691364e+00	-3.754966e+00	-3.614713e+00	-1.402537e-01
8.690000e-01	-1.737212e+00	1.691347e+00	-3.754870e+00	-3.614647e+00	-1.402228e-01
8.700000e-01	-1.737235e+00	1.691368e+00	-3.754980e+00	-3.614725e+00	-1.402553e-01
8.710000e-01	-1.737213e+00	1.691348e+00	-3.754865e+00	-3.614646e+00	-1.402198e-01
8.720000e-01	-1.737228e+00	1.691364e+00	-3.754960e+00	-3.614708e+00	-1.402516e-01
8.730000e-01	-1.737207e+00	1.691345e+00	-3.754854e+00	-3.614634e+00	-1.402197e-01
8.740000e-01	-1.737221e+00	1.691359e+00	-3.754942e+00	-3.614692e+00	-1.402503e-01
8.750000e-01	-1.737194e+00	1.691336e+00	-3.754819e+00	-3.614603e+00	-1.402160e-01
8.760000e-01	-1.737208e+00	1.691351e+00	-3.754913e+00	-3.614665e+00	-1.402482e-01
8.770000e-01	-1.737176e+00	1.691323e+00	-3.754776e+00	-3.614564e+00	-1.402121e-01
8.780000e-01	-1.737188e+00	1.691335e+00	-3.754866e+00	-3.614621e+00	-1.402452e-01
8.790000e-01	-1.737163e+00	1.691313e+00	-3.754750e+00	-3.614538e+00	-1.402121e-01
8.800000e-01	-1.737173e+00	1.691323e+00	-3.754834e+00	-3.614590e+00	-1.402443e-01
8.810000e-01	-1.737144e+00	1.691298e+00	-3.754711e+00	-3.614500e+00	-1.402113e-01
8.820000e-01	-1.737157e+00	1.691310e+00	-3.754801e+00	-3.614557e+00	-1.402440e-01
8.830000e-01	-1.737133e+00	1.691290e+00	-3.754686e+00	-3.614476e+00	-1.402097e-01
8.840000e-01	-1.737152e+00	1.691307e+00	-3.754794e+00	-3.614549e+00	-1.402452e-01
8.850000e-01	-1.737130e+00	1.691286e+00	-3.754685e+00	-3.614472e+00	-1.402125e-01
8.860000e-01	-1.737145e+00	1.691299e+00	-3.754777e+00	-3.614533e+00	-1.402442e-01
8.870000e-01	-1.737121e+00	1.691277e+00	-3.754665e+00	-3.614453e+00	-1.402117e-01
8.880000e-01	-1.737147e+00	1.691302e+00	-3.754786e+00	-3.614540e+00	-1.402465e-01
8.890000e-01	-1.737129e+00	1.691285e+00	-3.754686e+00	-3.614473e+00	-1.402137e-01
8.900000e-01	-1.737153e+00	1.691305e+00	-3.754801e+00	-3.614553e+00	-1.402476e-01
8.910000e-01	-1.737138e+00	1.691291e+00	-3.754704e+00	-3.614491e+00	-1.402139e-01
8.920000e-01	-1.737161e+00	1.691311e+00	-3.754817e+00	-3.614570e+00	-1.402477e-01
8.930000e-01	-1.737148e+00	1.691298e+00	-3.754731e+00	-3.614514e+00	-1.402169e-01
8.940000e-01	-1.737177e+00	1.691323e+00	-3.754857e+00	-3.614606e+00	-1.402510e-01
8.950000e-01	-1.737165e+00	1.691311e+00	-3.754765e+00	-3.614547e+00	-1.402177e-01
8.960000e-01	-1.737191e+00	1.691334e+00	-3.754886e+00	-3.614634e+00	-1.402519e-01
8.970000e-01	-1.737174e+00	1.691317e+00	-3.754787e+00	-3.614568e+00	-1.402191e-01
8.980000e-01	-1.737199e+00	1.691339e+00	-3.754903e+00	-3.614651e+00	-1.402527e-01
8.990000e-01	-1.737184e+00	1.691325e+00	-3.754809e+00	-3.614589e+00	-1.402200e-01
9.000000e-01	-1.737213e+00	1.691351e+00	-3.754932e+00	-3.614679e+00	-1.402530e-01
9.010000e-01	-1.737195e+00	1.691334e+00	-3.754828e+00	-3.614609e+00	-1.402189e-01
9.020000e-01	-1.737216e+00	1.691353e+00	-3.754937e+00	-3.614684e+00	-1.402527e-01
9.030000e-01	-1.737199e+00	1.691338e+00	-3.754837e+00	-3.614618e+00	-1.402193e-01
9.040000e-01	-1.737219e+00	1.691357e+00	-3.754945e+00	-3.614692e+00	-1.402530e-01
9.050000e-01	-1.737198e+00	1.691338e+00	-3.754836e+00	-3.614616e+00	-1.402193e-01
9.060000e-01	-1.737216e+00	1.691354e+00	-3.754935e+00	-3.614683e+00	-1.402514e-01
9.070000e-01	-1.737190e+00	1.691332e+00	-3.754812e+00	-3.614596e+00	-1.402156e-01
9.080000e-01	-1.737206e+00	1.691348e+00	-3.754916e+00	-3.614664e+00	-1.402518e-01
9.090000e-01	-1.737183e+00	1.691326e+00	-3.754804e+00	-3.614585e+00	-1.402187e-01
9.100000e-01	-1.737196e+00	1.691338e+00	-3.754893e+00	-3.614643e+00	-1.402507e-01
9.110000e-01	-1.737166e+00	1.691312e+00	-3.754765e+00	-3.614549e+00	-1.402160e-01
9.120000e-01	-1.737181e+00	1.691328e+00	-3.754863e+00	-3.614613e+00	-1.402503e-01
9.130000e-01	-1.737154e+00	1.691303e+00	-3.754739e+00	-3.614523e+00	-1.402157e-01
9.140000e-01	-1.737171e+00	1.691320e+00	-3.754841e+00	-3.614592e+00	-1.402492e-01
9.150000e-01	-1.737148e+00	1.691300e+00	-3.754722e+00	-3.614509e+00	-1.402132e-01
9.160000e-01	-1.737165e+00	1.691316e+00	-3.754826e+00	-3.614578e+00	-1.402480e-01
9.170000e-01	-1.737137e+00	1.691290e+00	-3.754706e+00	-3.614490e+00	-1.402154e-01
9.180000e-01	-1.737156e+00	1.691307e+00	-3.754813e+00	-3.614563e+00	-1.402505e-01
9.190000e-01	-1.737134e+00	1.691286e+00	-3.754699e+00	-3.614484e+00	-1.402153e-01
9.200000e-01	-1.737158e+00	1.691309e+00	-3.754817e+00	-3.614567e+00	-1.402502e-01
9.210000e-01	-1.737140e+00	1.691292e+00	-3.754711e+00	-3.614495e+00	-1.402151e-01
9.220000e-01	-1.737160e+00	1.691311e+00	-3.754819e+00	-3.614570e+00	-1.402489e-01
9.230000e-01	-1.737139e+00	1.691287e+00	-3.754705e+00	-3.614491e+00	-1.402132e-01
9.240000e-01	-1.737168e+00	1.691316e+00	-3.754839e+00	-3.614587e+00	-1.402517e-01
9.250000e-01	-1.737144e+00	1.691290e+00	-3.754712e+00	-3.614500e+00	-1.402117e-01
9.260000e-01	-1.737168e+00	1.691313e+00	-3.754836e+00	-3.614586e+00	-1.402503e-01
9.270000e-01	-1.737146e+00	1.691289e+00	-3.754709e+00	-3.614501e+00	-1.402084e-01
9.280000e-01	-1.737177e+00	1.691318e+00	-3.754848e+00	-3.614600e+00	-1.402473e-01
9.290000e-01	-1.737161e+00	1.691301e+00	-3.754743e+00	-3.614532e+00	-1.402110e-01
9.300000e-01	-1.737197e+00	1.691334e+00	-3.754899e+00	-3.614646e+00	-1.402530e-01
9.310000e-01	-1.737183e+00	1.691320e+00	-3.754804e+00	-3.614585e+00	-1.402196e-01
9.320000e-01	-1.737210e+00	1.691347e+00	-3.754943e+00	-3.614681e+00	-1.402614e-01
9.330000e-01	-1.737194e+00	1.691332e+00	-3.754842e+00	-3.614615e+00	-1.402276e-01
9.340000e-01	-1.737218e+00	1.691355e+00	-3.754963e+00	-3.614699e+00	-1.402636e-01
9.350000e-01	-1.737197e+00	1.691336e+00	-3.754843e+00	-3.614618e+00	-1.402248e-01
9.360000e-01	-1.737220e+00	1.691359e+00	-3.754958e+00	-3.614699e+00	-1.402591e-01
9.370000e-01	-1.737189e+00	1.691331e+00	-3.754815e+00	-3.614596e+00	-1.402185e-01
9.380000e-01	-1.737209e+00	1.691349e+00	-3.754927e+00	-3.614672e+00	-1.402550e-01
9.390000e-01	-1.737185e+00	1.691324e+00	-3.754801e+00	-3.614586e+00	-1.402153e-01
9.400000e-01	-1.737206e+00	1.691348e+00	-3.754917e+00	-3.614665e+00	-1.402522e-01
9.410000e-01	-1.737174e+00	1.691316e+00	-3.754765e+00	-3.614557e+00	-1.402083e-01
9.420000e-01	-1.737192e+00	1.691336e+00	-3.754882e+00	-3.614633e+00	-1.402494e-01
9.430000e-01	-1.737159e+00	1.691301e+00	-3.754727e+00	-3.614523e+00	-1.402043e-01
9.440000e-01	-1.737180e+00	1.691324e+00	-3.754859e+00	-3.614609e+00	-1.402494e-01
9.450000e-01	-1.737155e+00	1.691297e+00	-3.754720e+00	-3.614515e+00	-1.402048e-01
9.460000e-01	-1.737177e+00	1.691321e+00	-3.754855e+00	-3.614605e+00	-1.402505e-01
9.470000e-01	-1.737151e+00	1.691294e+00	-3.754717e+00	-3.614509e+00	-1.402072e-01
9.480000e-01	-1.737182e+00	1.691327e+00	-3.754881e+00	-3.614622e+00	-1.402584e-01
9.490000e-01	-1.737156e+00	1.691297e+00	-3.754737e+00	-3.614524e+00	-1.402126e-01
9.500000e-01	-1.737182e+00	1.691325e+00	-3.754889e+00	-3.614627e+00	-1.402625e-01
9.510000e-01	-1.737156e+00	1.691296e+00	-3.754745e+00	-3.614529e+00	-1.402163e-01
9.520000e-01	-1.737179e+00	1.691322e+00	-3.754888e+00	-3.614623e+00	-1.402646e-01
9.530000e-01	-1.737153e+00	1.691292e+00	-3.754741e+00	-3.614523e+00	-1.402181e-01
9.540000e-01	-1.737184e+00	1.691324e+00	-3.754907e+00	-3.614637e+00	-1.402693e-01
9.550000e-01	-1.737162e+00	1.691298e+00	-3.754761e+00	-3.614542e+00	-1.402188e-01
9.560000e-01	-1.737190e+00	1.691328e+00	-3.754919e+00	-3.614650e+00	-1.402695e-01
9.570000e-01	-1.737167e+00	1.691302e+00	-3.754779e+00	-3.614557e+00	-1.402219e-01
9.580000e-01	-1.737193e+00	1.691329e+00	-3.754930e+00	-3.614658e+00	-1.402719e-01
9.590000e-01	-1.737171e+00	1.691302e+00	-3.754791e+00	-3.614566e+00	-1.402247e-01
9.600000e-01	-1.737204e+00	1.691337e+00	-3.754960e+00	-3.614684e+00	-1.402762e-01
9.610000e-01	-1.737182e+00	1.691312e+00	-3.754816e+00	-3.614590e+00	-1.402255e-01
9.620000e-01	-1.737210e+00	1.691342e+00	-3.754973e+00	-3.614697e+00	-1.402760e-01
9.630000e-01	-1.737190e+00	1.691319e+00	-3.754832e+00	-3.614606e+00	-1.402263e-01
9.640000e-01	-1.737219e+00	1.691350e+00	-3.754992e+00	-3.614716e+00	-1.402768e-01
9.650000e-01	-1.737195e+00	1.691322e+00	-3.754846e+00	-3.614618e+00	-1.402283e-01
9.660000e-01	-1.737223e+00	1.691351e+00	-3.755002e+00	-3.614724e+00	-1.402782e-01
9.670000e-01	-1.737194e+00	1.691321e+00	-3.754840e+00	-3.614614e+00	-1.402263e-01
9.680000e-01	-1.737220e+00	1.691350e+00	-3.754995e+00	-3.614717e+00	-1.402776e-01
9.690000e-01	-1.737195e+00	1.691324e+00	-3.754847e+00	-3.614619e+00	-1.402283e-01
9.700000e-01	-1.737219e+00	1.691350e+00	-3.754992e+00	-3.614715e+00	-1.402767e-01
9.710000e-01	-1.737193e+00	1.691323e+00	-3.754842e+00	-3.614614e+00	-1.402276e-01
9.720000e-01	-1.737215e+00	1.691348e+00	-3.754983e+00	-3.614707e+00	-1.402763e-01
9.730000e-01	-1.737186e+00	1.691317e+00	-3.754829e+00	-3.614601e+00	-1.402283e-01
9.740000e-01	-1.737209e+00	1.691342e+00	-3.754975e+00	-3.614696e+00	-1.402786e-01
9.750000e-01	-1.737182e+00	1.691314e+00	-3.754823e+00	-3.614593e+00	-1.402291e-01
9.760000e-01	-1.737203e+00	1.691338e+00	-3.754957e+00	-3.614681e+00	-1.402755e-01
9.770000e-01	-1.737171e+00	1.691305e+00	-3.754798e+00	-3.614570e+00	-1.402281e-01
9.780000e-01	-1.737196e+00	1.691333e+00	-3.754946e+00	-3.614669e+00	-1.402769e-01
9.790000e-01	-1.737170e+00	1.691306e+00	-3.754796e+00	-3.614568e+00	-1.402274e-01
9.800000e-01	-1.737198e+00	1.691336e+00	-3.754948e+00	-3.614672e+00	-1.402765e-01
9.810000e-01	-1.737172e+00	1.691307e+00	-3.754801e+00	-3.614572e+00	-1.402282e-01
9.820000e-01	-1.737193e+00	1.691331e+00	-3.754937e+00	-3.614661e+00	-1.402758e-01
9.830000e-01	-1.737166e+00	1.691302e+00	-3.754790e+00	-3.614561e+00	-1.402289e-01
9.840000e-01	-1.737197e+00	1.691335e+00	-3.754955e+00	-3.614675e+00	-1.402804e-01
9.850000e-01	-1.737174e+00	1.691309e+00	-3.754806e+00	-3.614577e+00	-1.402290e-01
9.860000e-01	-1.737203e+00	1.691339e+00	-3.754964e+00	-3.614684e+00	-1.402793e-01
9.870000e-01	-1.737177e+00	1.691312e+00	-3.754812e+00	-3.614583e+00	-1.402287e-01
9.880000e-01	-1.737206e+00	1.691344e+00	-3.754971e+00	-3.614692e+00	-1.402793e-01
9.890000e-01	-1.737182e+00	1.691315e+00	-3.754826e+00	-3.614595e+00	-1.402307e-01
9.900000e-01	-1.737216e+00	1.691350e+00	-3.754995e+00	-3.614713e+00	-1.402819e-01
9.910000e-01	-1.737187e+00	1.691318e+00	-3.754831e+00	-3.614603e+00	-1.402288e-01
9.920000e-01	-1.737216e+00	1.691351e+00	-3.754995e+00	-3.614714e+00	-1.402811e-01
9.930000e-01	-1.737191e+00	1.691323e+00	-3.754841e+00	-3.614612e+00	-1.402293e-01
9.940000e-01	-1.737224e+00	1.691357e+00	-3.755008e+00	-3.614728e+00	-1.402804e-01
9.950000e-01	-1.737199e+00	1.691329e+00	-3.754853e+00	-3.614625e+00	-1.402280e-01
9.960000e-01	-1.737231e+00	1.691366e+00	-3.755021e+00	-3.614742e+00	-1.402794e-01
9.970000e-01	-1.737199e+00	1.691330e+00	-3.754847e+00	-3.614622e+00	-1.402248e-01
9.980000e-01	-1.737229e+00	1.691362e+00	-3.755019e+00	-3.614738e+00	-1.402806e-01
9.990000e-01	-1.737204e+00	1.691334e+00	-3.754863e+00	-3.614635e+00	-1.402275e-01
1.000000e+00	-1.737233e+00	1.691368e+00	-3.755021e+00	-3.614743e+00	-1.402773e-01
